ChipID	Half	Layer0	Layer1	Layer2	Layer3	Layer4	Layer5	Layer6	Layer7	Layer8	Peff(%)
344	h0	0.952	0.573	0.435	1	1	0.56	0.214	0.733	0.188	0.0
345	h0	1.0	0.655	0.455	1	1	0.583	0.214	0.733	0.188	0.0
346	h0	1.0	0.668	0.375	1	1	0.373	0.214	0.75	0.123	0.0
347	h0	0.667	0.955	0.696	1	1	0.72	0.786	0.8	0.812	14.26
348	h0	0.7	0.95	0.727	1	1	0.75	0.786	0.8	0.812	16.2
349	h0	0.7	0.859	0.601	1	1	0.567	0.786	0.75	0.534	3.45
350	h0	0.952	0.668	0.696	1	1	0.72	0.786	0.8	0.75	13.15
351	h0	1.0	0.7	0.783	1	1	0.75	0.786	0.8	0.688	15.56
352	h0	1.0	0.668	0.676	1	1	0.603	0.786	0.75	0.493	4.23
353	h0	0.571	0.477	0.957	1	1	0.72	0.714	0.0	0.0	0.0
354	h0	0.648	0.5	1.0	1	1	0.75	0.714	0.0	0.0	0.0
355	h0	0.7	0.477	0.826	1	1	0.42	0.714	0.0	0.0	0.0
392	h0	0.762	0.955	0.957	1	1	0.72	0.786	0.8	0.812	20.79
393	h0	0.8	1.0	1.0	1	1	0.75	0.786	0.8	0.812	24.88
394	h0	0.8	1.0	1.0	1	1	0.75	0.786	0.75	0.705	12.99
395	h0	0.8	1.0	1.0	1	1	0.63	0.251	0.0	0.271	0.0
396	h0	0.952	0.668	0.696	1	1	0.96	0.786	0.867	0.812	19.09
397	h0	1.0	0.7	0.727	1	1	1.0	0.786	0.867	0.812	22.87
398	h0	1.0	0.7	0.727	1	1	1.0	0.786	0.867	0.812	22.87
399	h0	1.0	0.7	0.727	1	1	0.84	0.786	0.785	0.441	4.72
400	h0	1.0	0.655	0.818	1	1	0.75	0.772	0.933	0.875	20.56
401	h0	1.0	0.7	0.818	1	1	0.75	0.786	0.933	0.875	22.38
402	h0	1.0	0.7	0.818	1	1	0.75	0.786	0.933	0.875	22.38
403	h0	1.0	0.6	0.818	1	1	0.69	0.62	0.671	0.3	1.37
404	h0	0.7	0.7	0.727	1	1	0.833	0.786	0.933	0.812	14.35
405	h0	0.7	0.7	0.727	1	1	0.833	0.786	0.933	0.812	14.35
406	h0	0.7	0.7	0.727	1	1	0.833	0.786	0.933	0.812	14.35
407	h0	0.7	0.7	0.704	1	1	0.433	0.668	0.7	0.305	0.62
408	h0	0.8	1.0	0.727	1	1	1.0	0.786	0.933	0.812	30.3
409	h0	0.8	1.0	0.727	1	1	1.0	0.786	0.933	0.812	30.3
410	h0	0.8	1.0	0.727	1	1	1.0	0.786	0.933	0.812	30.3
411	h0	0.8	1.0	0.727	1	1	0.52	0.705	0.7	0.348	1.64
412	h0	1.0	0.7	1.0	1	1	0.75	0.786	0.933	0.812	25.38
413	h0	1.0	0.7	1.0	1	1	0.75	0.786	0.933	0.812	25.38
414	h0	1.0	0.7	1.0	1	1	0.75	0.786	0.933	0.812	25.38
415	h0	1.0	0.7	1.0	1	1	0.36	0.668	0.671	0.286	0.89
416	h0	0.652	0.645	0.711	1	1	0.75	0.786	0.933	0.804	10.74
417	h0	0.7	0.7	0.727	1	1	0.75	0.786	0.933	0.812	12.92
418	h0	0.7	0.7	0.727	1	1	0.75	0.786	0.933	0.812	12.92
419	h0	0.541	0.664	0.368	1	1	0.697	0.634	0.642	0.493	0.66
420	h0	0.667	0.668	0.783	1	1	0.88	0.786	0.867	0.875	14.86
421	h0	0.7	0.7	0.818	1	1	0.917	0.786	0.867	0.875	17.8
422	h0	0.7	0.7	0.818	1	1	0.917	0.786	0.867	0.875	17.8
423	h0	0.7	0.7	0.818	1	1	0.77	0.652	0.785	0.475	3.05
424	h0	0.762	0.955	0.783	1	1	0.72	0.786	0.8	0.875	18.33
425	h0	0.8	1.0	0.767	1	1	0.75	0.786	0.8	0.875	20.56
426	h0	0.8	1.0	0.664	1	1	0.75	0.786	0.75	0.575	6.71
427	h0	0.8	1.0	0.364	1	1	0.63	0.051	0.0	0.0	0.0
448	h0	0.667	0.764	0.696	1	1	0.8	0.786	0.867	0.812	12.75
449	h0	0.7	0.8	0.727	1	1	0.833	0.786	0.867	0.812	15.24
450	h0	0.7	0.8	0.727	1	1	0.833	0.786	0.867	0.812	15.24
451	h0	0.7	0.8	0.727	1	1	0.833	0.786	0.785	0.784	9.74
452	h0	0.35	0.364	0.19	1	1	0.833	0.025	0.0	0.321	0.0
453	h0	0.762	0.955	0.957	1	1	0.72	0.668	0.867	0.875	20.63
454	h0	0.8	1.0	1.0	1	1	0.75	0.786	0.867	0.875	29.05
455	h0	0.8	1.0	1.0	1	1	0.75	0.786	0.867	0.875	29.05
456	h0	0.8	1.0	1.0	1	1	0.75	0.786	0.785	0.875	26.3
457	h0	0.4	0.455	0.261	1	1	0.75	0.175	0.0	0.375	0.0
458	h0	0.762	0.955	0.696	1	1	0.72	0.786	0.867	0.812	16.39
459	h0	0.8	1.0	0.727	1	1	0.75	0.786	0.867	0.812	19.6
460	h0	0.8	1.0	0.727	1	1	0.75	0.786	0.867	0.812	19.6
461	h0	0.8	1.0	0.727	1	1	0.75	0.786	0.785	0.812	17.75
462	h0	0.4	0.455	0.19	1	1	0.75	0.051	0.0	0.348	0.0
463	h0	0.952	0.668	0.957	1	1	0.88	0.786	0.867	0.812	24.06
464	h0	1.0	0.7	1.0	1	1	0.917	0.786	0.867	0.812	28.84
465	h0	1.0	0.7	1.0	1	1	0.917	0.786	0.867	0.812	28.84
466	h0	1.0	0.7	1.0	1	1	0.917	0.786	0.785	0.47	10.46
467	h0	0.5	0.318	0.261	1	1	0.917	0.051	0.0	0.027	0.0
812	h1	0.952	0.668	0.522	1	1	0.64	0.214	0.8	0.25	0.0
813	h1	1.0	0.7	0.545	1	1	0.667	0.214	0.8	0.25	0.0
814	h1	1.0	0.668	0.474	1	1	0.4	0.214	0.75	0.164	0.0
815	h1	0.667	0.859	0.747	1	1	0.72	0.786	0.775	0.812	12.97
816	h1	0.7	0.9	0.818	1	1	0.75	0.786	0.867	0.812	18.71
817	h1	0.7	0.859	0.735	1	1	0.617	0.786	0.812	0.557	5.42
818	h1	0.952	0.764	0.696	1	1	0.72	0.783	0.71	0.688	11.86
819	h1	1.0	0.8	0.727	1	1	0.75	0.786	0.733	0.688	15.13
820	h1	1.0	0.764	0.632	1	1	0.583	0.786	0.688	0.471	4.01
821	h1	0.571	0.477	0.957	1	1	0.64	0.714	0.0	0.0	0.0
822	h1	0.648	0.5	1.0	1	1	0.667	0.714	0.0	0.0	0.0
823	h1	0.7	0.477	0.87	1	1	0.4	0.714	0.0	0.0	0.0
860	h1	0.667	0.955	0.957	1	1	0.72	0.779	0.84	0.812	18.42
861	h1	0.7	1.0	1.0	1	1	0.75	0.786	0.867	0.812	23.59
862	h1	0.7	1.0	1.0	1	1	0.75	0.786	0.812	0.705	12.8
863	h1	0.7	1.0	1.0	1	1	0.63	0.251	0.0	0.286	0.0
864	h1	0.952	0.668	0.696	1	1	0.96	0.76	0.84	0.812	17.4
865	h1	1.0	0.655	0.727	1	1	1.0	0.786	0.867	0.812	21.4
866	h1	1.0	0.609	0.727	1	1	1.0	0.786	0.867	0.812	19.89
867	h1	1.0	0.7	0.727	1	1	0.84	0.786	0.785	0.441	4.99
868	h1	1.0	0.655	0.909	1	1	0.75	0.765	0.933	0.812	21.01
869	h1	1.0	0.7	0.909	1	1	0.75	0.786	0.933	0.812	23.07
870	h1	1.0	0.7	0.909	1	1	0.75	0.786	0.933	0.812	23.07
871	h1	1.0	0.609	0.909	1	1	0.69	0.62	0.671	0.279	1.53
872	h1	0.7	0.7	0.727	1	1	0.75	0.786	0.933	0.812	12.92
873	h1	0.7	0.7	0.727	1	1	0.75	0.786	0.933	0.812	12.92
874	h1	0.7	0.7	0.727	1	1	0.75	0.786	0.933	0.812	12.92
875	h1	0.7	0.7	0.715	1	1	0.39	0.668	0.7	0.309	0.62
876	h1	0.7	1.0	0.727	1	1	1.0	0.786	0.933	0.812	26.52
877	h1	0.7	1.0	0.727	1	1	1.0	0.786	0.933	0.812	26.52
878	h1	0.7	1.0	0.727	1	1	1.0	0.786	0.933	0.812	26.52
879	h1	0.7	1.0	0.727	1	1	0.56	0.705	0.7	0.341	1.52
880	h1	1.0	0.7	1.0	1	1	0.75	0.786	0.933	0.812	25.38
881	h1	1.0	0.7	1.0	1	1	0.75	0.786	0.867	0.812	23.59
882	h1	1.0	0.7	1.0	1	1	0.75	0.786	0.867	0.812	23.59
883	h1	1.0	0.7	1.0	1	1	0.39	0.673	0.65	0.273	0.97
884	h1	0.652	0.618	0.727	1	1	0.75	0.786	0.867	0.804	9.77
885	h1	0.7	0.7	0.727	1	1	0.75	0.786	0.867	0.812	12.0
886	h1	0.7	0.7	0.727	1	1	0.75	0.786	0.867	0.812	12.0
887	h1	0.564	0.664	0.348	1	1	0.71	0.654	0.596	0.493	0.68
888	h1	0.667	0.668	0.87	1	1	0.96	0.786	0.775	0.875	15.67
889	h1	0.7	0.7	0.909	1	1	1.0	0.786	0.8	0.875	19.9
890	h1	0.7	0.7	0.909	1	1	1.0	0.786	0.8	0.875	19.9
891	h1	0.7	0.7	0.909	1	1	0.84	0.652	0.725	0.475	3.6
892	h1	0.762	0.955	0.696	1	1	0.72	0.786	0.775	0.812	14.25
893	h1	0.757	1.0	0.727	1	1	0.75	0.786	0.8	0.812	17.11
894	h1	0.7	1.0	0.668	1	1	0.75	0.786	0.75	0.534	5.73
895	h1	0.7	1.0	0.273	1	1	0.63	0.051	0.0	0.0	0.0
916	h1	0.667	0.764	0.696	1	1	0.88	0.76	0.904	0.812	13.76
917	h1	0.7	0.85	0.727	1	1	0.917	0.786	0.933	0.812	19.18
918	h1	0.7	0.895	0.727	1	1	0.917	0.786	0.933	0.812	20.19
919	h1	0.7	0.805	0.727	1	1	0.917	0.786	0.846	0.786	11.9
920	h1	0.382	0.364	0.221	1	1	0.917	0.051	0.0	0.321	0.0
921	h1	0.762	0.955	0.87	1	1	0.72	0.636	0.904	0.875	18.12
922	h1	0.8	1.0	0.909	1	1	0.75	0.786	0.933	0.875	28.42
923	h1	0.8	1.0	0.909	1	1	0.75	0.786	0.933	0.875	28.42
924	h1	0.7	1.0	0.909	1	1	0.75	0.786	0.846	0.875	22.55
925	h1	0.382	0.455	0.277	1	1	0.75	0.175	0.0	0.375	0.0
926	h1	0.727	0.955	0.696	1	1	0.72	0.786	0.867	0.812	15.21
927	h1	0.7	1.0	0.727	1	1	0.75	0.786	0.867	0.812	17.15
928	h1	0.7	1.0	0.727	1	1	0.75	0.786	0.867	0.812	17.15
929	h1	0.7	1.0	0.727	1	1	0.75	0.786	0.785	0.812	15.53
930	h1	0.382	0.455	0.221	1	1	0.75	0.051	0.0	0.348	0.0
931	h1	0.909	0.668	0.87	1	1	0.88	0.786	0.8	0.812	18.75
932	h1	1.0	0.7	0.909	1	1	0.917	0.786	0.8	0.812	24.19
933	h1	1.0	0.7	0.909	1	1	0.917	0.786	0.8	0.812	24.19
934	h1	1.0	0.7	0.909	1	1	0.833	0.786	0.725	0.47	8.18
935	h1	0.545	0.318	0.277	1	1	0.833	0.051	0.0	0.027	0.0
