 ChipID Half  Layer0  Layer1  Layer2  Layer3   Layer4   Layer5  Layer6   Layer7  Layer8  Pseaudo_Eff
    332   h0       1       1   0.950       1 0.668182 0.867769       1 0.742706       1     0.409109
    333   h0       1       1   1.000       1 0.700000 0.909091       1 0.769231       1     0.489510
    334   h0       1       1   1.000       1 0.700000 0.867769       1 0.769231       1     0.467260
    335   h0       1       1   0.665       1 0.668182 0.867769       1 0.742706       1     0.286376
    336   h0       1       1   0.700       1 0.700000 0.909091       1 0.769231       1     0.342657
    337   h0       1       1   0.700       1 0.700000 0.909091       1 0.769231       1     0.342657
    338   h0       1       1   0.665       1 0.954545 0.661157       1 0.891247       1     0.374042
    339   h0       1       1   0.700       1 1.000000 0.727273       1 0.923077       1     0.469930
    340   h0       1       1   0.700       1 1.000000 0.727273       1 0.923077       1     0.469930
    341   h0       1       1   0.950       1 0.668182 0.665289       1 0.965517       1     0.407745
    342   h0       1       1   1.000       1 0.700000 0.727273       1 1.000000       1     0.509091
    343   h0       1       1   1.000       1 0.677273 0.723140       1 1.000000       1     0.489763
    356   h0       1       1   0.665       1 0.954545 0.694215       1 0.742706       1     0.327287
    357   h0       1       1   0.700       1 1.000000 0.727273       1 0.769231       1     0.391608
    358   h0       1       1   0.700       1 1.000000 0.727273       1 0.769231       1     0.391608
    359   h0       1       1   0.700       1 1.000000 0.727273       1 0.315650       1     0.160694
    360   h0       1       1   0.950       1 0.668182 0.780992       1 0.816976       1     0.405018
    361   h0       1       1   1.000       1 0.700000 0.818182       1 0.846154       1     0.484615
    362   h0       1       1   1.000       1 0.700000 0.818182       1 0.846154       1     0.484615
    363   h0       1       1   1.000       1 0.700000 0.818182       1 0.846154       1     0.484615
    364   h0       1       1   0.675       1 0.604545 0.710744       1 0.859416       1     0.249258
    365   h0       1       1   0.900       1 0.700000 0.727273       1 0.923077       1     0.422937
    366   h0       1       1   0.900       1 0.700000 0.727273       1 0.923077       1     0.422937
    367   h0       1       1   0.900       1 0.700000 0.727273       1 0.923077       1     0.422937
    368   h0       1       1   0.700       1 0.700000 1.000000       1 0.769231       1     0.376923
    369   h0       1       1   0.700       1 0.700000 1.000000       1 0.769231       1     0.376923
    370   h0       1       1   0.700       1 0.700000 1.000000       1 0.769231       1     0.376923
    371   h0       1       1   0.700       1 0.700000 1.000000       1 0.769231       1     0.376923
    372   h0       1       1   1.000       1 1.000000 0.727273       1 0.769231       1     0.559441
    373   h0       1       1   1.000       1 1.000000 0.727273       1 0.769231       1     0.559441
    374   h0       1       1   1.000       1 1.000000 0.727273       1 0.769231       1     0.559441
    375   h0       1       1   1.000       1 1.000000 0.727273       1 0.769231       1     0.559441
    376   h0       1       1   0.700       1 0.800000 0.727273       1 0.769231       1     0.313287
    377   h0       1       1   0.700       1 0.800000 0.727273       1 0.769231       1     0.313287
    378   h0       1       1   0.700       1 0.800000 0.727273       1 0.769231       1     0.313287
    379   h0       1       1   0.700       1 0.800000 0.727273       1 0.769231       1     0.313287
    380   h0       1       1   0.610       1 0.663636 1.000000       1 0.702918       1     0.284554
    381   h0       1       1   0.700       1 0.700000 1.000000       1 0.769231       1     0.376923
    382   h0       1       1   0.700       1 0.700000 1.000000       1 0.769231       1     0.376923
    383   h0       1       1   0.690       1 0.700000 1.000000       1 0.769231       1     0.371538
    384   h0       1       1   0.760       1 0.668182 0.780992       1 0.742706       1     0.294558
    385   h0       1       1   0.800       1 0.700000 0.818182       1 0.769231       1     0.352448
    386   h0       1       1   0.800       1 0.700000 0.818182       1 0.769231       1     0.352448
    387   h0       1       1   0.800       1 0.700000 0.818182       1 0.769231       1     0.352448
    388   h0       1       1   0.950       1 0.859091 0.909091       1 0.816976       1     0.606149
    389   h0       1       1   1.000       1 0.900000 1.000000       1 0.846154       1     0.761538
    390   h0       1       1   1.000       1 0.900000 1.000000       1 0.846154       1     0.761538
    391   h0       1       1   1.000       1 0.900000 1.000000       1 0.846154       1     0.761538
    428   h0       1       1   0.665       1 0.668182 0.954545       1 0.891247       1     0.378017
    429   h0       1       1   0.700       1 0.700000 1.000000       1 0.923077       1     0.452308
    430   h0       1       1   0.700       1 0.700000 1.000000       1 0.923077       1     0.452308
    431   h0       1       1   0.700       1 0.700000 1.000000       1 0.923077       1     0.452308
    432   h0       1       1   0.595       1 0.700000 1.000000       1 0.381963       1     0.159088
    433   h0       1       1   0.855       1 0.954545 0.694215       1 0.965517       1     0.547037
    434   h0       1       1   0.900       1 1.000000 0.727273       1 1.000000       1     0.654545
    435   h0       1       1   0.900       1 1.000000 0.727273       1 1.000000       1     0.654545
    436   h0       1       1   0.900       1 1.000000 0.727273       1 1.000000       1     0.654545
    437   h0       1       1   0.765       1 1.000000 0.727273       1 0.413793       1     0.230219
    438   h0       1       1   0.950       1 0.954545 0.780992       1 0.456233       1     0.323112
    439   h0       1       1   1.000       1 1.000000 0.818182       1 0.769231       1     0.629371
    440   h0       1       1   1.000       1 1.000000 0.818182       1 0.769231       1     0.629371
    441   h0       1       1   1.000       1 1.000000 0.818182       1 0.769231       1     0.629371
    442   h0       1       1   0.850       1 1.000000 0.818182       1 0.588859       1     0.409525
    443   h0       1       1   0.665       1 0.859091 0.694215       1 0.742706       1     0.294558
    444   h0       1       1   0.700       1 0.900000 0.727273       1 0.769231       1     0.352448
    445   h0       1       1   0.700       1 0.900000 0.727273       1 0.769231       1     0.352448
    446   h0       1       1   0.700       1 0.900000 0.727273       1 0.769231       1     0.352448
    447   h0       1       1   0.595       1 0.900000 0.727273       1 0.318302       1     0.123964
    800   h1       1       1   1.000       1 0.700000 0.909091       1 0.769231       1     0.489510
    801   h1       1       1   1.000       1 0.700000 0.859504       1 0.769231       1     0.462810
    802   h1       1       1   1.000       1 0.690909 0.743802       1 0.769231       1     0.395307
    803   h1       1       1   0.670       1 0.800000 1.000000       1 0.769231       1     0.412308
    804   h1       1       1   0.700       1 0.800000 1.000000       1 0.769231       1     0.430769
    805   h1       1       1   0.700       1 0.800000 1.000000       1 0.769231       1     0.430769
    806   h1       1       1   0.700       1 0.900000 0.818182       1 1.000000       1     0.515455
    807   h1       1       1   0.700       1 0.900000 0.768595       1 1.000000       1     0.484215
    808   h1       1       1   0.700       1 0.900000 0.739669       1 1.000000       1     0.465992
    809   h1       1       1   1.000       1 0.700000 0.727273       1 0.923077       1     0.469930
    810   h1       1       1   1.000       1 0.700000 0.677686       1 0.923077       1     0.437889
    811   h1       1       1   1.000       1 0.681818 0.636364       1 0.923077       1     0.400509
    824   h1       1       1   0.665       1 1.000000 0.727273       1 0.769231       1     0.372028
    825   h1       1       1   0.700       1 1.000000 0.727273       1 0.769231       1     0.391608
    826   h1       1       1   0.700       1 1.000000 0.727273       1 0.769231       1     0.391608
    827   h1       1       1   0.700       1 1.000000 0.727273       1 0.238727       1     0.121534
    828   h1       1       1   0.950       1 0.700000 0.727273       1 0.846154       1     0.409231
    829   h1       1       1   1.000       1 0.700000 0.727273       1 0.846154       1     0.430769
    830   h1       1       1   1.000       1 0.700000 0.727273       1 0.846154       1     0.430769
    831   h1       1       1   1.000       1 0.700000 0.727273       1 0.846154       1     0.430769
    832   h1       1       1   0.720       1 0.604545 0.702479       1 0.816976       1     0.249807
    833   h1       1       1   0.900       1 0.700000 0.727273       1 0.846154       1     0.387692
    834   h1       1       1   0.900       1 0.700000 0.727273       1 0.846154       1     0.387692
    835   h1       1       1   0.900       1 0.700000 0.727273       1 0.846154       1     0.387692
    836   h1       1       1   0.700       1 0.700000 1.000000       1 0.769231       1     0.376923
    837   h1       1       1   0.700       1 0.700000 1.000000       1 0.769231       1     0.376923
    838   h1       1       1   0.700       1 0.700000 1.000000       1 0.769231       1     0.376923
    839   h1       1       1   0.700       1 0.700000 1.000000       1 0.769231       1     0.376923
    840   h1       1       1   1.000       1 1.000000 0.818182       1 0.769231       1     0.629371
    841   h1       1       1   1.000       1 1.000000 0.818182       1 0.769231       1     0.629371
    842   h1       1       1   1.000       1 1.000000 0.818182       1 0.769231       1     0.629371
    843   h1       1       1   1.000       1 1.000000 0.818182       1 0.769231       1     0.629371
    844   h1       1       1   0.700       1 0.700000 0.727273       1 0.769231       1     0.274126
    845   h1       1       1   0.700       1 0.700000 0.727273       1 0.769231       1     0.274126
    846   h1       1       1   0.700       1 0.700000 0.727273       1 0.769231       1     0.274126
    847   h1       1       1   0.700       1 0.700000 0.727273       1 0.769231       1     0.274126
    848   h1       1       1   0.640       1 0.677273 0.909091       1 0.702918       1     0.276984
    849   h1       1       1   0.700       1 0.700000 0.909091       1 0.769231       1     0.342657
    850   h1       1       1   0.700       1 0.700000 0.909091       1 0.769231       1     0.342657
    851   h1       1       1   0.685       1 0.700000 0.909091       1 0.769231       1     0.335315
    852   h1       1       1   0.800       1 0.700000 0.727273       1 0.769231       1     0.313287
    853   h1       1       1   0.800       1 0.700000 0.727273       1 0.769231       1     0.313287
    854   h1       1       1   0.800       1 0.700000 0.727273       1 0.769231       1     0.313287
    855   h1       1       1   0.800       1 0.700000 0.727273       1 0.769231       1     0.313287
    856   h1       1       1   1.000       1 0.900000 1.000000       1 0.923077       1     0.830769
    857   h1       1       1   1.000       1 0.900000 1.000000       1 0.923077       1     0.830769
    858   h1       1       1   1.000       1 0.900000 1.000000       1 0.923077       1     0.830769
    859   h1       1       1   1.000       1 0.900000 1.000000       1 0.923077       1     0.830769
    896   h1       1       1   0.685       1 0.700000 1.000000       1 1.000000       1     0.479500
    897   h1       1       1   0.700       1 0.700000 1.000000       1 1.000000       1     0.490000
    898   h1       1       1   0.700       1 0.700000 1.000000       1 1.000000       1     0.490000
    899   h1       1       1   0.700       1 0.700000 1.000000       1 1.000000       1     0.490000
    900   h1       1       1   0.560       1 0.700000 1.000000       1 0.448276       1     0.175724
    901   h1       1       1   0.900       1 1.000000 0.727273       1 1.000000       1     0.654545
    902   h1       1       1   0.900       1 1.000000 0.727273       1 1.000000       1     0.654545
    903   h1       1       1   0.900       1 1.000000 0.727273       1 0.923077       1     0.604196
    904   h1       1       1   0.900       1 1.000000 0.727273       1 0.923077       1     0.604196
    905   h1       1       1   0.720       1 1.000000 0.727273       1 0.381963       1     0.200010
    906   h1       1       1   1.000       1 1.000000 0.909091       1 0.435013       1     0.395467
    907   h1       1       1   1.000       1 1.000000 0.909091       1 0.769231       1     0.699301
    908   h1       1       1   1.000       1 1.000000 0.909091       1 0.769231       1     0.699301
    909   h1       1       1   1.000       1 1.000000 0.909091       1 0.769231       1     0.699301
    910   h1       1       1   0.800       1 1.000000 0.909091       1 0.641910       1     0.466844
    911   h1       1       1   0.700       1 0.800000 0.727273       1 0.769231       1     0.313287
    912   h1       1       1   0.700       1 0.800000 0.727273       1 0.769231       1     0.313287
    913   h1       1       1   0.700       1 0.800000 0.727273       1 0.769231       1     0.313287
    914   h1       1       1   0.700       1 0.800000 0.727273       1 0.769231       1     0.313287
    915   h1       1       1   0.560       1 0.800000 0.727273       1 0.339523       1     0.110623