 ChipID Half   Layer0  Layer1  Layer2  Layer3   Layer4   Layer5  Layer6   Layer7  Layer8  Pseaudo_Eff
    344   h0 0.631579       1       1       1 0.954545 0.668182       1 0.846154       1     0.340854
    345   h0 0.666667       1       1       1 1.000000 0.700000       1 0.846154       1     0.394872
    346   h0 0.666667       1       1       1 1.000000 0.700000       1 0.846154       1     0.394872
    347   h0 0.842105       1       1       1 0.668182 0.859091       1 0.769231       1     0.371841
    348   h0 0.888889       1       1       1 0.700000 0.900000       1 0.769231       1     0.430769
    349   h0 0.888889       1       1       1 0.700000 0.900000       1 0.769231       1     0.430769
    350   h0 0.631579       1       1       1 0.954545 0.727273       1 0.769231       1     0.337270
    351   h0 0.666667       1       1       1 1.000000 0.800000       1 0.769231       1     0.410256
    352   h0 0.666667       1       1       1 1.000000 0.800000       1 0.769231       1     0.410256
    353   h0 0.947368       1       1       1 0.668182 0.645455       1 0.923077       1     0.377153
    354   h0 1.000000       1       1       1 0.700000 0.700000       1 0.923077       1     0.452308
    355   h0 1.000000       1       1       1 0.668182 0.700000       1 0.923077       1     0.431748
    392   h0 0.842105       1       1       1 0.668182 0.954545       1 0.769231       1     0.413156
    393   h0 0.888889       1       1       1 0.700000 1.000000       1 0.769231       1     0.478632
    394   h0 0.888889       1       1       1 0.700000 1.000000       1 0.769231       1     0.478632
    395   h0 0.888889       1       1       1 0.700000 1.000000       1 0.675824       1     0.420513
    396   h0 0.631579       1       1       1 0.954545 0.668182       1 0.769231       1     0.309867
    397   h0 0.666667       1       1       1 1.000000 0.700000       1 0.769231       1     0.358974
    398   h0 0.666667       1       1       1 1.000000 0.700000       1 0.769231       1     0.358974
    399   h0 0.666667       1       1       1 1.000000 0.700000       1 0.769231       1     0.358974
    400   h0 0.789474       1       1       1 0.954545 0.654545       1 0.769231       1     0.379429
    401   h0 1.000000       1       1       1 1.000000 0.700000       1 0.769231       1     0.538462
    402   h0 1.000000       1       1       1 1.000000 0.700000       1 0.769231       1     0.538462
    403   h0 1.000000       1       1       1 1.000000 0.700000       1 0.769231       1     0.538462
    404   h0 0.736842       1       1       1 0.700000 0.700000       1 0.923077       1     0.333279
    405   h0 0.777778       1       1       1 0.700000 0.700000       1 0.923077       1     0.351795
    406   h0 0.777778       1       1       1 0.700000 0.700000       1 0.923077       1     0.351795
    407   h0 0.777778       1       1       1 0.700000 0.700000       1 0.923077       1     0.351795
    408   h0 0.736842       1       1       1 0.700000 1.000000       1 1.000000       1     0.515789
    409   h0 0.777778       1       1       1 0.700000 1.000000       1 1.000000       1     0.544444
    410   h0 0.777778       1       1       1 0.700000 1.000000       1 1.000000       1     0.544444
    411   h0 0.777778       1       1       1 0.700000 1.000000       1 1.000000       1     0.544444
    412   h0 0.947368       1       1       1 1.000000 0.700000       1 0.923077       1     0.612146
    413   h0 1.000000       1       1       1 1.000000 0.700000       1 0.923077       1     0.646154
    414   h0 1.000000       1       1       1 1.000000 0.700000       1 0.923077       1     0.646154
    415   h0 1.000000       1       1       1 1.000000 0.700000       1 0.923077       1     0.646154
    416   h0 0.502924       1       1       1 0.677273 0.618182       1 0.769231       1     0.161972
    417   h0 0.666667       1       1       1 0.700000 0.700000       1 0.769231       1     0.251282
    418   h0 0.666667       1       1       1 0.700000 0.700000       1 0.769231       1     0.251282
    419   h0 0.666667       1       1       1 0.700000 0.700000       1 0.769231       1     0.251282
    420   h0 0.842105       1       1       1 0.668182 0.659091       1 0.769231       1     0.285275
    421   h0 0.888889       1       1       1 0.700000 0.700000       1 0.769231       1     0.335043
    422   h0 0.888889       1       1       1 0.700000 0.700000       1 0.769231       1     0.335043
    423   h0 0.888889       1       1       1 0.700000 0.700000       1 0.769231       1     0.335043
    424   h0 0.842105       1       1       1 0.668182 0.909091       1 0.769231       1     0.393482
    425   h0 0.888889       1       1       1 0.700000 1.000000       1 0.769231       1     0.478632
    426   h0 0.888889       1       1       1 0.700000 1.000000       1 0.769231       1     0.478632
    427   h0 0.888889       1       1       1 0.700000 1.000000       1 0.675824       1     0.420513
    448   h0 0.947368       1       1       1 0.668182 0.763636       1 0.769231       1     0.371841
    449   h0 1.000000       1       1       1 0.700000 0.800000       1 0.769231       1     0.430769
    450   h0 1.000000       1       1       1 0.700000 0.800000       1 0.769231       1     0.430769
    451   h0 1.000000       1       1       1 0.700000 0.800000       1 0.769231       1     0.430769
    452   h0 1.000000       1       1       1 0.700000 0.800000       1 0.384615       1     0.215385
    453   h0 0.210526       1       1       1 0.668182 0.954545       1 0.642857       1     0.086320
    454   h0 0.619883       1       1       1 0.700000 1.000000       1 0.769231       1     0.333783
    455   h0 0.666667       1       1       1 0.700000 1.000000       1 0.769231       1     0.358974
    456   h0 0.666667       1       1       1 0.700000 1.000000       1 0.769231       1     0.358974
    457   h0 0.666667       1       1       1 0.700000 1.000000       1 0.461538       1     0.215385
    458   h0 0.947368       1       1       1 0.668182 0.954545       1 0.670330       1     0.405041
    459   h0 1.000000       1       1       1 0.700000 1.000000       1 0.769231       1     0.538462
    460   h0 1.000000       1       1       1 0.700000 1.000000       1 0.769231       1     0.538462
    461   h0 1.000000       1       1       1 0.700000 1.000000       1 0.769231       1     0.538462
    462   h0 1.000000       1       1       1 0.700000 1.000000       1 0.461538       1     0.323077
    463   h0 0.631579       1       1       1 0.954545 0.668182       1 0.769231       1     0.309867
    464   h0 0.666667       1       1       1 1.000000 0.700000       1 0.769231       1     0.358974
    465   h0 0.666667       1       1       1 1.000000 0.700000       1 0.769231       1     0.358974
    466   h0 0.666667       1       1       1 1.000000 0.700000       1 0.769231       1     0.358974
    467   h0 0.666667       1       1       1 1.000000 0.700000       1 0.384615       1     0.179487
    812   h1 0.596491       1       1       1 0.954545 0.800000       1 0.846154       1     0.385425
    813   h1 0.666667       1       1       1 1.000000 0.750000       1 0.846154       1     0.423077
    814   h1 0.666667       1       1       1 1.000000 0.686364       1 0.846154       1     0.387179
    815   h1 0.795322       1       1       1 0.668182 0.900000       1 0.769231       1     0.367906
    816   h1 0.888889       1       1       1 0.700000 0.900000       1 0.769231       1     0.430769
    817   h1 0.888889       1       1       1 0.700000 0.900000       1 0.769231       1     0.430769
    818   h1 0.596491       1       1       1 0.954545 0.800000       1 0.769231       1     0.350386
    819   h1 0.666667       1       1       1 1.000000 0.800000       1 0.769231       1     0.410256
    820   h1 0.666667       1       1       1 1.000000 0.800000       1 0.769231       1     0.410256
    821   h1 0.894737       1       1       1 0.668182 0.700000       1 0.923077       1     0.386301
    822   h1 1.000000       1       1       1 0.700000 0.650000       1 0.923077       1     0.420000
    823   h1 1.000000       1       1       1 0.700000 0.595455       1 0.923077       1     0.384755
    860   h1 0.795322       1       1       1 0.763636 1.000000       1 0.769231       1     0.467182
    861   h1 0.888889       1       1       1 0.800000 1.000000       1 0.769231       1     0.547009
    862   h1 0.888889       1       1       1 0.800000 1.000000       1 0.769231       1     0.547009
    863   h1 0.888889       1       1       1 0.800000 1.000000       1 0.620879       1     0.441514
    864   h1 0.596491       1       1       1 0.954545 0.700000       1 0.769231       1     0.306588
    865   h1 0.666667       1       1       1 1.000000 0.700000       1 0.769231       1     0.358974
    866   h1 0.666667       1       1       1 1.000000 0.700000       1 0.769231       1     0.358974
    867   h1 0.666667       1       1       1 1.000000 0.700000       1 0.769231       1     0.358974
    868   h1 0.842105       1       1       1 0.954545 0.677273       1 0.846154       1     0.460655
    869   h1 1.000000       1       1       1 1.000000 0.700000       1 0.846154       1     0.592308
    870   h1 1.000000       1       1       1 1.000000 0.700000       1 0.769231       1     0.538462
    871   h1 1.000000       1       1       1 1.000000 0.700000       1 0.846154       1     0.592308
    872   h1 0.596491       1       1       1 0.700000 0.700000       1 0.923077       1     0.269798
    873   h1 0.666667       1       1       1 0.700000 0.700000       1 0.923077       1     0.301538
    874   h1 0.666667       1       1       1 0.700000 0.700000       1 0.923077       1     0.301538
    875   h1 0.666667       1       1       1 0.700000 0.700000       1 0.923077       1     0.301538
    876   h1 0.695906       1       1       1 0.700000 1.000000       1 1.000000       1     0.487135
    877   h1 0.777778       1       1       1 0.700000 1.000000       1 1.000000       1     0.544444
    878   h1 0.777778       1       1       1 0.700000 1.000000       1 1.000000       1     0.544444
    879   h1 0.777778       1       1       1 0.700000 1.000000       1 1.000000       1     0.544444
    880   h1 0.894737       1       1       1 1.000000 0.700000       1 0.846154       1     0.529960
    881   h1 1.000000       1       1       1 1.000000 0.700000       1 0.846154       1     0.592308
    882   h1 1.000000       1       1       1 1.000000 0.700000       1 0.846154       1     0.592308
    883   h1 1.000000       1       1       1 1.000000 0.700000       1 0.846154       1     0.592308
    884   h1 0.479532       1       1       1 0.663636 0.618182       1 0.747253       1     0.147005
    885   h1 0.666667       1       1       1 0.700000 0.700000       1 0.769231       1     0.251282
    886   h1 0.666667       1       1       1 0.700000 0.700000       1 0.769231       1     0.251282
    887   h1 0.666667       1       1       1 0.700000 0.700000       1 0.769231       1     0.251282
    888   h1 0.947368       1       1       1 0.668182 0.600000       1 0.769231       1     0.292160
    889   h1 1.000000       1       1       1 0.700000 0.650000       1 0.769231       1     0.350000
    890   h1 1.000000       1       1       1 0.700000 0.695455       1 0.769231       1     0.374476
    891   h1 1.000000       1       1       1 0.700000 0.600000       1 0.769231       1     0.323077
    892   h1 0.695906       1       1       1 0.668182 1.000000       1 0.769231       1     0.357686
    893   h1 0.777778       1       1       1 0.700000 1.000000       1 0.769231       1     0.418803
    894   h1 0.777778       1       1       1 0.700000 1.000000       1 0.769231       1     0.418803
    895   h1 0.777778       1       1       1 0.700000 1.000000       1 0.670330       1     0.364957
    916   h1 0.894737       1       1       1 0.668182 0.800000       1 0.769231       1     0.367906
    917   h1 1.000000       1       1       1 0.700000 0.800000       1 0.769231       1     0.430769
    918   h1 1.000000       1       1       1 0.700000 0.800000       1 0.769231       1     0.430769
    919   h1 1.000000       1       1       1 0.700000 0.800000       1 0.769231       1     0.430769
    920   h1 1.000000       1       1       1 0.700000 0.800000       1 0.376374       1     0.210769
    921   h1 0.298246       1       1       1 0.763636 1.000000       1 0.706044       1     0.160802
    922   h1 0.631579       1       1       1 0.800000 1.000000       1 0.769231       1     0.388664
    923   h1 0.666667       1       1       1 0.800000 1.000000       1 0.769231       1     0.410256
    924   h1 0.666667       1       1       1 0.800000 1.000000       1 0.769231       1     0.410256
    925   h1 0.666667       1       1       1 0.800000 1.000000       1 0.398352       1     0.212454
    926   h1 0.894737       1       1       1 0.668182 1.000000       1 0.620879       1     0.371191
    927   h1 1.000000       1       1       1 0.700000 1.000000       1 0.769231       1     0.538462
    928   h1 1.000000       1       1       1 0.700000 1.000000       1 0.769231       1     0.538462
    929   h1 1.000000       1       1       1 0.700000 1.000000       1 0.769231       1     0.538462
    930   h1 1.000000       1       1       1 0.700000 1.000000       1 0.500000       1     0.350000
    931   h1 0.619883       1       1       1 0.954545 0.700000       1 0.769231       1     0.318611
    932   h1 0.666667       1       1       1 1.000000 0.700000       1 0.769231       1     0.358974
    933   h1 0.666667       1       1       1 1.000000 0.700000       1 0.769231       1     0.358974
    934   h1 0.666667       1       1       1 1.000000 0.700000       1 0.769231       1     0.358974
    935   h1 0.666667       1       1       1 1.000000 0.700000       1 0.370879       1     0.173077