 ChipID Half   Layer0  Layer1  Layer2  Layer3  Layer4   Layer5  Layer6  Layer7   Layer8  Pseaudo_Eff
    344   h0 0.631579       1   0.665       1       1 0.668182       1       1 0.785714     0.220500
    345   h0 0.666667       1   0.700       1       1 0.700000       1       1 0.785714     0.256667
    346   h0 0.666667       1   0.700       1       1 0.700000       1       1 0.785714     0.256667
    347   h0 0.842105       1   0.950       1       1 0.859091       1       1 0.714286     0.490909
    348   h0 0.888889       1   1.000       1       1 0.900000       1       1 0.714286     0.571429
    349   h0 0.888889       1   1.000       1       1 0.900000       1       1 0.783410     0.626728
    350   h0 0.631579       1   0.665       1       1 0.727273       1       1 0.785714     0.240000
    351   h0 0.666667       1   0.700       1       1 0.800000       1       1 0.785714     0.293333
    352   h0 0.666667       1   0.700       1       1 0.800000       1       1 0.785714     0.293333
    353   h0 0.947368       1   0.760       1       1 0.645455       1       1 0.857143     0.398338
    354   h0 1.000000       1   0.800       1       1 0.700000       1       1 0.785714     0.440000
    355   h0 1.000000       1   0.800       1       1 0.700000       1       1 0.785714     0.440000
    392   h0 0.842105       1   0.665       1       1 0.954545       1       1 0.857143     0.458182
    393   h0 0.888889       1   0.700       1       1 1.000000       1       1 0.857143     0.533333
    394   h0 0.888889       1   0.700       1       1 1.000000       1       1 0.790323     0.491756
    395   h0 0.888889       1   0.700       1       1 1.000000       1       1 0.785714     0.488889
    396   h0 0.631579       1   0.855       1       1 0.668182       1       1 0.785714     0.283500
    397   h0 0.666667       1   0.900       1       1 0.700000       1       1 0.785714     0.330000
    398   h0 0.666667       1   0.900       1       1 0.700000       1       1 0.785714     0.330000
    399   h0 0.666667       1   0.900       1       1 0.700000       1       1 0.785714     0.330000
    400   h0 0.789474       1   0.850       1       1 0.654545       1       1 0.721198     0.316775
    401   h0 1.000000       1   1.000       1       1 0.700000       1       1 0.785714     0.550000
    402   h0 1.000000       1   1.000       1       1 0.700000       1       1 0.785714     0.550000
    403   h0 1.000000       1   1.000       1       1 0.700000       1       1 0.769585     0.538710
    404   h0 0.736842       1   0.700       1       1 0.700000       1       1 0.767281     0.277029
    405   h0 0.777778       1   0.700       1       1 0.700000       1       1 0.785714     0.299444
    406   h0 0.777778       1   0.700       1       1 0.700000       1       1 0.785714     0.299444
    407   h0 0.777778       1   0.700       1       1 0.700000       1       1 0.785714     0.299444
    408   h0 0.736842       1   0.700       1       1 1.000000       1       1 0.767281     0.395756
    409   h0 0.777778       1   0.700       1       1 1.000000       1       1 0.785714     0.427778
    410   h0 0.777778       1   0.700       1       1 1.000000       1       1 0.785714     0.427778
    411   h0 0.777778       1   0.700       1       1 1.000000       1       1 0.785714     0.427778
    412   h0 0.947368       1   1.000       1       1 0.700000       1       1 0.767281     0.508829
    413   h0 1.000000       1   1.000       1       1 0.700000       1       1 0.785714     0.550000
    414   h0 1.000000       1   1.000       1       1 0.700000       1       1 0.785714     0.550000
    415   h0 1.000000       1   1.000       1       1 0.700000       1       1 0.758065     0.530645
    416   h0 0.502924       1   0.610       1       1 0.618182       1       1 0.682028     0.129345
    417   h0 0.666667       1   0.700       1       1 0.700000       1       1 0.785714     0.256667
    418   h0 0.666667       1   0.700       1       1 0.700000       1       1 0.785714     0.256667
    419   h0 0.666667       1   0.700       1       1 0.700000       1       1 0.785714     0.256667
    420   h0 0.842105       1   0.665       1       1 0.659091       1       1 0.785714     0.290000
    421   h0 0.888889       1   0.700       1       1 0.700000       1       1 0.785714     0.342222
    422   h0 0.888889       1   0.700       1       1 0.700000       1       1 0.785714     0.342222
    423   h0 0.888889       1   0.700       1       1 0.700000       1       1 0.852535     0.371326
    424   h0 0.842105       1   0.950       1       1 0.909091       1       1 0.785714     0.571429
    425   h0 0.888889       1   1.000       1       1 1.000000       1       1 0.785714     0.698413
    426   h0 0.888889       1   1.000       1       1 1.000000       1       1 0.785714     0.698413
    427   h0 0.888889       1   1.000       1       1 1.000000       1       1 0.721198     0.641065
    448   h0 0.947368       1   0.855       1       1 0.763636       1       1 0.785714     0.486000
    449   h0 1.000000       1   0.900       1       1 0.800000       1       1 0.785714     0.565714
    450   h0 1.000000       1   0.900       1       1 0.800000       1       1 0.785714     0.565714
    451   h0 1.000000       1   0.900       1       1 0.800000       1       1 0.785714     0.565714
    452   h0 1.000000       1   0.810       1       1 0.800000       1       1 0.785714     0.509143
    453   h0 0.210526       1   0.475       1       1 0.954545       1       1 0.564516     0.053886
    454   h0 0.619883       1   0.690       1       1 1.000000       1       1 0.785714     0.336065
    455   h0 0.666667       1   0.700       1       1 1.000000       1       1 0.785714     0.366667
    456   h0 0.666667       1   0.700       1       1 1.000000       1       1 0.785714     0.366667
    457   h0 0.666667       1   0.650       1       1 1.000000       1       1 0.758065     0.328495
    458   h0 0.947368       1   0.950       1       1 0.954545       1       1 0.714286     0.613636
    459   h0 1.000000       1   1.000       1       1 1.000000       1       1 0.714286     0.714286
    460   h0 1.000000       1   1.000       1       1 1.000000       1       1 0.714286     0.714286
    461   h0 1.000000       1   1.000       1       1 1.000000       1       1 0.714286     0.714286
    462   h0 1.000000       1   0.900       1       1 1.000000       1       1 0.778802     0.700922
    463   h0 0.631579       1   0.760       1       1 0.668182       1       1 0.785714     0.252000
    464   h0 0.666667       1   0.800       1       1 0.700000       1       1 0.785714     0.293333
    465   h0 0.666667       1   0.800       1       1 0.700000       1       1 0.785714     0.293333
    466   h0 0.666667       1   0.800       1       1 0.700000       1       1 0.785714     0.293333
    467   h0 0.666667       1   0.720       1       1 0.700000       1       1 0.656682     0.220645
    812   h1 0.596491       1   0.695       1       1 0.800000       1       1 0.785714     0.260581
    813   h1 0.666667       1   0.700       1       1 0.750000       1       1 0.785714     0.275000
    814   h1 0.666667       1   0.700       1       1 0.686364       1       1 0.785714     0.251667
    815   h1 0.795322       1   0.950       1       1 0.900000       1       1 0.785714     0.534286
    816   h1 0.888889       1   1.000       1       1 0.900000       1       1 0.785714     0.628571
    817   h1 0.888889       1   1.000       1       1 0.900000       1       1 0.785714     0.628571
    818   h1 0.596491       1   0.700       1       1 0.800000       1       1 0.857143     0.286316
    819   h1 0.666667       1   0.700       1       1 0.800000       1       1 0.857143     0.320000
    820   h1 0.666667       1   0.700       1       1 0.800000       1       1 0.857143     0.320000
    821   h1 0.894737       1   0.800       1       1 0.700000       1       1 0.857143     0.429474
    822   h1 1.000000       1   0.800       1       1 0.650000       1       1 0.788018     0.409770
    823   h1 1.000000       1   0.800       1       1 0.595455       1       1 0.785714     0.374286
    860   h1 0.795322       1   0.665       1       1 1.000000       1       1 0.785714     0.415556
    861   h1 0.888889       1   0.700       1       1 1.000000       1       1 0.785714     0.488889
    862   h1 0.888889       1   0.700       1       1 1.000000       1       1 0.785714     0.488889
    863   h1 0.888889       1   0.700       1       1 1.000000       1       1 0.785714     0.488889
    864   h1 0.596491       1   0.855       1       1 0.700000       1       1 0.785714     0.280500
    865   h1 0.666667       1   0.900       1       1 0.700000       1       1 0.785714     0.330000
    866   h1 0.666667       1   0.900       1       1 0.700000       1       1 0.785714     0.330000
    867   h1 0.666667       1   0.900       1       1 0.700000       1       1 0.785714     0.330000
    868   h1 0.842105       1   0.900       1       1 0.677273       1       1 0.737327     0.378471
    869   h1 1.000000       1   1.000       1       1 0.700000       1       1 0.785714     0.550000
    870   h1 1.000000       1   1.000       1       1 0.700000       1       1 0.785714     0.550000
    871   h1 1.000000       1   1.000       1       1 0.700000       1       1 0.767281     0.537097
    872   h1 0.596491       1   0.700       1       1 0.700000       1       1 0.778802     0.227629
    873   h1 0.666667       1   0.700       1       1 0.700000       1       1 0.785714     0.256667
    874   h1 0.666667       1   0.700       1       1 0.700000       1       1 0.785714     0.256667
    875   h1 0.666667       1   0.700       1       1 0.700000       1       1 0.785714     0.256667
    876   h1 0.695906       1   0.700       1       1 1.000000       1       1 0.760369     0.370402
    877   h1 0.777778       1   0.700       1       1 1.000000       1       1 0.785714     0.427778
    878   h1 0.777778       1   0.700       1       1 1.000000       1       1 0.785714     0.427778
    879   h1 0.777778       1   0.700       1       1 1.000000       1       1 0.785714     0.427778
    880   h1 0.894737       1   1.000       1       1 0.700000       1       1 0.744240     0.466129
    881   h1 1.000000       1   1.000       1       1 0.700000       1       1 0.785714     0.550000
    882   h1 1.000000       1   1.000       1       1 0.700000       1       1 0.785714     0.550000
    883   h1 1.000000       1   1.000       1       1 0.700000       1       1 0.767281     0.537097
    884   h1 0.479532       1   0.625       1       1 0.618182       1       1 0.702765     0.130204
    885   h1 0.666667       1   0.700       1       1 0.700000       1       1 0.785714     0.256667
    886   h1 0.666667       1   0.700       1       1 0.700000       1       1 0.785714     0.256667
    887   h1 0.666667       1   0.700       1       1 0.700000       1       1 0.785714     0.256667
    888   h1 0.947368       1   0.700       1       1 0.600000       1       1 0.785714     0.312632
    889   h1 1.000000       1   0.700       1       1 0.650000       1       1 0.788018     0.358548
    890   h1 1.000000       1   0.700       1       1 0.695455       1       1 0.788018     0.383622
    891   h1 1.000000       1   0.700       1       1 0.600000       1       1 0.785714     0.330000
    892   h1 0.695906       1   1.000       1       1 1.000000       1       1 0.857143     0.596491
    893   h1 0.777778       1   1.000       1       1 1.000000       1       1 0.857143     0.666667
    894   h1 0.777778       1   1.000       1       1 1.000000       1       1 0.790323     0.614695
    895   h1 0.777778       1   1.000       1       1 1.000000       1       1 0.714286     0.555556
    916   h1 0.894737       1   0.900       1       1 0.800000       1       1 0.785714     0.506165
    917   h1 1.000000       1   0.900       1       1 0.800000       1       1 0.785714     0.565714
    918   h1 1.000000       1   0.900       1       1 0.800000       1       1 0.785714     0.565714
    919   h1 1.000000       1   0.900       1       1 0.800000       1       1 0.785714     0.565714
    920   h1 1.000000       1   0.810       1       1 0.800000       1       1 0.785714     0.509143
    921   h1 0.298246       1   0.510       1       1 1.000000       1       1 0.619816     0.094277
    922   h1 0.631579       1   0.690       1       1 1.000000       1       1 0.785714     0.342406
    923   h1 0.666667       1   0.700       1       1 1.000000       1       1 0.785714     0.366667
    924   h1 0.666667       1   0.700       1       1 1.000000       1       1 0.785714     0.366667
    925   h1 0.666667       1   0.650       1       1 1.000000       1       1 0.764977     0.331490
    926   h1 0.894737       1   1.000       1       1 1.000000       1       1 0.714286     0.639098
    927   h1 1.000000       1   1.000       1       1 1.000000       1       1 0.714286     0.714286
    928   h1 1.000000       1   1.000       1       1 1.000000       1       1 0.714286     0.714286
    929   h1 1.000000       1   1.000       1       1 1.000000       1       1 0.781106     0.781106
    930   h1 1.000000       1   0.900       1       1 1.000000       1       1 0.785714     0.707143
    931   h1 0.619883       1   0.800       1       1 0.700000       1       1 0.785714     0.272749
    932   h1 0.666667       1   0.800       1       1 0.700000       1       1 0.788018     0.294194
    933   h1 0.666667       1   0.800       1       1 0.700000       1       1 0.854839     0.319140
    934   h1 0.666667       1   0.800       1       1 0.700000       1       1 0.790323     0.295054
    935   h1 0.666667       1   0.720       1       1 0.700000       1       1 0.721198     0.242323