 ChipID Half   Layer0  Layer1  Layer2   Layer3  Layer4   Layer5  Layer6   Layer7  Layer8  Pseaudo_Eff
    332   h0 0.631579       1       1 0.666667       1 0.867769       1 0.742706       1     0.271367
    333   h0 0.666667       1       1 0.700000       1 0.909091       1 0.769231       1     0.326340
    334   h0 0.666667       1       1 0.700000       1 0.867769       1 0.769231       1     0.311507
    335   h0 0.947368       1       1 0.952381       1 0.867769       1 0.742706       1     0.581501
    336   h0 1.000000       1       1 1.000000       1 0.909091       1 0.769231       1     0.699301
    337   h0 1.000000       1       1 1.000000       1 0.909091       1 0.769231       1     0.699301
    338   h0 0.736842       1       1 0.666667       1 0.661157       1 0.891247       1     0.289458
    339   h0 0.777778       1       1 0.700000       1 0.727273       1 0.923077       1     0.365501
    340   h0 0.777778       1       1 0.700000       1 0.727273       1 0.923077       1     0.365501
    341   h0 0.947368       1       1 0.952381       1 0.665289       1 0.965517       1     0.579562
    342   h0 1.000000       1       1 1.000000       1 0.727273       1 1.000000       1     0.727273
    343   h0 1.000000       1       1 1.000000       1 0.723140       1 1.000000       1     0.723140
    356   h0 0.631579       1       1 0.857143       1 0.694215       1 0.742706       1     0.279120
    357   h0 0.666667       1       1 0.900000       1 0.727273       1 0.769231       1     0.335664
    358   h0 0.666667       1       1 0.900000       1 0.727273       1 0.769231       1     0.335664
    359   h0 0.666667       1       1 0.800000       1 0.727273       1 0.315650       1     0.122434
    360   h0 0.947368       1       1 0.666667       1 0.780992       1 0.816976       1     0.402980
    361   h0 1.000000       1       1 0.700000       1 0.818182       1 0.846154       1     0.484615
    362   h0 1.000000       1       1 0.700000       1 0.818182       1 0.846154       1     0.484615
    363   h0 1.000000       1       1 0.700000       1 0.818182       1 0.846154       1     0.484615
    364   h0 0.684211       1       1 0.652381       1 0.710744       1 0.859416       1     0.272651
    365   h0 1.000000       1       1 0.700000       1 0.727273       1 0.923077       1     0.469930
    366   h0 1.000000       1       1 0.700000       1 0.727273       1 0.923077       1     0.469930
    367   h0 1.000000       1       1 0.628571       1 0.727273       1 0.923077       1     0.421978
    368   h0 0.631579       1       1 1.000000       1 1.000000       1 0.769231       1     0.485830
    369   h0 0.666667       1       1 1.000000       1 1.000000       1 0.769231       1     0.512821
    370   h0 0.666667       1       1 1.000000       1 1.000000       1 0.769231       1     0.512821
    371   h0 0.666667       1       1 1.000000       1 1.000000       1 0.769231       1     0.512821
    372   h0 0.947368       1       1 0.700000       1 0.727273       1 0.769231       1     0.370997
    373   h0 1.000000       1       1 0.700000       1 0.727273       1 0.769231       1     0.391608
    374   h0 1.000000       1       1 0.700000       1 0.727273       1 0.769231       1     0.391608
    375   h0 1.000000       1       1 0.700000       1 0.727273       1 0.769231       1     0.391608
    376   h0 0.666667       1       1 0.700000       1 0.727273       1 0.769231       1     0.261072
    377   h0 0.666667       1       1 0.700000       1 0.727273       1 0.769231       1     0.261072
    378   h0 0.666667       1       1 0.700000       1 0.727273       1 0.769231       1     0.261072
    379   h0 0.666667       1       1 0.700000       1 0.727273       1 0.769231       1     0.261072
    380   h0 0.573099       1       1 0.904762       1 1.000000       1 0.702918       1     0.364476
    381   h0 0.777778       1       1 1.000000       1 1.000000       1 0.769231       1     0.598291
    382   h0 0.777778       1       1 1.000000       1 1.000000       1 0.769231       1     0.598291
    383   h0 0.777778       1       1 1.000000       1 1.000000       1 0.769231       1     0.598291
    384   h0 0.947368       1       1 0.952381       1 0.780992       1 0.742706       1     0.523351
    385   h0 1.000000       1       1 1.000000       1 0.818182       1 0.769231       1     0.629371
    386   h0 1.000000       1       1 1.000000       1 0.818182       1 0.769231       1     0.629371
    387   h0 1.000000       1       1 1.000000       1 0.818182       1 0.769231       1     0.629371
    388   h0 0.631579       1       1 0.666667       1 0.909091       1 0.816976       1     0.312718
    389   h0 0.666667       1       1 0.700000       1 1.000000       1 0.846154       1     0.394872
    390   h0 0.666667       1       1 0.700000       1 1.000000       1 0.846154       1     0.394872
    391   h0 0.666667       1       1 0.700000       1 1.000000       1 0.846154       1     0.394872
    428   h0 0.736842       1       1 0.952381       1 0.954545       1 0.891247       1     0.597007
    429   h0 0.777778       1       1 1.000000       1 1.000000       1 0.923077       1     0.717949
    430   h0 0.777778       1       1 1.000000       1 1.000000       1 0.923077       1     0.717949
    431   h0 0.777778       1       1 1.000000       1 1.000000       1 0.923077       1     0.717949
    432   h0 0.777778       1       1 0.666667       1 1.000000       1 0.381963       1     0.198055
    433   h0 0.631579       1       1 0.761905       1 0.694215       1 0.965517       1     0.322539
    434   h0 0.666667       1       1 0.800000       1 0.727273       1 1.000000       1     0.387879
    435   h0 0.666667       1       1 0.800000       1 0.727273       1 1.000000       1     0.387879
    436   h0 0.666667       1       1 0.800000       1 0.727273       1 1.000000       1     0.387879
    437   h0 0.666667       1       1 0.533333       1 0.727273       1 0.413793       1     0.107001
    438   h0 0.947368       1       1 0.666667       1 0.780992       1 0.456233       1     0.225041
    439   h0 1.000000       1       1 0.700000       1 0.818182       1 0.769231       1     0.440559
    440   h0 1.000000       1       1 0.700000       1 0.818182       1 0.769231       1     0.440559
    441   h0 1.000000       1       1 0.700000       1 0.818182       1 0.769231       1     0.440559
    442   h0 1.000000       1       1 0.466667       1 0.818182       1 0.588859       1     0.224837
    443   h0 0.631579       1       1 0.666667       1 0.694215       1 0.742706       1     0.217094
    444   h0 0.666667       1       1 0.700000       1 0.727273       1 0.769231       1     0.261072
    445   h0 0.666667       1       1 0.700000       1 0.727273       1 0.769231       1     0.261072
    446   h0 0.666667       1       1 0.700000       1 0.727273       1 0.769231       1     0.261072
    447   h0 0.666667       1       1 0.466667       1 0.727273       1 0.318302       1     0.072020
    800   h1 0.631579       1       1 0.666667       1 0.909091       1 0.769231       1     0.294442
    801   h1 0.666667       1       1 0.700000       1 0.859504       1 0.769231       1     0.308540
    802   h1 0.666667       1       1 0.700000       1 0.743802       1 0.769231       1     0.267006
    803   h1 0.947368       1       1 0.952381       1 1.000000       1 0.769231       1     0.694043
    804   h1 1.000000       1       1 1.000000       1 1.000000       1 0.769231       1     0.769231
    805   h1 1.000000       1       1 1.000000       1 1.000000       1 0.769231       1     0.769231
    806   h1 0.842105       1       1 0.700000       1 0.818182       1 1.000000       1     0.482297
    807   h1 0.888889       1       1 0.700000       1 0.768595       1 1.000000       1     0.478237
    808   h1 0.888889       1       1 0.700000       1 0.739669       1 1.000000       1     0.460239
    809   h1 0.842105       1       1 1.000000       1 0.727273       1 0.923077       1     0.565329
    810   h1 0.888889       1       1 1.000000       1 0.677686       1 0.923077       1     0.556050
    811   h1 0.888889       1       1 1.000000       1 0.636364       1 0.923077       1     0.522145
    824   h1 0.631579       1       1 0.800000       1 0.727273       1 0.769231       1     0.282665
    825   h1 0.666667       1       1 0.800000       1 0.727273       1 0.769231       1     0.298368
    826   h1 0.666667       1       1 0.800000       1 0.727273       1 0.769231       1     0.298368
    827   h1 0.666667       1       1 0.800000       1 0.727273       1 0.238727       1     0.092597
    828   h1 0.947368       1       1 0.700000       1 0.727273       1 0.846154       1     0.408097
    829   h1 1.000000       1       1 0.700000       1 0.727273       1 0.846154       1     0.430769
    830   h1 1.000000       1       1 0.700000       1 0.727273       1 0.846154       1     0.430769
    831   h1 1.000000       1       1 0.700000       1 0.727273       1 0.846154       1     0.430769
    832   h1 0.736842       1       1 0.661905       1 0.702479       1 0.816976       1     0.279906
    833   h1 1.000000       1       1 0.700000       1 0.727273       1 0.846154       1     0.430769
    834   h1 1.000000       1       1 0.700000       1 0.727273       1 0.846154       1     0.430769
    835   h1 1.000000       1       1 0.604762       1 0.727273       1 0.846154       1     0.372161
    836   h1 0.631579       1       1 1.000000       1 1.000000       1 0.769231       1     0.485830
    837   h1 0.666667       1       1 1.000000       1 1.000000       1 0.769231       1     0.512821
    838   h1 0.666667       1       1 1.000000       1 1.000000       1 0.769231       1     0.512821
    839   h1 0.666667       1       1 1.000000       1 1.000000       1 0.769231       1     0.512821
    840   h1 0.947368       1       1 0.700000       1 0.818182       1 0.769231       1     0.417372
    841   h1 1.000000       1       1 0.700000       1 0.818182       1 0.769231       1     0.440559
    842   h1 1.000000       1       1 0.700000       1 0.818182       1 0.769231       1     0.440559
    843   h1 1.000000       1       1 0.700000       1 0.818182       1 0.769231       1     0.440559
    844   h1 0.666667       1       1 0.700000       1 0.727273       1 0.769231       1     0.261072
    845   h1 0.666667       1       1 0.700000       1 0.727273       1 0.769231       1     0.261072
    846   h1 0.666667       1       1 0.700000       1 0.727273       1 0.769231       1     0.261072
    847   h1 0.666667       1       1 0.700000       1 0.727273       1 0.769231       1     0.261072
    848   h1 0.573099       1       1 0.952381       1 0.909091       1 0.702918       1     0.348781
    849   h1 0.777778       1       1 1.000000       1 0.909091       1 0.769231       1     0.543901
    850   h1 0.777778       1       1 1.000000       1 0.909091       1 0.769231       1     0.543901
    851   h1 0.777778       1       1 1.000000       1 0.909091       1 0.769231       1     0.543901
    852   h1 1.000000       1       1 1.000000       1 0.727273       1 0.769231       1     0.559441
    853   h1 1.000000       1       1 1.000000       1 0.727273       1 0.769231       1     0.559441
    854   h1 1.000000       1       1 1.000000       1 0.727273       1 0.769231       1     0.559441
    855   h1 1.000000       1       1 1.000000       1 0.727273       1 0.769231       1     0.559441
    856   h1 0.637427       1       1 0.700000       1 1.000000       1 0.923077       1     0.411876
    857   h1 0.666667       1       1 0.700000       1 1.000000       1 0.923077       1     0.430769
    858   h1 0.666667       1       1 0.700000       1 1.000000       1 0.923077       1     0.430769
    859   h1 0.666667       1       1 0.700000       1 1.000000       1 0.923077       1     0.430769
    896   h1 0.631579       1       1 1.000000       1 1.000000       1 1.000000       1     0.631579
    897   h1 0.666667       1       1 1.000000       1 1.000000       1 1.000000       1     0.666667
    898   h1 0.666667       1       1 1.000000       1 1.000000       1 1.000000       1     0.666667
    899   h1 0.666667       1       1 1.000000       1 1.000000       1 1.000000       1     0.666667
    900   h1 0.666667       1       1 0.619048       1 1.000000       1 0.448276       1     0.185003
    901   h1 0.631579       1       1 0.761905       1 0.727273       1 1.000000       1     0.349966
    902   h1 0.777778       1       1 0.800000       1 0.727273       1 1.000000       1     0.452525
    903   h1 0.777778       1       1 0.700000       1 0.727273       1 0.923077       1     0.365501
    904   h1 0.777778       1       1 0.700000       1 0.727273       1 0.923077       1     0.365501
    905   h1 0.777778       1       1 0.433333       1 0.727273       1 0.381963       1     0.093626
    906   h1 0.947368       1       1 0.700000       1 0.909091       1 0.435013       1     0.262257
    907   h1 1.000000       1       1 0.700000       1 0.909091       1 0.769231       1     0.489510
    908   h1 1.000000       1       1 0.700000       1 0.909091       1 0.769231       1     0.489510
    909   h1 1.000000       1       1 0.700000       1 0.909091       1 0.769231       1     0.489510
    910   h1 1.000000       1       1 0.433333       1 0.909091       1 0.641910       1     0.252874
    911   h1 0.643275       1       1 0.700000       1 0.727273       1 0.769231       1     0.251912
    912   h1 0.666667       1       1 0.700000       1 0.727273       1 0.769231       1     0.261072
    913   h1 0.666667       1       1 0.700000       1 0.727273       1 0.769231       1     0.261072
    914   h1 0.666667       1       1 0.700000       1 0.727273       1 0.769231       1     0.261072
    915   h1 0.666667       1       1 0.433333       1 0.727273       1 0.339523       1     0.071334