 ChipID Half  Layer0  Layer1  Layer2   Layer3   Layer4  Layer5  Layer6   Layer7  Layer8  Pseaudo_Eff
    344   h0       1       1   0.665 0.761905 0.954545       1       1 0.846154       1     0.409231
    345   h0       1       1   0.700 0.800000 1.000000       1       1 0.846154       1     0.473846
    346   h0       1       1   0.700 0.800000 1.000000       1       1 0.846154       1     0.473846
    347   h0       1       1   0.950 0.666667 0.668182       1       1 0.769231       1     0.325524
    348   h0       1       1   1.000 0.700000 0.700000       1       1 0.769231       1     0.376923
    349   h0       1       1   1.000 0.700000 0.700000       1       1 0.769231       1     0.376923
    350   h0       1       1   0.665 0.666667 0.954545       1       1 0.769231       1     0.325524
    351   h0       1       1   0.700 0.700000 1.000000       1       1 0.769231       1     0.376923
    352   h0       1       1   0.700 0.700000 1.000000       1       1 0.769231       1     0.376923
    353   h0       1       1   0.760 0.952381 0.668182       1       1 0.923077       1     0.446434
    354   h0       1       1   0.800 1.000000 0.700000       1       1 0.923077       1     0.516923
    355   h0       1       1   0.800 1.000000 0.668182       1       1 0.923077       1     0.493427
    392   h0       1       1   0.665 0.952381 0.668182       1       1 0.769231       1     0.325524
    393   h0       1       1   0.700 1.000000 0.700000       1       1 0.769231       1     0.376923
    394   h0       1       1   0.700 1.000000 0.700000       1       1 0.769231       1     0.376923
    395   h0       1       1   0.700 1.000000 0.700000       1       1 0.675824       1     0.331154
    396   h0       1       1   0.855 0.666667 0.954545       1       1 0.769231       1     0.418531
    397   h0       1       1   0.900 0.700000 1.000000       1       1 0.769231       1     0.484615
    398   h0       1       1   0.900 0.700000 1.000000       1       1 0.769231       1     0.484615
    399   h0       1       1   0.900 0.700000 1.000000       1       1 0.769231       1     0.484615
    400   h0       1       1   0.850 0.614286 0.954545       1       1 0.769231       1     0.383392
    401   h0       1       1   1.000 0.700000 1.000000       1       1 0.769231       1     0.538462
    402   h0       1       1   1.000 0.700000 1.000000       1       1 0.769231       1     0.538462
    403   h0       1       1   1.000 0.676190 1.000000       1       1 0.769231       1     0.520147
    404   h0       1       1   0.700 0.700000 0.700000       1       1 0.923077       1     0.316615
    405   h0       1       1   0.700 0.700000 0.700000       1       1 0.923077       1     0.316615
    406   h0       1       1   0.700 0.700000 0.700000       1       1 0.923077       1     0.316615
    407   h0       1       1   0.700 0.700000 0.700000       1       1 0.923077       1     0.316615
    408   h0       1       1   0.700 1.000000 0.700000       1       1 1.000000       1     0.490000
    409   h0       1       1   0.700 1.000000 0.700000       1       1 1.000000       1     0.490000
    410   h0       1       1   0.700 1.000000 0.700000       1       1 1.000000       1     0.490000
    411   h0       1       1   0.700 1.000000 0.700000       1       1 1.000000       1     0.490000
    412   h0       1       1   1.000 0.700000 1.000000       1       1 0.923077       1     0.646154
    413   h0       1       1   1.000 0.700000 1.000000       1       1 0.923077       1     0.646154
    414   h0       1       1   1.000 0.700000 1.000000       1       1 0.923077       1     0.646154
    415   h0       1       1   1.000 0.700000 1.000000       1       1 0.923077       1     0.646154
    416   h0       1       1   0.610 0.647619 0.677273       1       1 0.769231       1     0.205812
    417   h0       1       1   0.700 0.800000 0.700000       1       1 0.769231       1     0.301538
    418   h0       1       1   0.700 0.800000 0.700000       1       1 0.769231       1     0.301538
    419   h0       1       1   0.700 0.800000 0.700000       1       1 0.769231       1     0.301538
    420   h0       1       1   0.665 0.857143 0.668182       1       1 0.769231       1     0.292972
    421   h0       1       1   0.700 0.900000 0.700000       1       1 0.769231       1     0.339231
    422   h0       1       1   0.700 0.900000 0.700000       1       1 0.769231       1     0.339231
    423   h0       1       1   0.700 0.900000 0.700000       1       1 0.769231       1     0.339231
    424   h0       1       1   0.950 0.857143 0.668182       1       1 0.769231       1     0.418531
    425   h0       1       1   1.000 0.900000 0.700000       1       1 0.769231       1     0.484615
    426   h0       1       1   1.000 0.900000 0.700000       1       1 0.769231       1     0.484615
    427   h0       1       1   1.000 0.900000 0.700000       1       1 0.675824       1     0.425769
    448   h0       1       1   0.855 0.666667 0.668182       1       1 0.769231       1     0.292972
    449   h0       1       1   0.900 0.700000 0.700000       1       1 0.769231       1     0.339231
    450   h0       1       1   0.900 0.700000 0.700000       1       1 0.769231       1     0.339231
    451   h0       1       1   0.900 0.700000 0.700000       1       1 0.769231       1     0.339231
    452   h0       1       1   0.810 0.500000 0.700000       1       1 0.384615       1     0.109038
    453   h0       1       1   0.475 0.952381 0.668182       1       1 0.642857       1     0.194318
    454   h0       1       1   0.690 1.000000 0.700000       1       1 0.769231       1     0.371538
    455   h0       1       1   0.700 1.000000 0.700000       1       1 0.769231       1     0.376923
    456   h0       1       1   0.700 1.000000 0.700000       1       1 0.769231       1     0.376923
    457   h0       1       1   0.650 0.714286 0.700000       1       1 0.461538       1     0.150000
    458   h0       1       1   0.950 0.952381 0.668182       1       1 0.670330       1     0.405245
    459   h0       1       1   1.000 1.000000 0.700000       1       1 0.769231       1     0.538462
    460   h0       1       1   1.000 1.000000 0.700000       1       1 0.769231       1     0.538462
    461   h0       1       1   1.000 1.000000 0.700000       1       1 0.769231       1     0.538462
    462   h0       1       1   0.900 0.714286 0.700000       1       1 0.461538       1     0.207692
    463   h0       1       1   0.760 0.666667 0.954545       1       1 0.769231       1     0.372028
    464   h0       1       1   0.800 0.700000 1.000000       1       1 0.769231       1     0.430769
    465   h0       1       1   0.800 0.700000 1.000000       1       1 0.769231       1     0.430769
    466   h0       1       1   0.800 0.700000 1.000000       1       1 0.769231       1     0.430769
    467   h0       1       1   0.720 0.500000 1.000000       1       1 0.384615       1     0.138462
    812   h1       1       1   0.695 0.723810 0.954545       1       1 0.846154       1     0.406308
    813   h1       1       1   0.700 0.800000 1.000000       1       1 0.846154       1     0.473846
    814   h1       1       1   0.700 0.800000 1.000000       1       1 0.846154       1     0.473846
    815   h1       1       1   0.950 0.642857 0.668182       1       1 0.769231       1     0.313899
    816   h1       1       1   1.000 0.700000 0.700000       1       1 0.769231       1     0.376923
    817   h1       1       1   1.000 0.700000 0.700000       1       1 0.769231       1     0.376923
    818   h1       1       1   0.700 0.666667 0.954545       1       1 0.769231       1     0.342657
    819   h1       1       1   0.700 0.700000 1.000000       1       1 0.769231       1     0.376923
    820   h1       1       1   0.700 0.700000 1.000000       1       1 0.769231       1     0.376923
    821   h1       1       1   0.800 0.952381 0.668182       1       1 0.923077       1     0.469930
    822   h1       1       1   0.800 1.000000 0.700000       1       1 0.923077       1     0.516923
    823   h1       1       1   0.800 1.000000 0.700000       1       1 0.923077       1     0.516923
    860   h1       1       1   0.665 0.952381 0.763636       1       1 0.769231       1     0.372028
    861   h1       1       1   0.700 1.000000 0.800000       1       1 0.769231       1     0.430769
    862   h1       1       1   0.700 1.000000 0.800000       1       1 0.769231       1     0.430769
    863   h1       1       1   0.700 1.000000 0.800000       1       1 0.620879       1     0.347692
    864   h1       1       1   0.855 0.666667 0.954545       1       1 0.769231       1     0.418531
    865   h1       1       1   0.900 0.700000 1.000000       1       1 0.769231       1     0.484615
    866   h1       1       1   0.900 0.700000 1.000000       1       1 0.769231       1     0.484615
    867   h1       1       1   0.900 0.700000 1.000000       1       1 0.769231       1     0.484615
    868   h1       1       1   0.900 0.642857 0.954545       1       1 0.846154       1     0.467308
    869   h1       1       1   1.000 0.700000 1.000000       1       1 0.846154       1     0.592308
    870   h1       1       1   1.000 0.700000 1.000000       1       1 0.769231       1     0.538462
    871   h1       1       1   1.000 0.676190 1.000000       1       1 0.846154       1     0.572161
    872   h1       1       1   0.700 0.700000 0.700000       1       1 0.923077       1     0.316615
    873   h1       1       1   0.700 0.700000 0.700000       1       1 0.923077       1     0.316615
    874   h1       1       1   0.700 0.700000 0.700000       1       1 0.923077       1     0.316615
    875   h1       1       1   0.700 0.700000 0.700000       1       1 0.923077       1     0.316615
    876   h1       1       1   0.700 1.000000 0.700000       1       1 1.000000       1     0.490000
    877   h1       1       1   0.700 1.000000 0.700000       1       1 1.000000       1     0.490000
    878   h1       1       1   0.700 1.000000 0.700000       1       1 1.000000       1     0.490000
    879   h1       1       1   0.700 1.000000 0.700000       1       1 1.000000       1     0.490000
    880   h1       1       1   1.000 0.700000 1.000000       1       1 0.846154       1     0.592308
    881   h1       1       1   1.000 0.700000 1.000000       1       1 0.846154       1     0.592308
    882   h1       1       1   1.000 0.700000 1.000000       1       1 0.846154       1     0.592308
    883   h1       1       1   1.000 0.700000 1.000000       1       1 0.846154       1     0.592308
    884   h1       1       1   0.625 0.647619 0.663636       1       1 0.747253       1     0.200723
    885   h1       1       1   0.700 0.800000 0.700000       1       1 0.769231       1     0.301538
    886   h1       1       1   0.700 0.800000 0.700000       1       1 0.769231       1     0.301538
    887   h1       1       1   0.700 0.800000 0.700000       1       1 0.769231       1     0.301538
    888   h1       1       1   0.700 0.952381 0.668182       1       1 0.769231       1     0.342657
    889   h1       1       1   0.700 1.000000 0.700000       1       1 0.769231       1     0.376923
    890   h1       1       1   0.700 1.000000 0.700000       1       1 0.769231       1     0.376923
    891   h1       1       1   0.700 1.000000 0.700000       1       1 0.769231       1     0.376923
    892   h1       1       1   1.000 0.761905 0.668182       1       1 0.769231       1     0.391608
    893   h1       1       1   1.000 0.800000 0.700000       1       1 0.769231       1     0.430769
    894   h1       1       1   1.000 0.800000 0.700000       1       1 0.769231       1     0.430769
    895   h1       1       1   1.000 0.900000 0.700000       1       1 0.670330       1     0.422308
    916   h1       1       1   0.900 0.661905 0.668182       1       1 0.769231       1     0.306189
    917   h1       1       1   0.900 0.700000 0.700000       1       1 0.769231       1     0.339231
    918   h1       1       1   0.900 0.700000 0.700000       1       1 0.769231       1     0.339231
    919   h1       1       1   0.900 0.700000 0.700000       1       1 0.769231       1     0.339231
    920   h1       1       1   0.810 0.500000 0.700000       1       1 0.376374       1     0.106702
    921   h1       1       1   0.510 0.904762 0.763636       1       1 0.706044       1     0.248784
    922   h1       1       1   0.690 1.000000 0.800000       1       1 0.769231       1     0.424615
    923   h1       1       1   0.700 1.000000 0.800000       1       1 0.769231       1     0.430769
    924   h1       1       1   0.700 1.000000 0.800000       1       1 0.769231       1     0.430769
    925   h1       1       1   0.650 0.714286 0.800000       1       1 0.398352       1     0.147959
    926   h1       1       1   1.000 0.900000 0.668182       1       1 0.620879       1     0.373374
    927   h1       1       1   1.000 0.900000 0.700000       1       1 0.769231       1     0.484615
    928   h1       1       1   1.000 1.000000 0.700000       1       1 0.769231       1     0.538462
    929   h1       1       1   1.000 1.000000 0.700000       1       1 0.769231       1     0.538462
    930   h1       1       1   0.900 0.714286 0.700000       1       1 0.500000       1     0.225000
    931   h1       1       1   0.800 0.700000 0.954545       1       1 0.769231       1     0.411189
    932   h1       1       1   0.800 0.700000 1.000000       1       1 0.769231       1     0.430769
    933   h1       1       1   0.800 0.700000 1.000000       1       1 0.769231       1     0.430769
    934   h1       1       1   0.800 0.700000 1.000000       1       1 0.769231       1     0.430769
    935   h1       1       1   0.720 0.500000 1.000000       1       1 0.370879       1     0.133516