 ChipID Half   Layer0  Layer1  Layer2  Layer3   Layer4   Layer5   Layer6  Layer7  Layer8  Pseaudo_Eff
    344   h0 0.631579       1       1       1 0.954545 0.668182 0.740741       1       1     0.298391
    345   h0 0.666667       1       1       1 1.000000 0.700000 0.769231       1       1     0.358974
    346   h0 0.666667       1       1       1 1.000000 0.700000 0.769231       1       1     0.358974
    347   h0 0.842105       1       1       1 0.668182 0.859091 0.740741       1       1     0.358069
    348   h0 0.888889       1       1       1 0.700000 0.900000 0.769231       1       1     0.430769
    349   h0 0.888889       1       1       1 0.700000 0.900000 0.769231       1       1     0.430769
    350   h0 0.631579       1       1       1 0.954545 0.727273 0.740741       1       1     0.324779
    351   h0 0.666667       1       1       1 1.000000 0.800000 0.769231       1       1     0.410256
    352   h0 0.666667       1       1       1 1.000000 0.800000 0.769231       1       1     0.410256
    353   h0 0.947368       1       1       1 0.668182 0.645455 0.740741       1       1     0.302653
    354   h0 1.000000       1       1       1 0.700000 0.700000 0.769231       1       1     0.376923
    355   h0 1.000000       1       1       1 0.668182 0.700000 0.769231       1       1     0.359790
    392   h0 0.842105       1       1       1 0.668182 0.954545 0.814815       1       1     0.437640
    393   h0 0.888889       1       1       1 0.700000 1.000000 0.846154       1       1     0.526496
    394   h0 0.888889       1       1       1 0.700000 1.000000 0.846154       1       1     0.526496
    395   h0 0.888889       1       1       1 0.700000 1.000000 0.846154       1       1     0.526496
    396   h0 0.631579       1       1       1 0.954545 0.668182 0.962963       1       1     0.387908
    397   h0 0.666667       1       1       1 1.000000 0.700000 1.000000       1       1     0.466667
    398   h0 0.666667       1       1       1 1.000000 0.700000 1.000000       1       1     0.466667
    399   h0 0.666667       1       1       1 1.000000 0.700000 1.000000       1       1     0.466667
    400   h0 0.789474       1       1       1 0.954545 0.654545 0.649573       1       1     0.320407
    401   h0 1.000000       1       1       1 1.000000 0.700000 0.769231       1       1     0.538462
    402   h0 1.000000       1       1       1 1.000000 0.700000 0.769231       1       1     0.538462
    403   h0 1.000000       1       1       1 1.000000 0.700000 0.769231       1       1     0.538462
    404   h0 0.736842       1       1       1 0.700000 0.700000 0.746439       1       1     0.269504
    405   h0 0.777778       1       1       1 0.700000 0.700000 0.769231       1       1     0.293162
    406   h0 0.777778       1       1       1 0.700000 0.700000 0.769231       1       1     0.293162
    407   h0 0.777778       1       1       1 0.700000 0.700000 0.769231       1       1     0.293162
    408   h0 0.736842       1       1       1 0.700000 1.000000 0.746439       1       1     0.385005
    409   h0 0.777778       1       1       1 0.700000 1.000000 0.769231       1       1     0.418803
    410   h0 0.777778       1       1       1 0.700000 1.000000 0.769231       1       1     0.418803
    411   h0 0.777778       1       1       1 0.700000 1.000000 0.769231       1       1     0.418803
    412   h0 0.947368       1       1       1 1.000000 0.700000 0.712251       1       1     0.472335
    413   h0 1.000000       1       1       1 1.000000 0.700000 0.769231       1       1     0.538462
    414   h0 1.000000       1       1       1 1.000000 0.700000 0.769231       1       1     0.538462
    415   h0 1.000000       1       1       1 1.000000 0.700000 0.769231       1       1     0.538462
    416   h0 0.502924       1       1       1 0.677273 0.618182 0.888889       1       1     0.187167
    417   h0 0.666667       1       1       1 0.700000 0.700000 0.923077       1       1     0.301538
    418   h0 0.666667       1       1       1 0.700000 0.700000 0.923077       1       1     0.301538
    419   h0 0.666667       1       1       1 0.700000 0.700000 0.923077       1       1     0.301538
    420   h0 0.842105       1       1       1 0.668182 0.659091 0.740741       1       1     0.274709
    421   h0 0.888889       1       1       1 0.700000 0.700000 0.769231       1       1     0.335043
    422   h0 0.888889       1       1       1 0.700000 0.700000 0.769231       1       1     0.335043
    423   h0 0.888889       1       1       1 0.700000 0.700000 0.769231       1       1     0.335043
    424   h0 0.842105       1       1       1 0.668182 0.909091 0.740741       1       1     0.378909
    425   h0 0.888889       1       1       1 0.700000 1.000000 0.769231       1       1     0.478632
    426   h0 0.888889       1       1       1 0.700000 1.000000 0.769231       1       1     0.478632
    427   h0 0.888889       1       1       1 0.700000 1.000000 0.569801       1       1     0.354543
    448   h0 0.947368       1       1       1 0.668182 0.763636 0.814815       1       1     0.393876
    449   h0 1.000000       1       1       1 0.700000 0.800000 0.846154       1       1     0.473846
    450   h0 1.000000       1       1       1 0.700000 0.800000 0.846154       1       1     0.473846
    451   h0 1.000000       1       1       1 0.700000 0.800000 0.846154       1       1     0.473846
    452   h0 1.000000       1       1       1 0.700000 0.800000 0.532764       1       1     0.298348
    453   h0 0.210526       1       1       1 0.668182 0.954545 0.279202       1       1     0.037490
    454   h0 0.619883       1       1       1 0.700000 1.000000 0.769231       1       1     0.333783
    455   h0 0.666667       1       1       1 0.700000 1.000000 0.769231       1       1     0.358974
    456   h0 0.666667       1       1       1 0.700000 1.000000 0.769231       1       1     0.358974
    457   h0 0.666667       1       1       1 0.700000 1.000000 0.740741       1       1     0.345679
    458   h0 0.947368       1       1       1 0.668182 0.954545 0.923077       1       1     0.557761
    459   h0 1.000000       1       1       1 0.700000 1.000000 0.923077       1       1     0.646154
    460   h0 1.000000       1       1       1 0.700000 1.000000 0.923077       1       1     0.646154
    461   h0 1.000000       1       1       1 0.700000 1.000000 0.923077       1       1     0.646154
    462   h0 1.000000       1       1       1 0.700000 1.000000 0.581197       1       1     0.406838
    463   h0 0.631579       1       1       1 0.954545 0.668182 0.740741       1       1     0.298391
    464   h0 0.666667       1       1       1 1.000000 0.700000 0.769231       1       1     0.358974
    465   h0 0.666667       1       1       1 1.000000 0.700000 0.769231       1       1     0.358974
    466   h0 0.666667       1       1       1 1.000000 0.700000 0.769231       1       1     0.358974
    467   h0 0.666667       1       1       1 1.000000 0.700000 0.484330       1       1     0.226021
    812   h1 0.596491       1       1       1 0.954545 0.800000 0.769231       1       1     0.350386
    813   h1 0.666667       1       1       1 1.000000 0.750000 0.769231       1       1     0.384615
    814   h1 0.666667       1       1       1 1.000000 0.686364 0.769231       1       1     0.351981
    815   h1 0.795322       1       1       1 0.668182 0.900000 0.769231       1       1     0.367906
    816   h1 0.888889       1       1       1 0.700000 0.900000 0.769231       1       1     0.430769
    817   h1 0.888889       1       1       1 0.700000 0.900000 0.769231       1       1     0.430769
    818   h1 0.596491       1       1       1 0.954545 0.800000 0.769231       1       1     0.350386
    819   h1 0.666667       1       1       1 1.000000 0.800000 0.769231       1       1     0.410256
    820   h1 0.666667       1       1       1 1.000000 0.800000 0.769231       1       1     0.410256
    821   h1 0.894737       1       1       1 0.668182 0.700000 0.769231       1       1     0.321918
    822   h1 1.000000       1       1       1 0.700000 0.650000 0.769231       1       1     0.350000
    823   h1 1.000000       1       1       1 0.700000 0.595455 0.769231       1       1     0.320629
    860   h1 0.795322       1       1       1 0.763636 1.000000 0.846154       1       1     0.513900
    861   h1 0.888889       1       1       1 0.800000 1.000000 0.846154       1       1     0.601709
    862   h1 0.888889       1       1       1 0.800000 1.000000 0.846154       1       1     0.601709
    863   h1 0.888889       1       1       1 0.800000 1.000000 0.846154       1       1     0.601709
    864   h1 0.596491       1       1       1 0.954545 0.700000 1.000000       1       1     0.398565
    865   h1 0.666667       1       1       1 1.000000 0.700000 1.000000       1       1     0.466667
    866   h1 0.666667       1       1       1 1.000000 0.700000 1.000000       1       1     0.466667
    867   h1 0.666667       1       1       1 1.000000 0.700000 1.000000       1       1     0.466667
    868   h1 0.842105       1       1       1 0.954545 0.677273 0.683761       1       1     0.372247
    869   h1 1.000000       1       1       1 1.000000 0.700000 0.769231       1       1     0.538462
    870   h1 1.000000       1       1       1 1.000000 0.700000 0.769231       1       1     0.538462
    871   h1 1.000000       1       1       1 1.000000 0.700000 0.769231       1       1     0.538462
    872   h1 0.596491       1       1       1 0.700000 0.700000 0.757835       1       1     0.221500
    873   h1 0.666667       1       1       1 0.700000 0.700000 0.769231       1       1     0.251282
    874   h1 0.666667       1       1       1 0.700000 0.700000 0.769231       1       1     0.251282
    875   h1 0.666667       1       1       1 0.700000 0.700000 0.769231       1       1     0.251282
    876   h1 0.695906       1       1       1 0.700000 1.000000 0.769231       1       1     0.374719
    877   h1 0.777778       1       1       1 0.700000 1.000000 0.769231       1       1     0.418803
    878   h1 0.777778       1       1       1 0.700000 1.000000 0.769231       1       1     0.418803
    879   h1 0.777778       1       1       1 0.700000 1.000000 0.769231       1       1     0.418803
    880   h1 0.894737       1       1       1 1.000000 0.700000 0.814815       1       1     0.510331
    881   h1 1.000000       1       1       1 1.000000 0.700000 0.846154       1       1     0.592308
    882   h1 1.000000       1       1       1 1.000000 0.700000 0.769231       1       1     0.538462
    883   h1 1.000000       1       1       1 1.000000 0.700000 0.769231       1       1     0.538462
    884   h1 0.479532       1       1       1 0.663636 0.618182 0.925926       1       1     0.182155
    885   h1 0.666667       1       1       1 0.700000 0.700000 1.000000       1       1     0.326667
    886   h1 0.666667       1       1       1 0.700000 0.700000 1.000000       1       1     0.326667
    887   h1 0.666667       1       1       1 0.700000 0.700000 1.000000       1       1     0.326667
    888   h1 0.947368       1       1       1 0.668182 0.600000 0.769231       1       1     0.292160
    889   h1 1.000000       1       1       1 0.700000 0.650000 0.769231       1       1     0.350000
    890   h1 1.000000       1       1       1 0.700000 0.695455 0.769231       1       1     0.374476
    891   h1 1.000000       1       1       1 0.700000 0.600000 0.769231       1       1     0.323077
    892   h1 0.695906       1       1       1 0.668182 1.000000 0.769231       1       1     0.357686
    893   h1 0.777778       1       1       1 0.700000 1.000000 0.769231       1       1     0.418803
    894   h1 0.777778       1       1       1 0.700000 1.000000 0.769231       1       1     0.418803
    895   h1 0.777778       1       1       1 0.700000 1.000000 0.555556       1       1     0.302469
    916   h1 0.894737       1       1       1 0.668182 0.800000 0.846154       1       1     0.404696
    917   h1 1.000000       1       1       1 0.700000 0.800000 0.846154       1       1     0.473846
    918   h1 1.000000       1       1       1 0.700000 0.800000 0.846154       1       1     0.473846
    919   h1 1.000000       1       1       1 0.700000 0.800000 0.846154       1       1     0.473846
    920   h1 1.000000       1       1       1 0.700000 0.800000 0.532764       1       1     0.298348
    921   h1 0.298246       1       1       1 0.763636 1.000000 0.307692       1       1     0.070077
    922   h1 0.631579       1       1       1 0.800000 1.000000 0.769231       1       1     0.388664
    923   h1 0.666667       1       1       1 0.800000 1.000000 0.769231       1       1     0.410256
    924   h1 0.666667       1       1       1 0.800000 1.000000 0.769231       1       1     0.410256
    925   h1 0.666667       1       1       1 0.800000 1.000000 0.740741       1       1     0.395062
    926   h1 0.894737       1       1       1 0.668182 1.000000 0.923077       1       1     0.551859
    927   h1 1.000000       1       1       1 0.700000 1.000000 0.923077       1       1     0.646154
    928   h1 1.000000       1       1       1 0.700000 1.000000 0.923077       1       1     0.646154
    929   h1 1.000000       1       1       1 0.700000 1.000000 0.923077       1       1     0.646154
    930   h1 1.000000       1       1       1 0.700000 1.000000 0.547009       1       1     0.382906
    931   h1 0.619883       1       1       1 0.954545 0.700000 0.769231       1       1     0.318611
    932   h1 0.666667       1       1       1 1.000000 0.700000 0.769231       1       1     0.358974
    933   h1 0.666667       1       1       1 1.000000 0.700000 0.769231       1       1     0.358974
    934   h1 0.666667       1       1       1 1.000000 0.700000 0.769231       1       1     0.358974
    935   h1 0.666667       1       1       1 1.000000 0.700000 0.455840       1       1     0.212726