 ChipID Half   Layer0  Layer1  Layer2  Layer3  Layer4   Layer5   Layer6  Layer7  Layer8  Pseaudo_Eff
    344   h0 0.631579       1   0.665       1       1 0.668182 0.740741       1       1     0.207879
    345   h0 0.666667       1   0.700       1       1 0.700000 0.769231       1       1     0.251282
    346   h0 0.666667       1   0.700       1       1 0.700000 0.769231       1       1     0.251282
    347   h0 0.842105       1   0.950       1       1 0.859091 0.740741       1       1     0.509091
    348   h0 0.888889       1   1.000       1       1 0.900000 0.769231       1       1     0.615385
    349   h0 0.888889       1   1.000       1       1 0.900000 0.769231       1       1     0.615385
    350   h0 0.631579       1   0.665       1       1 0.727273 0.740741       1       1     0.226263
    351   h0 0.666667       1   0.700       1       1 0.800000 0.769231       1       1     0.287179
    352   h0 0.666667       1   0.700       1       1 0.800000 0.769231       1       1     0.287179
    353   h0 0.947368       1   0.760       1       1 0.645455 0.740741       1       1     0.344242
    354   h0 1.000000       1   0.800       1       1 0.700000 0.769231       1       1     0.430769
    355   h0 1.000000       1   0.800       1       1 0.700000 0.769231       1       1     0.430769
    392   h0 0.842105       1   0.665       1       1 0.954545 0.814815       1       1     0.435556
    393   h0 0.888889       1   0.700       1       1 1.000000 0.846154       1       1     0.526496
    394   h0 0.888889       1   0.700       1       1 1.000000 0.846154       1       1     0.526496
    395   h0 0.888889       1   0.700       1       1 1.000000 0.846154       1       1     0.526496
    396   h0 0.631579       1   0.855       1       1 0.668182 0.962963       1       1     0.347455
    397   h0 0.666667       1   0.900       1       1 0.700000 1.000000       1       1     0.420000
    398   h0 0.666667       1   0.900       1       1 0.700000 1.000000       1       1     0.420000
    399   h0 0.666667       1   0.900       1       1 0.700000 1.000000       1       1     0.420000
    400   h0 0.789474       1   0.850       1       1 0.654545 0.649573       1       1     0.285315
    401   h0 1.000000       1   1.000       1       1 0.700000 0.769231       1       1     0.538462
    402   h0 1.000000       1   1.000       1       1 0.700000 0.769231       1       1     0.538462
    403   h0 1.000000       1   1.000       1       1 0.700000 0.769231       1       1     0.538462
    404   h0 0.736842       1   0.700       1       1 0.700000 0.746439       1       1     0.269504
    405   h0 0.777778       1   0.700       1       1 0.700000 0.769231       1       1     0.293162
    406   h0 0.777778       1   0.700       1       1 0.700000 0.769231       1       1     0.293162
    407   h0 0.777778       1   0.700       1       1 0.700000 0.769231       1       1     0.293162
    408   h0 0.736842       1   0.700       1       1 1.000000 0.746439       1       1     0.385005
    409   h0 0.777778       1   0.700       1       1 1.000000 0.769231       1       1     0.418803
    410   h0 0.777778       1   0.700       1       1 1.000000 0.769231       1       1     0.418803
    411   h0 0.777778       1   0.700       1       1 1.000000 0.769231       1       1     0.418803
    412   h0 0.947368       1   1.000       1       1 0.700000 0.712251       1       1     0.472335
    413   h0 1.000000       1   1.000       1       1 0.700000 0.769231       1       1     0.538462
    414   h0 1.000000       1   1.000       1       1 0.700000 0.769231       1       1     0.538462
    415   h0 1.000000       1   1.000       1       1 0.700000 0.769231       1       1     0.538462
    416   h0 0.502924       1   0.610       1       1 0.618182 0.888889       1       1     0.168576
    417   h0 0.666667       1   0.700       1       1 0.700000 0.923077       1       1     0.301538
    418   h0 0.666667       1   0.700       1       1 0.700000 0.923077       1       1     0.301538
    419   h0 0.666667       1   0.700       1       1 0.700000 0.923077       1       1     0.301538
    420   h0 0.842105       1   0.665       1       1 0.659091 0.740741       1       1     0.273401
    421   h0 0.888889       1   0.700       1       1 0.700000 0.769231       1       1     0.335043
    422   h0 0.888889       1   0.700       1       1 0.700000 0.769231       1       1     0.335043
    423   h0 0.888889       1   0.700       1       1 0.700000 0.769231       1       1     0.335043
    424   h0 0.842105       1   0.950       1       1 0.909091 0.740741       1       1     0.538721
    425   h0 0.888889       1   1.000       1       1 1.000000 0.769231       1       1     0.683761
    426   h0 0.888889       1   1.000       1       1 1.000000 0.769231       1       1     0.683761
    427   h0 0.888889       1   1.000       1       1 1.000000 0.569801       1       1     0.506489
    448   h0 0.947368       1   0.855       1       1 0.763636 0.814815       1       1     0.504000
    449   h0 1.000000       1   0.900       1       1 0.800000 0.846154       1       1     0.609231
    450   h0 1.000000       1   0.900       1       1 0.800000 0.846154       1       1     0.609231
    451   h0 1.000000       1   0.900       1       1 0.800000 0.846154       1       1     0.609231
    452   h0 1.000000       1   0.810       1       1 0.800000 0.532764       1       1     0.345231
    453   h0 0.210526       1   0.475       1       1 0.954545 0.279202       1       1     0.026651
    454   h0 0.619883       1   0.690       1       1 1.000000 0.769231       1       1     0.329015
    455   h0 0.666667       1   0.700       1       1 1.000000 0.769231       1       1     0.358974
    456   h0 0.666667       1   0.700       1       1 1.000000 0.769231       1       1     0.358974
    457   h0 0.666667       1   0.650       1       1 1.000000 0.740741       1       1     0.320988
    458   h0 0.947368       1   0.950       1       1 0.954545 0.923077       1       1     0.793007
    459   h0 1.000000       1   1.000       1       1 1.000000 0.923077       1       1     0.923077
    460   h0 1.000000       1   1.000       1       1 1.000000 0.923077       1       1     0.923077
    461   h0 1.000000       1   1.000       1       1 1.000000 0.923077       1       1     0.923077
    462   h0 1.000000       1   0.900       1       1 1.000000 0.581197       1       1     0.523077
    463   h0 0.631579       1   0.760       1       1 0.668182 0.740741       1       1     0.237576
    464   h0 0.666667       1   0.800       1       1 0.700000 0.769231       1       1     0.287179
    465   h0 0.666667       1   0.800       1       1 0.700000 0.769231       1       1     0.287179
    466   h0 0.666667       1   0.800       1       1 0.700000 0.769231       1       1     0.287179
    467   h0 0.666667       1   0.720       1       1 0.700000 0.484330       1       1     0.162735
    812   h1 0.596491       1   0.695       1       1 0.800000 0.769231       1       1     0.255115
    813   h1 0.666667       1   0.700       1       1 0.750000 0.769231       1       1     0.269231
    814   h1 0.666667       1   0.700       1       1 0.686364 0.769231       1       1     0.246387
    815   h1 0.795322       1   0.950       1       1 0.900000 0.769231       1       1     0.523077
    816   h1 0.888889       1   1.000       1       1 0.900000 0.769231       1       1     0.615385
    817   h1 0.888889       1   1.000       1       1 0.900000 0.769231       1       1     0.615385
    818   h1 0.596491       1   0.700       1       1 0.800000 0.769231       1       1     0.256950
    819   h1 0.666667       1   0.700       1       1 0.800000 0.769231       1       1     0.287179
    820   h1 0.666667       1   0.700       1       1 0.800000 0.769231       1       1     0.287179
    821   h1 0.894737       1   0.800       1       1 0.700000 0.769231       1       1     0.385425
    822   h1 1.000000       1   0.800       1       1 0.650000 0.769231       1       1     0.400000
    823   h1 1.000000       1   0.800       1       1 0.595455 0.769231       1       1     0.366434
    860   h1 0.795322       1   0.665       1       1 1.000000 0.846154       1       1     0.447521
    861   h1 0.888889       1   0.700       1       1 1.000000 0.846154       1       1     0.526496
    862   h1 0.888889       1   0.700       1       1 1.000000 0.846154       1       1     0.526496
    863   h1 0.888889       1   0.700       1       1 1.000000 0.846154       1       1     0.526496
    864   h1 0.596491       1   0.855       1       1 0.700000 1.000000       1       1     0.357000
    865   h1 0.666667       1   0.900       1       1 0.700000 1.000000       1       1     0.420000
    866   h1 0.666667       1   0.900       1       1 0.700000 1.000000       1       1     0.420000
    867   h1 0.666667       1   0.900       1       1 0.700000 1.000000       1       1     0.420000
    868   h1 0.842105       1   0.900       1       1 0.677273 0.683761       1       1     0.350975
    869   h1 1.000000       1   1.000       1       1 0.700000 0.769231       1       1     0.538462
    870   h1 1.000000       1   1.000       1       1 0.700000 0.769231       1       1     0.538462
    871   h1 1.000000       1   1.000       1       1 0.700000 0.769231       1       1     0.538462
    872   h1 0.596491       1   0.700       1       1 0.700000 0.757835       1       1     0.221500
    873   h1 0.666667       1   0.700       1       1 0.700000 0.769231       1       1     0.251282
    874   h1 0.666667       1   0.700       1       1 0.700000 0.769231       1       1     0.251282
    875   h1 0.666667       1   0.700       1       1 0.700000 0.769231       1       1     0.251282
    876   h1 0.695906       1   0.700       1       1 1.000000 0.769231       1       1     0.374719
    877   h1 0.777778       1   0.700       1       1 1.000000 0.769231       1       1     0.418803
    878   h1 0.777778       1   0.700       1       1 1.000000 0.769231       1       1     0.418803
    879   h1 0.777778       1   0.700       1       1 1.000000 0.769231       1       1     0.418803
    880   h1 0.894737       1   1.000       1       1 0.700000 0.814815       1       1     0.510331
    881   h1 1.000000       1   1.000       1       1 0.700000 0.846154       1       1     0.592308
    882   h1 1.000000       1   1.000       1       1 0.700000 0.769231       1       1     0.538462
    883   h1 1.000000       1   1.000       1       1 0.700000 0.769231       1       1     0.538462
    884   h1 0.479532       1   0.625       1       1 0.618182 0.925926       1       1     0.171550
    885   h1 0.666667       1   0.700       1       1 0.700000 1.000000       1       1     0.326667
    886   h1 0.666667       1   0.700       1       1 0.700000 1.000000       1       1     0.326667
    887   h1 0.666667       1   0.700       1       1 0.700000 1.000000       1       1     0.326667
    888   h1 0.947368       1   0.700       1       1 0.600000 0.769231       1       1     0.306073
    889   h1 1.000000       1   0.700       1       1 0.650000 0.769231       1       1     0.350000
    890   h1 1.000000       1   0.700       1       1 0.695455 0.769231       1       1     0.374476
    891   h1 1.000000       1   0.700       1       1 0.600000 0.769231       1       1     0.323077
    892   h1 0.695906       1   1.000       1       1 1.000000 0.769231       1       1     0.535313
    893   h1 0.777778       1   1.000       1       1 1.000000 0.769231       1       1     0.598291
    894   h1 0.777778       1   1.000       1       1 1.000000 0.769231       1       1     0.598291
    895   h1 0.777778       1   1.000       1       1 1.000000 0.555556       1       1     0.432099
    916   h1 0.894737       1   0.900       1       1 0.800000 0.846154       1       1     0.545101
    917   h1 1.000000       1   0.900       1       1 0.800000 0.846154       1       1     0.609231
    918   h1 1.000000       1   0.900       1       1 0.800000 0.846154       1       1     0.609231
    919   h1 1.000000       1   0.900       1       1 0.800000 0.846154       1       1     0.609231
    920   h1 1.000000       1   0.810       1       1 0.800000 0.532764       1       1     0.345231
    921   h1 0.298246       1   0.510       1       1 1.000000 0.307692       1       1     0.046802
    922   h1 0.631579       1   0.690       1       1 1.000000 0.769231       1       1     0.335223
    923   h1 0.666667       1   0.700       1       1 1.000000 0.769231       1       1     0.358974
    924   h1 0.666667       1   0.700       1       1 1.000000 0.769231       1       1     0.358974
    925   h1 0.666667       1   0.650       1       1 1.000000 0.740741       1       1     0.320988
    926   h1 0.894737       1   1.000       1       1 1.000000 0.923077       1       1     0.825911
    927   h1 1.000000       1   1.000       1       1 1.000000 0.923077       1       1     0.923077
    928   h1 1.000000       1   1.000       1       1 1.000000 0.923077       1       1     0.923077
    929   h1 1.000000       1   1.000       1       1 1.000000 0.923077       1       1     0.923077
    930   h1 1.000000       1   0.900       1       1 1.000000 0.547009       1       1     0.492308
    931   h1 0.619883       1   0.800       1       1 0.700000 0.769231       1       1     0.267027
    932   h1 0.666667       1   0.800       1       1 0.700000 0.769231       1       1     0.287179
    933   h1 0.666667       1   0.800       1       1 0.700000 0.769231       1       1     0.287179
    934   h1 0.666667       1   0.800       1       1 0.700000 0.769231       1       1     0.287179
    935   h1 0.666667       1   0.720       1       1 0.700000 0.455840       1       1     0.153162