 ChipID Half   Layer0  Layer1  Layer2  Layer3   Layer4   Layer5  Layer6  Layer7  Layer8  Pseaudo_Eff
    332   h0 0.631579       1   0.950       1 0.668182 0.867769       1       1       1     0.347896
    333   h0 0.666667       1   1.000       1 0.700000 0.909091       1       1       1     0.424242
    334   h0 0.666667       1   1.000       1 0.700000 0.867769       1       1       1     0.404959
    335   h0 0.947368       1   0.665       1 0.668182 0.867769       1       1       1     0.365291
    336   h0 1.000000       1   0.700       1 0.700000 0.909091       1       1       1     0.445455
    337   h0 1.000000       1   0.700       1 0.700000 0.909091       1       1       1     0.445455
    338   h0 0.736842       1   0.665       1 0.954545 0.661157       1       1       1     0.309241
    339   h0 0.777778       1   0.700       1 1.000000 0.727273       1       1       1     0.395960
    340   h0 0.777778       1   0.700       1 1.000000 0.727273       1       1       1     0.395960
    341   h0 0.947368       1   0.950       1 0.668182 0.665289       1       1       1     0.400081
    342   h0 1.000000       1   1.000       1 0.700000 0.727273       1       1       1     0.509091
    343   h0 1.000000       1   1.000       1 0.677273 0.723140       1       1       1     0.489763
    356   h0 0.631579       1   0.665       1 0.954545 0.694215       1       1       1     0.278317
    357   h0 0.666667       1   0.700       1 1.000000 0.727273       1       1       1     0.339394
    358   h0 0.666667       1   0.700       1 1.000000 0.727273       1       1       1     0.339394
    359   h0 0.666667       1   0.700       1 1.000000 0.727273       1       1       1     0.339394
    360   h0 0.947368       1   0.950       1 0.668182 0.780992       1       1       1     0.469660
    361   h0 1.000000       1   1.000       1 0.700000 0.818182       1       1       1     0.572727
    362   h0 1.000000       1   1.000       1 0.700000 0.818182       1       1       1     0.572727
    363   h0 1.000000       1   1.000       1 0.700000 0.818182       1       1       1     0.572727
    364   h0 0.684211       1   0.675       1 0.604545 0.710744       1       1       1     0.198443
    365   h0 1.000000       1   0.900       1 0.700000 0.727273       1       1       1     0.458182
    366   h0 1.000000       1   0.900       1 0.700000 0.727273       1       1       1     0.458182
    367   h0 1.000000       1   0.900       1 0.700000 0.727273       1       1       1     0.458182
    368   h0 0.631579       1   0.700       1 0.700000 1.000000       1       1       1     0.309474
    369   h0 0.666667       1   0.700       1 0.700000 1.000000       1       1       1     0.326667
    370   h0 0.666667       1   0.700       1 0.700000 1.000000       1       1       1     0.326667
    371   h0 0.666667       1   0.700       1 0.700000 1.000000       1       1       1     0.326667
    372   h0 0.947368       1   1.000       1 1.000000 0.727273       1       1       1     0.688995
    373   h0 1.000000       1   1.000       1 1.000000 0.727273       1       1       1     0.727273
    374   h0 1.000000       1   1.000       1 1.000000 0.727273       1       1       1     0.727273
    375   h0 1.000000       1   1.000       1 1.000000 0.727273       1       1       1     0.727273
    376   h0 0.666667       1   0.700       1 0.800000 0.727273       1       1       1     0.271515
    377   h0 0.666667       1   0.700       1 0.800000 0.727273       1       1       1     0.271515
    378   h0 0.666667       1   0.700       1 0.800000 0.727273       1       1       1     0.271515
    379   h0 0.666667       1   0.700       1 0.800000 0.727273       1       1       1     0.271515
    380   h0 0.573099       1   0.610       1 0.663636 1.000000       1       1       1     0.232001
    381   h0 0.777778       1   0.700       1 0.700000 1.000000       1       1       1     0.381111
    382   h0 0.777778       1   0.700       1 0.700000 1.000000       1       1       1     0.381111
    383   h0 0.777778       1   0.690       1 0.700000 1.000000       1       1       1     0.375667
    384   h0 0.947368       1   0.760       1 0.668182 0.780992       1       1       1     0.375728
    385   h0 1.000000       1   0.800       1 0.700000 0.818182       1       1       1     0.458182
    386   h0 1.000000       1   0.800       1 0.700000 0.818182       1       1       1     0.458182
    387   h0 1.000000       1   0.800       1 0.700000 0.818182       1       1       1     0.458182
    388   h0 0.631579       1   0.950       1 0.859091 0.909091       1       1       1     0.468595
    389   h0 0.666667       1   1.000       1 0.900000 1.000000       1       1       1     0.600000
    390   h0 0.666667       1   1.000       1 0.900000 1.000000       1       1       1     0.600000
    391   h0 0.666667       1   1.000       1 0.900000 1.000000       1       1       1     0.600000
    428   h0 0.736842       1   0.665       1 0.668182 0.954545       1       1       1     0.312527
    429   h0 0.777778       1   0.700       1 0.700000 1.000000       1       1       1     0.381111
    430   h0 0.777778       1   0.700       1 0.700000 1.000000       1       1       1     0.381111
    431   h0 0.777778       1   0.700       1 0.700000 1.000000       1       1       1     0.381111
    432   h0 0.777778       1   0.595       1 0.700000 1.000000       1       1       1     0.323944
    433   h0 0.631579       1   0.855       1 0.954545 0.694215       1       1       1     0.357836
    434   h0 0.666667       1   0.900       1 1.000000 0.727273       1       1       1     0.436364
    435   h0 0.666667       1   0.900       1 1.000000 0.727273       1       1       1     0.436364
    436   h0 0.666667       1   0.900       1 1.000000 0.727273       1       1       1     0.436364
    437   h0 0.666667       1   0.765       1 1.000000 0.727273       1       1       1     0.370909
    438   h0 0.947368       1   0.950       1 0.954545 0.780992       1       1       1     0.670943
    439   h0 1.000000       1   1.000       1 1.000000 0.818182       1       1       1     0.818182
    440   h0 1.000000       1   1.000       1 1.000000 0.818182       1       1       1     0.818182
    441   h0 1.000000       1   1.000       1 1.000000 0.818182       1       1       1     0.818182
    442   h0 1.000000       1   0.850       1 1.000000 0.818182       1       1       1     0.695455
    443   h0 0.631579       1   0.665       1 0.859091 0.694215       1       1       1     0.250485
    444   h0 0.666667       1   0.700       1 0.900000 0.727273       1       1       1     0.305455
    445   h0 0.666667       1   0.700       1 0.900000 0.727273       1       1       1     0.305455
    446   h0 0.666667       1   0.700       1 0.900000 0.727273       1       1       1     0.305455
    447   h0 0.666667       1   0.595       1 0.900000 0.727273       1       1       1     0.259636
    800   h1 0.631579       1   1.000       1 0.700000 0.909091       1       1       1     0.401914
    801   h1 0.666667       1   1.000       1 0.700000 0.859504       1       1       1     0.401102
    802   h1 0.666667       1   1.000       1 0.690909 0.743802       1       1       1     0.342600
    803   h1 0.947368       1   0.670       1 0.800000 1.000000       1       1       1     0.507789
    804   h1 1.000000       1   0.700       1 0.800000 1.000000       1       1       1     0.560000
    805   h1 1.000000       1   0.700       1 0.800000 1.000000       1       1       1     0.560000
    806   h1 0.842105       1   0.700       1 0.900000 0.818182       1       1       1     0.434067
    807   h1 0.888889       1   0.700       1 0.900000 0.768595       1       1       1     0.430413
    808   h1 0.888889       1   0.700       1 0.900000 0.739669       1       1       1     0.414215
    809   h1 0.842105       1   1.000       1 0.700000 0.727273       1       1       1     0.428708
    810   h1 0.888889       1   1.000       1 0.700000 0.677686       1       1       1     0.421671
    811   h1 0.888889       1   1.000       1 0.681818 0.636364       1       1       1     0.385675
    824   h1 0.631579       1   0.665       1 1.000000 0.727273       1       1       1     0.305455
    825   h1 0.666667       1   0.700       1 1.000000 0.727273       1       1       1     0.339394
    826   h1 0.666667       1   0.700       1 1.000000 0.727273       1       1       1     0.339394
    827   h1 0.666667       1   0.700       1 1.000000 0.727273       1       1       1     0.339394
    828   h1 0.947368       1   0.950       1 0.700000 0.727273       1       1       1     0.458182
    829   h1 1.000000       1   1.000       1 0.700000 0.727273       1       1       1     0.509091
    830   h1 1.000000       1   1.000       1 0.700000 0.727273       1       1       1     0.509091
    831   h1 1.000000       1   1.000       1 0.700000 0.727273       1       1       1     0.509091
    832   h1 0.736842       1   0.720       1 0.604545 0.702479       1       1       1     0.225304
    833   h1 1.000000       1   0.900       1 0.700000 0.727273       1       1       1     0.458182
    834   h1 1.000000       1   0.900       1 0.700000 0.727273       1       1       1     0.458182
    835   h1 1.000000       1   0.900       1 0.700000 0.727273       1       1       1     0.458182
    836   h1 0.631579       1   0.700       1 0.700000 1.000000       1       1       1     0.309474
    837   h1 0.666667       1   0.700       1 0.700000 1.000000       1       1       1     0.326667
    838   h1 0.666667       1   0.700       1 0.700000 1.000000       1       1       1     0.326667
    839   h1 0.666667       1   0.700       1 0.700000 1.000000       1       1       1     0.326667
    840   h1 0.947368       1   1.000       1 1.000000 0.818182       1       1       1     0.775120
    841   h1 1.000000       1   1.000       1 1.000000 0.818182       1       1       1     0.818182
    842   h1 1.000000       1   1.000       1 1.000000 0.818182       1       1       1     0.818182
    843   h1 1.000000       1   1.000       1 1.000000 0.818182       1       1       1     0.818182
    844   h1 0.666667       1   0.700       1 0.700000 0.727273       1       1       1     0.237576
    845   h1 0.666667       1   0.700       1 0.700000 0.727273       1       1       1     0.237576
    846   h1 0.666667       1   0.700       1 0.700000 0.727273       1       1       1     0.237576
    847   h1 0.666667       1   0.700       1 0.700000 0.727273       1       1       1     0.237576
    848   h1 0.573099       1   0.640       1 0.677273 0.909091       1       1       1     0.225830
    849   h1 0.777778       1   0.700       1 0.700000 0.909091       1       1       1     0.346465
    850   h1 0.777778       1   0.700       1 0.700000 0.909091       1       1       1     0.346465
    851   h1 0.777778       1   0.685       1 0.700000 0.909091       1       1       1     0.339040
    852   h1 1.000000       1   0.800       1 0.700000 0.727273       1       1       1     0.407273
    853   h1 1.000000       1   0.800       1 0.700000 0.727273       1       1       1     0.407273
    854   h1 1.000000       1   0.800       1 0.700000 0.727273       1       1       1     0.407273
    855   h1 1.000000       1   0.800       1 0.700000 0.727273       1       1       1     0.407273
    856   h1 0.637427       1   1.000       1 0.900000 1.000000       1       1       1     0.573684
    857   h1 0.666667       1   1.000       1 0.900000 1.000000       1       1       1     0.600000
    858   h1 0.666667       1   1.000       1 0.900000 1.000000       1       1       1     0.600000
    859   h1 0.666667       1   1.000       1 0.900000 1.000000       1       1       1     0.600000
    896   h1 0.631579       1   0.685       1 0.700000 1.000000       1       1       1     0.302842
    897   h1 0.666667       1   0.700       1 0.700000 1.000000       1       1       1     0.326667
    898   h1 0.666667       1   0.700       1 0.700000 1.000000       1       1       1     0.326667
    899   h1 0.666667       1   0.700       1 0.700000 1.000000       1       1       1     0.326667
    900   h1 0.666667       1   0.560       1 0.700000 1.000000       1       1       1     0.261333
    901   h1 0.631579       1   0.900       1 1.000000 0.727273       1       1       1     0.413397
    902   h1 0.777778       1   0.900       1 1.000000 0.727273       1       1       1     0.509091
    903   h1 0.777778       1   0.900       1 1.000000 0.727273       1       1       1     0.509091
    904   h1 0.777778       1   0.900       1 1.000000 0.727273       1       1       1     0.509091
    905   h1 0.777778       1   0.720       1 1.000000 0.727273       1       1       1     0.407273
    906   h1 0.947368       1   1.000       1 1.000000 0.909091       1       1       1     0.861244
    907   h1 1.000000       1   1.000       1 1.000000 0.909091       1       1       1     0.909091
    908   h1 1.000000       1   1.000       1 1.000000 0.909091       1       1       1     0.909091
    909   h1 1.000000       1   1.000       1 1.000000 0.909091       1       1       1     0.909091
    910   h1 1.000000       1   0.800       1 1.000000 0.909091       1       1       1     0.727273
    911   h1 0.643275       1   0.700       1 0.800000 0.727273       1       1       1     0.261988
    912   h1 0.666667       1   0.700       1 0.800000 0.727273       1       1       1     0.271515
    913   h1 0.666667       1   0.700       1 0.800000 0.727273       1       1       1     0.271515
    914   h1 0.666667       1   0.700       1 0.800000 0.727273       1       1       1     0.271515
    915   h1 0.666667       1   0.560       1 0.800000 0.727273       1       1       1     0.217212