 ChipID Half  Layer0   Layer1  Layer2   Layer3   Layer4  Layer5  Layer6   Layer7  Layer8  Pseaudo_Eff
    344   h0       1 0.842105       1 0.761905 0.954545       1       1 0.846154       1     0.518219
    345   h0       1 0.888889       1 0.800000 1.000000       1       1 0.846154       1     0.601709
    346   h0       1 0.888889       1 0.800000 1.000000       1       1 0.846154       1     0.601709
    347   h0       1 0.842105       1 0.666667 0.668182       1       1 0.769231       1     0.288554
    348   h0       1 0.888889       1 0.700000 0.700000       1       1 0.769231       1     0.335043
    349   h0       1 0.888889       1 0.700000 0.700000       1       1 0.769231       1     0.335043
    350   h0       1 0.947368       1 0.666667 0.954545       1       1 0.769231       1     0.463747
    351   h0       1 1.000000       1 0.700000 1.000000       1       1 0.769231       1     0.538462
    352   h0       1 1.000000       1 0.700000 1.000000       1       1 0.769231       1     0.538462
    353   h0       1 0.631579       1 0.952381 0.668182       1       1 0.923077       1     0.370997
    354   h0       1 0.666667       1 1.000000 0.700000       1       1 0.923077       1     0.430769
    355   h0       1 0.666667       1 1.000000 0.668182       1       1 0.923077       1     0.411189
    392   h0       1 0.631579       1 0.952381 0.668182       1       1 0.769231       1     0.309165
    393   h0       1 0.666667       1 1.000000 0.700000       1       1 0.769231       1     0.358974
    394   h0       1 0.666667       1 1.000000 0.700000       1       1 0.769231       1     0.358974
    395   h0       1 0.666667       1 1.000000 0.700000       1       1 0.675824       1     0.315385
    396   h0       1 0.947368       1 0.666667 0.954545       1       1 0.769231       1     0.463747
    397   h0       1 1.000000       1 0.700000 1.000000       1       1 0.769231       1     0.538462
    398   h0       1 1.000000       1 0.700000 1.000000       1       1 0.769231       1     0.538462
    399   h0       1 1.000000       1 0.700000 1.000000       1       1 0.769231       1     0.538462
    400   h0       1 0.614035       1 0.614286 0.954545       1       1 0.769231       1     0.276960
    401   h0       1 0.777778       1 0.700000 1.000000       1       1 0.769231       1     0.418803
    402   h0       1 0.777778       1 0.700000 1.000000       1       1 0.769231       1     0.418803
    403   h0       1 0.777778       1 0.676190 1.000000       1       1 0.769231       1     0.404558
    404   h0       1 0.666667       1 0.700000 0.700000       1       1 0.923077       1     0.301538
    405   h0       1 0.666667       1 0.700000 0.700000       1       1 0.923077       1     0.301538
    406   h0       1 0.666667       1 0.700000 0.700000       1       1 0.923077       1     0.301538
    407   h0       1 0.666667       1 0.700000 0.700000       1       1 0.923077       1     0.301538
    408   h0       1 0.947368       1 1.000000 0.700000       1       1 1.000000       1     0.663158
    409   h0       1 1.000000       1 1.000000 0.700000       1       1 1.000000       1     0.700000
    410   h0       1 1.000000       1 1.000000 0.700000       1       1 1.000000       1     0.700000
    411   h0       1 1.000000       1 1.000000 0.700000       1       1 1.000000       1     0.700000
    412   h0       1 0.654971       1 0.700000 1.000000       1       1 0.923077       1     0.423212
    413   h0       1 0.666667       1 0.700000 1.000000       1       1 0.923077       1     0.430769
    414   h0       1 0.666667       1 0.700000 1.000000       1       1 0.923077       1     0.430769
    415   h0       1 0.666667       1 0.700000 1.000000       1       1 0.923077       1     0.430769
    416   h0       1 0.684211       1 0.647619 0.677273       1       1 0.769231       1     0.230850
    417   h0       1 1.000000       1 0.800000 0.700000       1       1 0.769231       1     0.430769
    418   h0       1 1.000000       1 0.800000 0.700000       1       1 0.769231       1     0.430769
    419   h0       1 1.000000       1 0.800000 0.700000       1       1 0.769231       1     0.430769
    420   h0       1 0.947368       1 0.857143 0.668182       1       1 0.769231       1     0.417372
    421   h0       1 1.000000       1 0.900000 0.700000       1       1 0.769231       1     0.484615
    422   h0       1 1.000000       1 0.900000 0.700000       1       1 0.769231       1     0.484615
    423   h0       1 1.000000       1 0.900000 0.700000       1       1 0.769231       1     0.484615
    424   h0       1 0.631579       1 0.857143 0.668182       1       1 0.769231       1     0.278248
    425   h0       1 0.666667       1 0.900000 0.700000       1       1 0.769231       1     0.323077
    426   h0       1 0.666667       1 0.900000 0.700000       1       1 0.769231       1     0.323077
    427   h0       1 0.666667       1 0.900000 0.700000       1       1 0.675824       1     0.283846
    448   h0       1 0.631579       1 0.666667 0.668182       1       1 0.769231       1     0.216415
    449   h0       1 0.666667       1 0.700000 0.700000       1       1 0.769231       1     0.251282
    450   h0       1 0.666667       1 0.700000 0.700000       1       1 0.769231       1     0.251282
    451   h0       1 0.666667       1 0.700000 0.700000       1       1 0.769231       1     0.251282
    452   h0       1 0.666667       1 0.500000 0.700000       1       1 0.384615       1     0.089744
    453   h0       1 0.947368       1 0.952381 0.668182       1       1 0.642857       1     0.387560
    454   h0       1 1.000000       1 1.000000 0.700000       1       1 0.769231       1     0.538462
    455   h0       1 1.000000       1 1.000000 0.700000       1       1 0.769231       1     0.538462
    456   h0       1 1.000000       1 1.000000 0.700000       1       1 0.769231       1     0.538462
    457   h0       1 1.000000       1 0.714286 0.700000       1       1 0.461538       1     0.230769
    458   h0       1 0.736842       1 0.952381 0.668182       1       1 0.670330       1     0.314317
    459   h0       1 0.777778       1 1.000000 0.700000       1       1 0.769231       1     0.418803
    460   h0       1 0.777778       1 1.000000 0.700000       1       1 0.769231       1     0.418803
    461   h0       1 0.777778       1 1.000000 0.700000       1       1 0.769231       1     0.418803
    462   h0       1 0.777778       1 0.714286 0.700000       1       1 0.461538       1     0.179487
    463   h0       1 0.631579       1 0.666667 0.954545       1       1 0.769231       1     0.309165
    464   h0       1 0.666667       1 0.700000 1.000000       1       1 0.769231       1     0.358974
    465   h0       1 0.666667       1 0.700000 1.000000       1       1 0.769231       1     0.358974
    466   h0       1 0.666667       1 0.700000 1.000000       1       1 0.769231       1     0.358974
    467   h0       1 0.666667       1 0.500000 1.000000       1       1 0.384615       1     0.128205
    812   h1       1 0.947368       1 0.723810 0.954545       1       1 0.846154       1     0.553846
    813   h1       1 1.000000       1 0.800000 1.000000       1       1 0.846154       1     0.676923
    814   h1       1 1.000000       1 0.800000 1.000000       1       1 0.846154       1     0.676923
    815   h1       1 0.736842       1 0.642857 0.668182       1       1 0.769231       1     0.243467
    816   h1       1 0.777778       1 0.700000 0.700000       1       1 0.769231       1     0.293162
    817   h1       1 0.777778       1 0.700000 0.700000       1       1 0.769231       1     0.293162
    818   h1       1 0.947368       1 0.666667 0.954545       1       1 0.769231       1     0.463747
    819   h1       1 1.000000       1 0.700000 1.000000       1       1 0.769231       1     0.538462
    820   h1       1 1.000000       1 0.700000 1.000000       1       1 0.769231       1     0.538462
    821   h1       1 0.631579       1 0.952381 0.668182       1       1 0.923077       1     0.370997
    822   h1       1 0.666667       1 1.000000 0.700000       1       1 0.923077       1     0.430769
    823   h1       1 0.666667       1 1.000000 0.700000       1       1 0.923077       1     0.430769
    860   h1       1 0.631579       1 0.952381 0.763636       1       1 0.769231       1     0.353331
    861   h1       1 0.666667       1 1.000000 0.800000       1       1 0.769231       1     0.410256
    862   h1       1 0.666667       1 1.000000 0.800000       1       1 0.769231       1     0.410256
    863   h1       1 0.666667       1 1.000000 0.800000       1       1 0.620879       1     0.331136
    864   h1       1 0.947368       1 0.666667 0.954545       1       1 0.769231       1     0.463747
    865   h1       1 1.000000       1 0.700000 1.000000       1       1 0.769231       1     0.538462
    866   h1       1 1.000000       1 0.700000 1.000000       1       1 0.769231       1     0.538462
    867   h1       1 1.000000       1 0.700000 1.000000       1       1 0.769231       1     0.538462
    868   h1       1 0.573099       1 0.642857 0.954545       1       1 0.846154       1     0.297571
    869   h1       1 0.777778       1 0.700000 1.000000       1       1 0.846154       1     0.460684
    870   h1       1 0.777778       1 0.700000 1.000000       1       1 0.769231       1     0.418803
    871   h1       1 0.777778       1 0.676190 1.000000       1       1 0.846154       1     0.445014
    872   h1       1 0.666667       1 0.700000 0.700000       1       1 0.923077       1     0.301538
    873   h1       1 0.666667       1 0.700000 0.700000       1       1 0.923077       1     0.301538
    874   h1       1 0.666667       1 0.700000 0.700000       1       1 0.923077       1     0.301538
    875   h1       1 0.666667       1 0.700000 0.700000       1       1 0.923077       1     0.301538
    876   h1       1 1.000000       1 1.000000 0.700000       1       1 1.000000       1     0.700000
    877   h1       1 1.000000       1 1.000000 0.700000       1       1 1.000000       1     0.700000
    878   h1       1 1.000000       1 1.000000 0.700000       1       1 1.000000       1     0.700000
    879   h1       1 1.000000       1 1.000000 0.700000       1       1 1.000000       1     0.700000
    880   h1       1 0.649123       1 0.700000 1.000000       1       1 0.846154       1     0.384480
    881   h1       1 0.666667       1 0.700000 1.000000       1       1 0.846154       1     0.394872
    882   h1       1 0.666667       1 0.700000 1.000000       1       1 0.846154       1     0.394872
    883   h1       1 0.666667       1 0.700000 1.000000       1       1 0.846154       1     0.394872
    884   h1       1 0.736842       1 0.647619 0.663636       1       1 0.747253       1     0.236642
    885   h1       1 1.000000       1 0.800000 0.700000       1       1 0.769231       1     0.430769
    886   h1       1 1.000000       1 0.800000 0.700000       1       1 0.769231       1     0.430769
    887   h1       1 1.000000       1 0.800000 0.700000       1       1 0.769231       1     0.430769
    888   h1       1 0.947368       1 0.952381 0.668182       1       1 0.769231       1     0.463747
    889   h1       1 1.000000       1 1.000000 0.700000       1       1 0.769231       1     0.538462
    890   h1       1 1.000000       1 1.000000 0.700000       1       1 0.769231       1     0.538462
    891   h1       1 1.000000       1 1.000000 0.700000       1       1 0.769231       1     0.538462
    892   h1       1 0.631579       1 0.761905 0.668182       1       1 0.769231       1     0.247332
    893   h1       1 0.666667       1 0.800000 0.700000       1       1 0.769231       1     0.287179
    894   h1       1 0.666667       1 0.800000 0.700000       1       1 0.769231       1     0.287179
    895   h1       1 0.666667       1 0.900000 0.700000       1       1 0.670330       1     0.281538
    916   h1       1 0.631579       1 0.661905 0.668182       1       1 0.769231       1     0.214869
    917   h1       1 0.666667       1 0.700000 0.700000       1       1 0.769231       1     0.251282
    918   h1       1 0.666667       1 0.700000 0.700000       1       1 0.769231       1     0.251282
    919   h1       1 0.666667       1 0.700000 0.700000       1       1 0.769231       1     0.251282
    920   h1       1 0.666667       1 0.500000 0.700000       1       1 0.376374       1     0.087821
    921   h1       1 0.947368       1 0.904762 0.763636       1       1 0.706044       1     0.462138
    922   h1       1 1.000000       1 1.000000 0.800000       1       1 0.769231       1     0.615385
    923   h1       1 1.000000       1 1.000000 0.800000       1       1 0.769231       1     0.615385
    924   h1       1 1.000000       1 1.000000 0.800000       1       1 0.769231       1     0.615385
    925   h1       1 1.000000       1 0.714286 0.800000       1       1 0.398352       1     0.227630
    926   h1       1 0.631579       1 0.900000 0.668182       1       1 0.620879       1     0.235815
    927   h1       1 0.666667       1 0.900000 0.700000       1       1 0.769231       1     0.323077
    928   h1       1 0.666667       1 1.000000 0.700000       1       1 0.769231       1     0.358974
    929   h1       1 0.666667       1 1.000000 0.700000       1       1 0.769231       1     0.358974
    930   h1       1 0.666667       1 0.714286 0.700000       1       1 0.500000       1     0.166667
    931   h1       1 0.736842       1 0.700000 0.954545       1       1 0.769231       1     0.378727
    932   h1       1 0.777778       1 0.700000 1.000000       1       1 0.769231       1     0.418803
    933   h1       1 0.777778       1 0.700000 1.000000       1       1 0.769231       1     0.418803
    934   h1       1 0.777778       1 0.700000 1.000000       1       1 0.769231       1     0.418803
    935   h1       1 0.777778       1 0.500000 1.000000       1       1 0.370879       1     0.144231