 ChipID Half  Layer0  Layer1  Layer2  Layer3  Layer4   Layer5   Layer6  Layer7   Layer8  Pseaudo_Eff
    344   h0       1       1   0.665       1       1 0.668182 0.740741       1 0.785714     0.258611
    345   h0       1       1   0.700       1       1 0.700000 0.769231       1 0.785714     0.296154
    346   h0       1       1   0.700       1       1 0.700000 0.769231       1 0.785714     0.296154
    347   h0       1       1   0.950       1       1 0.859091 0.740741       1 0.714286     0.431818
    348   h0       1       1   1.000       1       1 0.900000 0.769231       1 0.714286     0.494505
    349   h0       1       1   1.000       1       1 0.900000 0.769231       1 0.783410     0.542361
    350   h0       1       1   0.665       1       1 0.727273 0.740741       1 0.785714     0.281481
    351   h0       1       1   0.700       1       1 0.800000 0.769231       1 0.785714     0.338462
    352   h0       1       1   0.700       1       1 0.800000 0.769231       1 0.785714     0.338462
    353   h0       1       1   0.760       1       1 0.645455 0.740741       1 0.857143     0.311457
    354   h0       1       1   0.800       1       1 0.700000 0.769231       1 0.785714     0.338462
    355   h0       1       1   0.800       1       1 0.700000 0.769231       1 0.785714     0.338462
    392   h0       1       1   0.665       1       1 0.954545 0.814815       1 0.857143     0.443333
    393   h0       1       1   0.700       1       1 1.000000 0.846154       1 0.857143     0.507692
    394   h0       1       1   0.700       1       1 1.000000 0.846154       1 0.790323     0.468114
    395   h0       1       1   0.700       1       1 1.000000 0.846154       1 0.785714     0.465385
    396   h0       1       1   0.855       1       1 0.668182 0.962963       1 0.785714     0.432250
    397   h0       1       1   0.900       1       1 0.700000 1.000000       1 0.785714     0.495000
    398   h0       1       1   0.900       1       1 0.700000 1.000000       1 0.785714     0.495000
    399   h0       1       1   0.900       1       1 0.700000 1.000000       1 0.785714     0.495000
    400   h0       1       1   0.850       1       1 0.654545 0.649573       1 0.721198     0.260640
    401   h0       1       1   1.000       1       1 0.700000 0.769231       1 0.785714     0.423077
    402   h0       1       1   1.000       1       1 0.700000 0.769231       1 0.785714     0.423077
    403   h0       1       1   1.000       1       1 0.700000 0.769231       1 0.769585     0.414392
    404   h0       1       1   0.700       1       1 0.700000 0.746439       1 0.767281     0.280637
    405   h0       1       1   0.700       1       1 0.700000 0.769231       1 0.785714     0.296154
    406   h0       1       1   0.700       1       1 0.700000 0.769231       1 0.785714     0.296154
    407   h0       1       1   0.700       1       1 0.700000 0.769231       1 0.785714     0.296154
    408   h0       1       1   0.700       1       1 1.000000 0.746439       1 0.767281     0.400910
    409   h0       1       1   0.700       1       1 1.000000 0.769231       1 0.785714     0.423077
    410   h0       1       1   0.700       1       1 1.000000 0.769231       1 0.785714     0.423077
    411   h0       1       1   0.700       1       1 1.000000 0.769231       1 0.785714     0.423077
    412   h0       1       1   1.000       1       1 0.700000 0.712251       1 0.767281     0.382548
    413   h0       1       1   1.000       1       1 0.700000 0.769231       1 0.785714     0.423077
    414   h0       1       1   1.000       1       1 0.700000 0.769231       1 0.785714     0.423077
    415   h0       1       1   1.000       1       1 0.700000 0.769231       1 0.758065     0.408189
    416   h0       1       1   0.610       1       1 0.618182 0.888889       1 0.682028     0.228610
    417   h0       1       1   0.700       1       1 0.700000 0.923077       1 0.785714     0.355385
    418   h0       1       1   0.700       1       1 0.700000 0.923077       1 0.785714     0.355385
    419   h0       1       1   0.700       1       1 0.700000 0.923077       1 0.785714     0.355385
    420   h0       1       1   0.665       1       1 0.659091 0.740741       1 0.785714     0.255093
    421   h0       1       1   0.700       1       1 0.700000 0.769231       1 0.785714     0.296154
    422   h0       1       1   0.700       1       1 0.700000 0.769231       1 0.785714     0.296154
    423   h0       1       1   0.700       1       1 0.700000 0.769231       1 0.852535     0.321340
    424   h0       1       1   0.950       1       1 0.909091 0.740741       1 0.785714     0.502646
    425   h0       1       1   1.000       1       1 1.000000 0.769231       1 0.785714     0.604396
    426   h0       1       1   1.000       1       1 1.000000 0.769231       1 0.785714     0.604396
    427   h0       1       1   1.000       1       1 1.000000 0.569801       1 0.721198     0.410939
    448   h0       1       1   0.855       1       1 0.763636 0.814815       1 0.785714     0.418000
    449   h0       1       1   0.900       1       1 0.800000 0.846154       1 0.785714     0.478681
    450   h0       1       1   0.900       1       1 0.800000 0.846154       1 0.785714     0.478681
    451   h0       1       1   0.900       1       1 0.800000 0.846154       1 0.785714     0.478681
    452   h0       1       1   0.810       1       1 0.800000 0.532764       1 0.785714     0.271253
    453   h0       1       1   0.475       1       1 0.954545 0.279202       1 0.564516     0.071464
    454   h0       1       1   0.690       1       1 1.000000 0.769231       1 0.785714     0.417033
    455   h0       1       1   0.700       1       1 1.000000 0.769231       1 0.785714     0.423077
    456   h0       1       1   0.700       1       1 1.000000 0.769231       1 0.785714     0.423077
    457   h0       1       1   0.650       1       1 1.000000 0.740741       1 0.758065     0.364994
    458   h0       1       1   0.950       1       1 0.954545 0.923077       1 0.714286     0.597902
    459   h0       1       1   1.000       1       1 1.000000 0.923077       1 0.714286     0.659341
    460   h0       1       1   1.000       1       1 1.000000 0.923077       1 0.714286     0.659341
    461   h0       1       1   1.000       1       1 1.000000 0.923077       1 0.714286     0.659341
    462   h0       1       1   0.900       1       1 1.000000 0.581197       1 0.778802     0.407373
    463   h0       1       1   0.760       1       1 0.668182 0.740741       1 0.785714     0.295556
    464   h0       1       1   0.800       1       1 0.700000 0.769231       1 0.785714     0.338462
    465   h0       1       1   0.800       1       1 0.700000 0.769231       1 0.785714     0.338462
    466   h0       1       1   0.800       1       1 0.700000 0.769231       1 0.785714     0.338462
    467   h0       1       1   0.720       1       1 0.700000 0.484330       1 0.656682     0.160298
    812   h1       1       1   0.695       1       1 0.800000 0.769231       1 0.785714     0.336044
    813   h1       1       1   0.700       1       1 0.750000 0.769231       1 0.785714     0.317308
    814   h1       1       1   0.700       1       1 0.686364 0.769231       1 0.785714     0.290385
    815   h1       1       1   0.950       1       1 0.900000 0.769231       1 0.785714     0.516758
    816   h1       1       1   1.000       1       1 0.900000 0.769231       1 0.785714     0.543956
    817   h1       1       1   1.000       1       1 0.900000 0.769231       1 0.785714     0.543956
    818   h1       1       1   0.700       1       1 0.800000 0.769231       1 0.857143     0.369231
    819   h1       1       1   0.700       1       1 0.800000 0.769231       1 0.857143     0.369231
    820   h1       1       1   0.700       1       1 0.800000 0.769231       1 0.857143     0.369231
    821   h1       1       1   0.800       1       1 0.700000 0.769231       1 0.857143     0.369231
    822   h1       1       1   0.800       1       1 0.650000 0.769231       1 0.788018     0.315207
    823   h1       1       1   0.800       1       1 0.595455 0.769231       1 0.785714     0.287912
    860   h1       1       1   0.665       1       1 1.000000 0.846154       1 0.785714     0.442115
    861   h1       1       1   0.700       1       1 1.000000 0.846154       1 0.785714     0.465385
    862   h1       1       1   0.700       1       1 1.000000 0.846154       1 0.785714     0.465385
    863   h1       1       1   0.700       1       1 1.000000 0.846154       1 0.785714     0.465385
    864   h1       1       1   0.855       1       1 0.700000 1.000000       1 0.785714     0.470250
    865   h1       1       1   0.900       1       1 0.700000 1.000000       1 0.785714     0.495000
    866   h1       1       1   0.900       1       1 0.700000 1.000000       1 0.785714     0.495000
    867   h1       1       1   0.900       1       1 0.700000 1.000000       1 0.785714     0.495000
    868   h1       1       1   0.900       1       1 0.677273 0.683761       1 0.737327     0.307306
    869   h1       1       1   1.000       1       1 0.700000 0.769231       1 0.785714     0.423077
    870   h1       1       1   1.000       1       1 0.700000 0.769231       1 0.785714     0.423077
    871   h1       1       1   1.000       1       1 0.700000 0.769231       1 0.767281     0.413151
    872   h1       1       1   0.700       1       1 0.700000 0.757835       1 0.778802     0.289200
    873   h1       1       1   0.700       1       1 0.700000 0.769231       1 0.785714     0.296154
    874   h1       1       1   0.700       1       1 0.700000 0.769231       1 0.785714     0.296154
    875   h1       1       1   0.700       1       1 0.700000 0.769231       1 0.785714     0.296154
    876   h1       1       1   0.700       1       1 1.000000 0.769231       1 0.760369     0.409429
    877   h1       1       1   0.700       1       1 1.000000 0.769231       1 0.785714     0.423077
    878   h1       1       1   0.700       1       1 1.000000 0.769231       1 0.785714     0.423077
    879   h1       1       1   0.700       1       1 1.000000 0.769231       1 0.785714     0.423077
    880   h1       1       1   1.000       1       1 0.700000 0.814815       1 0.744240     0.424492
    881   h1       1       1   1.000       1       1 0.700000 0.846154       1 0.785714     0.465385
    882   h1       1       1   1.000       1       1 0.700000 0.769231       1 0.785714     0.423077
    883   h1       1       1   1.000       1       1 0.700000 0.769231       1 0.767281     0.413151
    884   h1       1       1   0.625       1       1 0.618182 0.925926       1 0.702765     0.251410
    885   h1       1       1   0.700       1       1 0.700000 1.000000       1 0.785714     0.385000
    886   h1       1       1   0.700       1       1 0.700000 1.000000       1 0.785714     0.385000
    887   h1       1       1   0.700       1       1 0.700000 1.000000       1 0.785714     0.385000
    888   h1       1       1   0.700       1       1 0.600000 0.769231       1 0.785714     0.253846
    889   h1       1       1   0.700       1       1 0.650000 0.769231       1 0.788018     0.275806
    890   h1       1       1   0.700       1       1 0.695455 0.769231       1 0.788018     0.295094
    891   h1       1       1   0.700       1       1 0.600000 0.769231       1 0.785714     0.253846
    892   h1       1       1   1.000       1       1 1.000000 0.769231       1 0.857143     0.659341
    893   h1       1       1   1.000       1       1 1.000000 0.769231       1 0.857143     0.659341
    894   h1       1       1   1.000       1       1 1.000000 0.769231       1 0.790323     0.607940
    895   h1       1       1   1.000       1       1 1.000000 0.555556       1 0.714286     0.396825
    916   h1       1       1   0.900       1       1 0.800000 0.846154       1 0.785714     0.478681
    917   h1       1       1   0.900       1       1 0.800000 0.846154       1 0.785714     0.478681
    918   h1       1       1   0.900       1       1 0.800000 0.846154       1 0.785714     0.478681
    919   h1       1       1   0.900       1       1 0.800000 0.846154       1 0.785714     0.478681
    920   h1       1       1   0.810       1       1 0.800000 0.532764       1 0.785714     0.271253
    921   h1       1       1   0.510       1       1 1.000000 0.307692       1 0.619816     0.097263
    922   h1       1       1   0.690       1       1 1.000000 0.769231       1 0.785714     0.417033
    923   h1       1       1   0.700       1       1 1.000000 0.769231       1 0.785714     0.423077
    924   h1       1       1   0.700       1       1 1.000000 0.769231       1 0.785714     0.423077
    925   h1       1       1   0.650       1       1 1.000000 0.740741       1 0.764977     0.368322
    926   h1       1       1   1.000       1       1 1.000000 0.923077       1 0.714286     0.659341
    927   h1       1       1   1.000       1       1 1.000000 0.923077       1 0.714286     0.659341
    928   h1       1       1   1.000       1       1 1.000000 0.923077       1 0.714286     0.659341
    929   h1       1       1   1.000       1       1 1.000000 0.923077       1 0.781106     0.721021
    930   h1       1       1   0.900       1       1 1.000000 0.547009       1 0.785714     0.386813
    931   h1       1       1   0.800       1       1 0.700000 0.769231       1 0.785714     0.338462
    932   h1       1       1   0.800       1       1 0.700000 0.769231       1 0.788018     0.339454
    933   h1       1       1   0.800       1       1 0.700000 0.769231       1 0.854839     0.368238
    934   h1       1       1   0.800       1       1 0.700000 0.769231       1 0.790323     0.340447
    935   h1       1       1   0.720       1       1 0.700000 0.455840       1 0.721198     0.165691