 ChipID Half   Layer0  Layer1  Layer2   Layer3  Layer4  Layer5   Layer6   Layer7  Layer8  Pseaudo_Eff
    344   h0 0.631579       1       1 0.761905       1       1 0.740741 0.846154       1     0.301609
    345   h0 0.666667       1       1 0.800000       1       1 0.769231 0.846154       1     0.347140
    346   h0 0.666667       1       1 0.800000       1       1 0.769231 0.846154       1     0.347140
    347   h0 0.842105       1       1 0.666667       1       1 0.740741 0.769231       1     0.319888
    348   h0 0.888889       1       1 0.700000       1       1 0.769231 0.769231       1     0.368179
    349   h0 0.888889       1       1 0.700000       1       1 0.769231 0.769231       1     0.368179
    350   h0 0.631579       1       1 0.666667       1       1 0.740741 0.769231       1     0.239916
    351   h0 0.666667       1       1 0.700000       1       1 0.769231 0.769231       1     0.276134
    352   h0 0.666667       1       1 0.700000       1       1 0.769231 0.769231       1     0.276134
    353   h0 0.947368       1       1 0.952381       1       1 0.740741 0.923077       1     0.616927
    354   h0 1.000000       1       1 1.000000       1       1 0.769231 0.923077       1     0.710059
    355   h0 1.000000       1       1 1.000000       1       1 0.769231 0.923077       1     0.710059
    392   h0 0.842105       1       1 0.952381       1       1 0.814815 0.769231       1     0.502681
    393   h0 0.888889       1       1 1.000000       1       1 0.846154 0.769231       1     0.578567
    394   h0 0.888889       1       1 1.000000       1       1 0.846154 0.769231       1     0.578567
    395   h0 0.888889       1       1 1.000000       1       1 0.846154 0.675824       1     0.508312
    396   h0 0.631579       1       1 0.666667       1       1 0.962963 0.769231       1     0.311891
    397   h0 0.666667       1       1 0.700000       1       1 1.000000 0.769231       1     0.358974
    398   h0 0.666667       1       1 0.700000       1       1 1.000000 0.769231       1     0.358974
    399   h0 0.666667       1       1 0.700000       1       1 1.000000 0.769231       1     0.358974
    400   h0 0.789474       1       1 0.614286       1       1 0.649573 0.769231       1     0.242322
    401   h0 1.000000       1       1 0.700000       1       1 0.769231 0.769231       1     0.414201
    402   h0 1.000000       1       1 0.700000       1       1 0.769231 0.769231       1     0.414201
    403   h0 1.000000       1       1 0.676190       1       1 0.769231 0.769231       1     0.400113
    404   h0 0.736842       1       1 0.700000       1       1 0.746439 0.923077       1     0.355389
    405   h0 0.777778       1       1 0.700000       1       1 0.769231 0.923077       1     0.386588
    406   h0 0.777778       1       1 0.700000       1       1 0.769231 0.923077       1     0.386588
    407   h0 0.777778       1       1 0.700000       1       1 0.769231 0.923077       1     0.386588
    408   h0 0.736842       1       1 1.000000       1       1 0.746439 1.000000       1     0.550007
    409   h0 0.777778       1       1 1.000000       1       1 0.769231 1.000000       1     0.598291
    410   h0 0.777778       1       1 1.000000       1       1 0.769231 1.000000       1     0.598291
    411   h0 0.777778       1       1 1.000000       1       1 0.769231 1.000000       1     0.598291
    412   h0 0.947368       1       1 0.700000       1       1 0.712251 0.923077       1     0.436001
    413   h0 1.000000       1       1 0.700000       1       1 0.769231 0.923077       1     0.497041
    414   h0 1.000000       1       1 0.700000       1       1 0.769231 0.923077       1     0.497041
    415   h0 1.000000       1       1 0.700000       1       1 0.769231 0.923077       1     0.497041
    416   h0 0.502924       1       1 0.647619       1       1 0.888889 0.769231       1     0.222703
    417   h0 0.666667       1       1 0.800000       1       1 0.923077 0.769231       1     0.378698
    418   h0 0.666667       1       1 0.800000       1       1 0.923077 0.769231       1     0.378698
    419   h0 0.666667       1       1 0.800000       1       1 0.923077 0.769231       1     0.378698
    420   h0 0.842105       1       1 0.857143       1       1 0.740741 0.769231       1     0.411285
    421   h0 0.888889       1       1 0.900000       1       1 0.769231 0.769231       1     0.473373
    422   h0 0.888889       1       1 0.900000       1       1 0.769231 0.769231       1     0.473373
    423   h0 0.888889       1       1 0.900000       1       1 0.769231 0.769231       1     0.473373
    424   h0 0.842105       1       1 0.857143       1       1 0.740741 0.769231       1     0.411285
    425   h0 0.888889       1       1 0.900000       1       1 0.769231 0.769231       1     0.473373
    426   h0 0.888889       1       1 0.900000       1       1 0.769231 0.769231       1     0.473373
    427   h0 0.888889       1       1 0.900000       1       1 0.569801 0.675824       1     0.308068
    448   h0 0.947368       1       1 0.666667       1       1 0.814815 0.769231       1     0.395861
    449   h0 1.000000       1       1 0.700000       1       1 0.846154 0.769231       1     0.455621
    450   h0 1.000000       1       1 0.700000       1       1 0.846154 0.769231       1     0.455621
    451   h0 1.000000       1       1 0.700000       1       1 0.846154 0.769231       1     0.455621
    452   h0 1.000000       1       1 0.500000       1       1 0.532764 0.384615       1     0.102455
    453   h0 0.210526       1       1 0.952381       1       1 0.279202 0.642857       1     0.035987
    454   h0 0.619883       1       1 1.000000       1       1 0.769231 0.769231       1     0.366795
    455   h0 0.666667       1       1 1.000000       1       1 0.769231 0.769231       1     0.394477
    456   h0 0.666667       1       1 1.000000       1       1 0.769231 0.769231       1     0.394477
    457   h0 0.666667       1       1 0.714286       1       1 0.740741 0.461538       1     0.162800
    458   h0 0.947368       1       1 0.952381       1       1 0.923077 0.670330       1     0.558285
    459   h0 1.000000       1       1 1.000000       1       1 0.923077 0.769231       1     0.710059
    460   h0 1.000000       1       1 1.000000       1       1 0.923077 0.769231       1     0.710059
    461   h0 1.000000       1       1 1.000000       1       1 0.923077 0.769231       1     0.710059
    462   h0 1.000000       1       1 0.714286       1       1 0.581197 0.461538       1     0.191603
    463   h0 0.631579       1       1 0.666667       1       1 0.740741 0.769231       1     0.239916
    464   h0 0.666667       1       1 0.700000       1       1 0.769231 0.769231       1     0.276134
    465   h0 0.666667       1       1 0.700000       1       1 0.769231 0.769231       1     0.276134
    466   h0 0.666667       1       1 0.700000       1       1 0.769231 0.769231       1     0.276134
    467   h0 0.666667       1       1 0.500000       1       1 0.484330 0.384615       1     0.062094
    812   h1 0.596491       1       1 0.723810       1       1 0.769231 0.846154       1     0.281018
    813   h1 0.666667       1       1 0.800000       1       1 0.769231 0.846154       1     0.347140
    814   h1 0.666667       1       1 0.800000       1       1 0.769231 0.846154       1     0.347140
    815   h1 0.795322       1       1 0.642857       1       1 0.769231 0.769231       1     0.302531
    816   h1 0.888889       1       1 0.700000       1       1 0.769231 0.769231       1     0.368179
    817   h1 0.888889       1       1 0.700000       1       1 0.769231 0.769231       1     0.368179
    818   h1 0.596491       1       1 0.666667       1       1 0.769231 0.769231       1     0.235302
    819   h1 0.666667       1       1 0.700000       1       1 0.769231 0.769231       1     0.276134
    820   h1 0.666667       1       1 0.700000       1       1 0.769231 0.769231       1     0.276134
    821   h1 0.894737       1       1 0.952381       1       1 0.769231 0.923077       1     0.605063
    822   h1 1.000000       1       1 1.000000       1       1 0.769231 0.923077       1     0.710059
    823   h1 1.000000       1       1 1.000000       1       1 0.769231 0.923077       1     0.710059
    860   h1 0.795322       1       1 0.952381       1       1 0.846154 0.769231       1     0.493014
    861   h1 0.888889       1       1 1.000000       1       1 0.846154 0.769231       1     0.578567
    862   h1 0.888889       1       1 1.000000       1       1 0.846154 0.769231       1     0.578567
    863   h1 0.888889       1       1 1.000000       1       1 0.846154 0.620879       1     0.466986
    864   h1 0.596491       1       1 0.666667       1       1 1.000000 0.769231       1     0.305893
    865   h1 0.666667       1       1 0.700000       1       1 1.000000 0.769231       1     0.358974
    866   h1 0.666667       1       1 0.700000       1       1 1.000000 0.769231       1     0.358974
    867   h1 0.666667       1       1 0.700000       1       1 1.000000 0.769231       1     0.358974
    868   h1 0.842105       1       1 0.642857       1       1 0.683761 0.846154       1     0.313209
    869   h1 1.000000       1       1 0.700000       1       1 0.769231 0.846154       1     0.455621
    870   h1 1.000000       1       1 0.700000       1       1 0.769231 0.769231       1     0.414201
    871   h1 1.000000       1       1 0.676190       1       1 0.769231 0.846154       1     0.440124
    872   h1 0.596491       1       1 0.700000       1       1 0.757835 0.923077       1     0.292089
    873   h1 0.666667       1       1 0.700000       1       1 0.769231 0.923077       1     0.331361
    874   h1 0.666667       1       1 0.700000       1       1 0.769231 0.923077       1     0.331361
    875   h1 0.666667       1       1 0.700000       1       1 0.769231 0.923077       1     0.331361
    876   h1 0.695906       1       1 1.000000       1       1 0.769231 1.000000       1     0.535313
    877   h1 0.777778       1       1 1.000000       1       1 0.769231 1.000000       1     0.598291
    878   h1 0.777778       1       1 1.000000       1       1 0.769231 1.000000       1     0.598291
    879   h1 0.777778       1       1 1.000000       1       1 0.769231 1.000000       1     0.598291
    880   h1 0.894737       1       1 0.700000       1       1 0.814815 0.846154       1     0.431819
    881   h1 1.000000       1       1 0.700000       1       1 0.846154 0.846154       1     0.501183
    882   h1 1.000000       1       1 0.700000       1       1 0.769231 0.846154       1     0.455621
    883   h1 1.000000       1       1 0.700000       1       1 0.769231 0.846154       1     0.455621
    884   h1 0.479532       1       1 0.647619       1       1 0.925926 0.747253       1     0.214873
    885   h1 0.666667       1       1 0.800000       1       1 1.000000 0.769231       1     0.410256
    886   h1 0.666667       1       1 0.800000       1       1 1.000000 0.769231       1     0.410256
    887   h1 0.666667       1       1 0.800000       1       1 1.000000 0.769231       1     0.410256
    888   h1 0.947368       1       1 0.952381       1       1 0.769231 0.769231       1     0.533879
    889   h1 1.000000       1       1 1.000000       1       1 0.769231 0.769231       1     0.591716
    890   h1 1.000000       1       1 1.000000       1       1 0.769231 0.769231       1     0.591716
    891   h1 1.000000       1       1 1.000000       1       1 0.769231 0.769231       1     0.591716
    892   h1 0.695906       1       1 0.761905       1       1 0.769231 0.769231       1     0.313736
    893   h1 0.777778       1       1 0.800000       1       1 0.769231 0.769231       1     0.368179
    894   h1 0.777778       1       1 0.800000       1       1 0.769231 0.769231       1     0.368179
    895   h1 0.777778       1       1 0.900000       1       1 0.555556 0.670330       1     0.260684
    916   h1 0.894737       1       1 0.661905       1       1 0.846154 0.769231       1     0.385476
    917   h1 1.000000       1       1 0.700000       1       1 0.846154 0.769231       1     0.455621
    918   h1 1.000000       1       1 0.700000       1       1 0.846154 0.769231       1     0.455621
    919   h1 1.000000       1       1 0.700000       1       1 0.846154 0.769231       1     0.455621
    920   h1 1.000000       1       1 0.500000       1       1 0.532764 0.376374       1     0.100259
    921   h1 0.298246       1       1 0.904762       1       1 0.307692 0.706044       1     0.058621
    922   h1 0.631579       1       1 1.000000       1       1 0.769231 0.769231       1     0.373715
    923   h1 0.666667       1       1 1.000000       1       1 0.769231 0.769231       1     0.394477
    924   h1 0.666667       1       1 1.000000       1       1 0.769231 0.769231       1     0.394477
    925   h1 0.666667       1       1 0.714286       1       1 0.740741 0.398352       1     0.140512
    926   h1 0.894737       1       1 0.900000       1       1 0.923077 0.620879       1     0.461512
    927   h1 1.000000       1       1 0.900000       1       1 0.923077 0.769231       1     0.639053
    928   h1 1.000000       1       1 1.000000       1       1 0.923077 0.769231       1     0.710059
    929   h1 1.000000       1       1 1.000000       1       1 0.923077 0.769231       1     0.710059
    930   h1 1.000000       1       1 0.714286       1       1 0.547009 0.500000       1     0.195360
    931   h1 0.619883       1       1 0.700000       1       1 0.769231 0.769231       1     0.256756
    932   h1 0.666667       1       1 0.700000       1       1 0.769231 0.769231       1     0.276134
    933   h1 0.666667       1       1 0.700000       1       1 0.769231 0.769231       1     0.276134
    934   h1 0.666667       1       1 0.700000       1       1 0.769231 0.769231       1     0.276134
    935   h1 0.666667       1       1 0.500000       1       1 0.455840 0.370879       1     0.056354