 ChipID Half  Layer0   Layer1  Layer2   Layer3  Layer4  Layer5  Layer6   Layer7   Layer8  Pseaudo_Eff
    344   h0       1 0.842105       1 0.761905       1       1       1 0.846154 0.785714     0.426561
    345   h0       1 0.888889       1 0.800000       1       1       1 0.846154 0.785714     0.472772
    346   h0       1 0.888889       1 0.800000       1       1       1 0.846154 0.785714     0.472772
    347   h0       1 0.842105       1 0.666667       1       1       1 0.769231 0.714286     0.308463
    348   h0       1 0.888889       1 0.700000       1       1       1 0.769231 0.714286     0.341880
    349   h0       1 0.888889       1 0.700000       1       1       1 0.769231 0.783410     0.374966
    350   h0       1 0.947368       1 0.666667       1       1       1 0.769231 0.785714     0.381724
    351   h0       1 1.000000       1 0.700000       1       1       1 0.769231 0.785714     0.423077
    352   h0       1 1.000000       1 0.700000       1       1       1 0.769231 0.785714     0.423077
    353   h0       1 0.631579       1 0.952381       1       1       1 0.923077 0.857143     0.475915
    354   h0       1 0.666667       1 1.000000       1       1       1 0.923077 0.785714     0.483516
    355   h0       1 0.666667       1 1.000000       1       1       1 0.923077 0.785714     0.483516
    392   h0       1 0.631579       1 0.952381       1       1       1 0.769231 0.857143     0.396596
    393   h0       1 0.666667       1 1.000000       1       1       1 0.769231 0.857143     0.439560
    394   h0       1 0.666667       1 1.000000       1       1       1 0.769231 0.790323     0.405294
    395   h0       1 0.666667       1 1.000000       1       1       1 0.675824 0.785714     0.354003
    396   h0       1 0.947368       1 0.666667       1       1       1 0.769231 0.785714     0.381724
    397   h0       1 1.000000       1 0.700000       1       1       1 0.769231 0.785714     0.423077
    398   h0       1 1.000000       1 0.700000       1       1       1 0.769231 0.785714     0.423077
    399   h0       1 1.000000       1 0.700000       1       1       1 0.769231 0.785714     0.423077
    400   h0       1 0.614035       1 0.614286       1       1       1 0.769231 0.721198     0.209255
    401   h0       1 0.777778       1 0.700000       1       1       1 0.769231 0.785714     0.329060
    402   h0       1 0.777778       1 0.700000       1       1       1 0.769231 0.785714     0.329060
    403   h0       1 0.777778       1 0.676190       1       1       1 0.769231 0.769585     0.311342
    404   h0       1 0.666667       1 0.700000       1       1       1 0.923077 0.767281     0.330521
    405   h0       1 0.666667       1 0.700000       1       1       1 0.923077 0.785714     0.338462
    406   h0       1 0.666667       1 0.700000       1       1       1 0.923077 0.785714     0.338462
    407   h0       1 0.666667       1 0.700000       1       1       1 0.923077 0.785714     0.338462
    408   h0       1 0.947368       1 1.000000       1       1       1 1.000000 0.767281     0.726898
    409   h0       1 1.000000       1 1.000000       1       1       1 1.000000 0.785714     0.785714
    410   h0       1 1.000000       1 1.000000       1       1       1 1.000000 0.785714     0.785714
    411   h0       1 1.000000       1 1.000000       1       1       1 1.000000 0.785714     0.785714
    412   h0       1 0.654971       1 0.700000       1       1       1 0.923077 0.767281     0.324722
    413   h0       1 0.666667       1 0.700000       1       1       1 0.923077 0.785714     0.338462
    414   h0       1 0.666667       1 0.700000       1       1       1 0.923077 0.785714     0.338462
    415   h0       1 0.666667       1 0.700000       1       1       1 0.923077 0.758065     0.326551
    416   h0       1 0.684211       1 0.647619       1       1       1 0.769231 0.682028     0.232471
    417   h0       1 1.000000       1 0.800000       1       1       1 0.769231 0.785714     0.483516
    418   h0       1 1.000000       1 0.800000       1       1       1 0.769231 0.785714     0.483516
    419   h0       1 1.000000       1 0.800000       1       1       1 0.769231 0.785714     0.483516
    420   h0       1 0.947368       1 0.857143       1       1       1 0.769231 0.785714     0.490787
    421   h0       1 1.000000       1 0.900000       1       1       1 0.769231 0.785714     0.543956
    422   h0       1 1.000000       1 0.900000       1       1       1 0.769231 0.785714     0.543956
    423   h0       1 1.000000       1 0.900000       1       1       1 0.769231 0.852535     0.590216
    424   h0       1 0.631579       1 0.857143       1       1       1 0.769231 0.785714     0.327192
    425   h0       1 0.666667       1 0.900000       1       1       1 0.769231 0.785714     0.362637
    426   h0       1 0.666667       1 0.900000       1       1       1 0.769231 0.785714     0.362637
    427   h0       1 0.666667       1 0.900000       1       1       1 0.675824 0.721198     0.292442
    448   h0       1 0.631579       1 0.666667       1       1       1 0.769231 0.785714     0.254482
    449   h0       1 0.666667       1 0.700000       1       1       1 0.769231 0.785714     0.282051
    450   h0       1 0.666667       1 0.700000       1       1       1 0.769231 0.785714     0.282051
    451   h0       1 0.666667       1 0.700000       1       1       1 0.769231 0.785714     0.282051
    452   h0       1 0.666667       1 0.500000       1       1       1 0.384615 0.785714     0.100733
    453   h0       1 0.947368       1 0.952381       1       1       1 0.642857 0.564516     0.327431
    454   h0       1 1.000000       1 1.000000       1       1       1 0.769231 0.785714     0.604396
    455   h0       1 1.000000       1 1.000000       1       1       1 0.769231 0.785714     0.604396
    456   h0       1 1.000000       1 1.000000       1       1       1 0.769231 0.785714     0.604396
    457   h0       1 1.000000       1 0.714286       1       1       1 0.461538 0.758065     0.249911
    458   h0       1 0.736842       1 0.952381       1       1       1 0.670330 0.714286     0.336005
    459   h0       1 0.777778       1 1.000000       1       1       1 0.769231 0.714286     0.427350
    460   h0       1 0.777778       1 1.000000       1       1       1 0.769231 0.714286     0.427350
    461   h0       1 0.777778       1 1.000000       1       1       1 0.769231 0.714286     0.427350
    462   h0       1 0.777778       1 0.714286       1       1       1 0.461538 0.778802     0.199693
    463   h0       1 0.631579       1 0.666667       1       1       1 0.769231 0.785714     0.254482
    464   h0       1 0.666667       1 0.700000       1       1       1 0.769231 0.785714     0.282051
    465   h0       1 0.666667       1 0.700000       1       1       1 0.769231 0.785714     0.282051
    466   h0       1 0.666667       1 0.700000       1       1       1 0.769231 0.785714     0.282051
    467   h0       1 0.666667       1 0.500000       1       1       1 0.384615 0.656682     0.084190
    812   h1       1 0.947368       1 0.723810       1       1       1 0.846154 0.785714     0.455887
    813   h1       1 1.000000       1 0.800000       1       1       1 0.846154 0.785714     0.531868
    814   h1       1 1.000000       1 0.800000       1       1       1 0.846154 0.785714     0.531868
    815   h1       1 0.736842       1 0.642857       1       1       1 0.769231 0.785714     0.286293
    816   h1       1 0.777778       1 0.700000       1       1       1 0.769231 0.785714     0.329060
    817   h1       1 0.777778       1 0.700000       1       1       1 0.769231 0.785714     0.329060
    818   h1       1 0.947368       1 0.666667       1       1       1 0.769231 0.857143     0.416426
    819   h1       1 1.000000       1 0.700000       1       1       1 0.769231 0.857143     0.461538
    820   h1       1 1.000000       1 0.700000       1       1       1 0.769231 0.857143     0.461538
    821   h1       1 0.631579       1 0.952381       1       1       1 0.923077 0.857143     0.475915
    822   h1       1 0.666667       1 1.000000       1       1       1 0.923077 0.788018     0.484934
    823   h1       1 0.666667       1 1.000000       1       1       1 0.923077 0.785714     0.483516
    860   h1       1 0.631579       1 0.952381       1       1       1 0.769231 0.785714     0.363546
    861   h1       1 0.666667       1 1.000000       1       1       1 0.769231 0.785714     0.402930
    862   h1       1 0.666667       1 1.000000       1       1       1 0.769231 0.785714     0.402930
    863   h1       1 0.666667       1 1.000000       1       1       1 0.620879 0.785714     0.325222
    864   h1       1 0.947368       1 0.666667       1       1       1 0.769231 0.785714     0.381724
    865   h1       1 1.000000       1 0.700000       1       1       1 0.769231 0.785714     0.423077
    866   h1       1 1.000000       1 0.700000       1       1       1 0.769231 0.785714     0.423077
    867   h1       1 1.000000       1 0.700000       1       1       1 0.769231 0.785714     0.423077
    868   h1       1 0.573099       1 0.642857       1       1       1 0.846154 0.737327     0.229855
    869   h1       1 0.777778       1 0.700000       1       1       1 0.846154 0.785714     0.361966
    870   h1       1 0.777778       1 0.700000       1       1       1 0.769231 0.785714     0.329060
    871   h1       1 0.777778       1 0.676190       1       1       1 0.846154 0.767281     0.341451
    872   h1       1 0.666667       1 0.700000       1       1       1 0.923077 0.778802     0.335484
    873   h1       1 0.666667       1 0.700000       1       1       1 0.923077 0.785714     0.338462
    874   h1       1 0.666667       1 0.700000       1       1       1 0.923077 0.785714     0.338462
    875   h1       1 0.666667       1 0.700000       1       1       1 0.923077 0.785714     0.338462
    876   h1       1 1.000000       1 1.000000       1       1       1 1.000000 0.760369     0.760369
    877   h1       1 1.000000       1 1.000000       1       1       1 1.000000 0.785714     0.785714
    878   h1       1 1.000000       1 1.000000       1       1       1 1.000000 0.785714     0.785714
    879   h1       1 1.000000       1 1.000000       1       1       1 1.000000 0.785714     0.785714
    880   h1       1 0.649123       1 0.700000       1       1       1 0.846154 0.744240     0.286146
    881   h1       1 0.666667       1 0.700000       1       1       1 0.846154 0.785714     0.310256
    882   h1       1 0.666667       1 0.700000       1       1       1 0.846154 0.785714     0.310256
    883   h1       1 0.666667       1 0.700000       1       1       1 0.846154 0.767281     0.302978
    884   h1       1 0.736842       1 0.647619       1       1       1 0.747253 0.702765     0.250595
    885   h1       1 1.000000       1 0.800000       1       1       1 0.769231 0.785714     0.483516
    886   h1       1 1.000000       1 0.800000       1       1       1 0.769231 0.785714     0.483516
    887   h1       1 1.000000       1 0.800000       1       1       1 0.769231 0.785714     0.483516
    888   h1       1 0.947368       1 0.952381       1       1       1 0.769231 0.785714     0.545319
    889   h1       1 1.000000       1 1.000000       1       1       1 0.769231 0.788018     0.606168
    890   h1       1 1.000000       1 1.000000       1       1       1 0.769231 0.788018     0.606168
    891   h1       1 1.000000       1 1.000000       1       1       1 0.769231 0.785714     0.604396
    892   h1       1 0.631579       1 0.761905       1       1       1 0.769231 0.857143     0.317277
    893   h1       1 0.666667       1 0.800000       1       1       1 0.769231 0.857143     0.351648
    894   h1       1 0.666667       1 0.800000       1       1       1 0.769231 0.790323     0.324235
    895   h1       1 0.666667       1 0.900000       1       1       1 0.670330 0.714286     0.287284
    916   h1       1 0.631579       1 0.661905       1       1       1 0.769231 0.785714     0.252665
    917   h1       1 0.666667       1 0.700000       1       1       1 0.769231 0.785714     0.282051
    918   h1       1 0.666667       1 0.700000       1       1       1 0.769231 0.785714     0.282051
    919   h1       1 0.666667       1 0.700000       1       1       1 0.769231 0.785714     0.282051
    920   h1       1 0.666667       1 0.500000       1       1       1 0.376374 0.785714     0.098574
    921   h1       1 0.947368       1 0.904762       1       1       1 0.706044 0.619816     0.375100
    922   h1       1 1.000000       1 1.000000       1       1       1 0.769231 0.785714     0.604396
    923   h1       1 1.000000       1 1.000000       1       1       1 0.769231 0.785714     0.604396
    924   h1       1 1.000000       1 1.000000       1       1       1 0.769231 0.785714     0.604396
    925   h1       1 1.000000       1 0.714286       1       1       1 0.398352 0.764977     0.217664
    926   h1       1 0.631579       1 0.900000       1       1       1 0.620879 0.714286     0.252086
    927   h1       1 0.666667       1 0.900000       1       1       1 0.769231 0.714286     0.329670
    928   h1       1 0.666667       1 1.000000       1       1       1 0.769231 0.714286     0.366300
    929   h1       1 0.666667       1 1.000000       1       1       1 0.769231 0.781106     0.400567
    930   h1       1 0.666667       1 0.714286       1       1       1 0.500000 0.785714     0.187075
    931   h1       1 0.736842       1 0.700000       1       1       1 0.769231 0.785714     0.311741
    932   h1       1 0.777778       1 0.700000       1       1       1 0.769231 0.788018     0.330025
    933   h1       1 0.777778       1 0.700000       1       1       1 0.769231 0.854839     0.358009
    934   h1       1 0.777778       1 0.700000       1       1       1 0.769231 0.790323     0.330990
    935   h1       1 0.777778       1 0.500000       1       1       1 0.370879 0.721198     0.104019