 ChipID Half  Layer0   Layer1  Layer2  Layer3   Layer4   Layer5  Layer6   Layer7  Layer8  Pseaudo_Eff
    344   h0       1 0.842105       1       1 0.954545 0.668182       1 0.846154       1     0.454472
    345   h0       1 0.888889       1       1 1.000000 0.700000       1 0.846154       1     0.526496
    346   h0       1 0.888889       1       1 1.000000 0.700000       1 0.846154       1     0.526496
    347   h0       1 0.842105       1       1 0.668182 0.859091       1 0.769231       1     0.371841
    348   h0       1 0.888889       1       1 0.700000 0.900000       1 0.769231       1     0.430769
    349   h0       1 0.888889       1       1 0.700000 0.900000       1 0.769231       1     0.430769
    350   h0       1 0.947368       1       1 0.954545 0.727273       1 0.769231       1     0.505906
    351   h0       1 1.000000       1       1 1.000000 0.800000       1 0.769231       1     0.615385
    352   h0       1 1.000000       1       1 1.000000 0.800000       1 0.769231       1     0.615385
    353   h0       1 0.631579       1       1 0.668182 0.645455       1 0.923077       1     0.251435
    354   h0       1 0.666667       1       1 0.700000 0.700000       1 0.923077       1     0.301538
    355   h0       1 0.666667       1       1 0.668182 0.700000       1 0.923077       1     0.287832
    392   h0       1 0.631579       1       1 0.668182 0.954545       1 0.769231       1     0.309867
    393   h0       1 0.666667       1       1 0.700000 1.000000       1 0.769231       1     0.358974
    394   h0       1 0.666667       1       1 0.700000 1.000000       1 0.769231       1     0.358974
    395   h0       1 0.666667       1       1 0.700000 1.000000       1 0.675824       1     0.315385
    396   h0       1 0.947368       1       1 0.954545 0.668182       1 0.769231       1     0.464801
    397   h0       1 1.000000       1       1 1.000000 0.700000       1 0.769231       1     0.538462
    398   h0       1 1.000000       1       1 1.000000 0.700000       1 0.769231       1     0.538462
    399   h0       1 1.000000       1       1 1.000000 0.700000       1 0.769231       1     0.538462
    400   h0       1 0.614035       1       1 0.954545 0.654545       1 0.769231       1     0.295112
    401   h0       1 0.777778       1       1 1.000000 0.700000       1 0.769231       1     0.418803
    402   h0       1 0.777778       1       1 1.000000 0.700000       1 0.769231       1     0.418803
    403   h0       1 0.777778       1       1 1.000000 0.700000       1 0.769231       1     0.418803
    404   h0       1 0.666667       1       1 0.700000 0.700000       1 0.923077       1     0.301538
    405   h0       1 0.666667       1       1 0.700000 0.700000       1 0.923077       1     0.301538
    406   h0       1 0.666667       1       1 0.700000 0.700000       1 0.923077       1     0.301538
    407   h0       1 0.666667       1       1 0.700000 0.700000       1 0.923077       1     0.301538
    408   h0       1 0.947368       1       1 0.700000 1.000000       1 1.000000       1     0.663158
    409   h0       1 1.000000       1       1 0.700000 1.000000       1 1.000000       1     0.700000
    410   h0       1 1.000000       1       1 0.700000 1.000000       1 1.000000       1     0.700000
    411   h0       1 1.000000       1       1 0.700000 1.000000       1 1.000000       1     0.700000
    412   h0       1 0.654971       1       1 1.000000 0.700000       1 0.923077       1     0.423212
    413   h0       1 0.666667       1       1 1.000000 0.700000       1 0.923077       1     0.430769
    414   h0       1 0.666667       1       1 1.000000 0.700000       1 0.923077       1     0.430769
    415   h0       1 0.666667       1       1 1.000000 0.700000       1 0.923077       1     0.430769
    416   h0       1 0.684211       1       1 0.677273 0.618182       1 0.769231       1     0.220357
    417   h0       1 1.000000       1       1 0.700000 0.700000       1 0.769231       1     0.376923
    418   h0       1 1.000000       1       1 0.700000 0.700000       1 0.769231       1     0.376923
    419   h0       1 1.000000       1       1 0.700000 0.700000       1 0.769231       1     0.376923
    420   h0       1 0.947368       1       1 0.668182 0.659091       1 0.769231       1     0.320934
    421   h0       1 1.000000       1       1 0.700000 0.700000       1 0.769231       1     0.376923
    422   h0       1 1.000000       1       1 0.700000 0.700000       1 0.769231       1     0.376923
    423   h0       1 1.000000       1       1 0.700000 0.700000       1 0.769231       1     0.376923
    424   h0       1 0.631579       1       1 0.668182 0.909091       1 0.769231       1     0.295112
    425   h0       1 0.666667       1       1 0.700000 1.000000       1 0.769231       1     0.358974
    426   h0       1 0.666667       1       1 0.700000 1.000000       1 0.769231       1     0.358974
    427   h0       1 0.666667       1       1 0.700000 1.000000       1 0.675824       1     0.315385
    448   h0       1 0.631579       1       1 0.668182 0.763636       1 0.769231       1     0.247894
    449   h0       1 0.666667       1       1 0.700000 0.800000       1 0.769231       1     0.287179
    450   h0       1 0.666667       1       1 0.700000 0.800000       1 0.769231       1     0.287179
    451   h0       1 0.666667       1       1 0.700000 0.800000       1 0.769231       1     0.287179
    452   h0       1 0.666667       1       1 0.700000 0.800000       1 0.384615       1     0.143590
    453   h0       1 0.947368       1       1 0.668182 0.954545       1 0.642857       1     0.388441
    454   h0       1 1.000000       1       1 0.700000 1.000000       1 0.769231       1     0.538462
    455   h0       1 1.000000       1       1 0.700000 1.000000       1 0.769231       1     0.538462
    456   h0       1 1.000000       1       1 0.700000 1.000000       1 0.769231       1     0.538462
    457   h0       1 1.000000       1       1 0.700000 1.000000       1 0.461538       1     0.323077
    458   h0       1 0.736842       1       1 0.668182 0.954545       1 0.670330       1     0.315032
    459   h0       1 0.777778       1       1 0.700000 1.000000       1 0.769231       1     0.418803
    460   h0       1 0.777778       1       1 0.700000 1.000000       1 0.769231       1     0.418803
    461   h0       1 0.777778       1       1 0.700000 1.000000       1 0.769231       1     0.418803
    462   h0       1 0.777778       1       1 0.700000 1.000000       1 0.461538       1     0.251282
    463   h0       1 0.631579       1       1 0.954545 0.668182       1 0.769231       1     0.309867
    464   h0       1 0.666667       1       1 1.000000 0.700000       1 0.769231       1     0.358974
    465   h0       1 0.666667       1       1 1.000000 0.700000       1 0.769231       1     0.358974
    466   h0       1 0.666667       1       1 1.000000 0.700000       1 0.769231       1     0.358974
    467   h0       1 0.666667       1       1 1.000000 0.700000       1 0.384615       1     0.179487
    812   h1       1 0.947368       1       1 0.954545 0.800000       1 0.846154       1     0.612146
    813   h1       1 1.000000       1       1 1.000000 0.750000       1 0.846154       1     0.634615
    814   h1       1 1.000000       1       1 1.000000 0.686364       1 0.846154       1     0.580769
    815   h1       1 0.736842       1       1 0.668182 0.900000       1 0.769231       1     0.340854
    816   h1       1 0.777778       1       1 0.700000 0.900000       1 0.769231       1     0.376923
    817   h1       1 0.777778       1       1 0.700000 0.900000       1 0.769231       1     0.376923
    818   h1       1 0.947368       1       1 0.954545 0.800000       1 0.769231       1     0.556496
    819   h1       1 1.000000       1       1 1.000000 0.800000       1 0.769231       1     0.615385
    820   h1       1 1.000000       1       1 1.000000 0.800000       1 0.769231       1     0.615385
    821   h1       1 0.631579       1       1 0.668182 0.700000       1 0.923077       1     0.272683
    822   h1       1 0.666667       1       1 0.700000 0.650000       1 0.923077       1     0.280000
    823   h1       1 0.666667       1       1 0.700000 0.595455       1 0.923077       1     0.256503
    860   h1       1 0.631579       1       1 0.763636 1.000000       1 0.769231       1     0.370997
    861   h1       1 0.666667       1       1 0.800000 1.000000       1 0.769231       1     0.410256
    862   h1       1 0.666667       1       1 0.800000 1.000000       1 0.769231       1     0.410256
    863   h1       1 0.666667       1       1 0.800000 1.000000       1 0.620879       1     0.331136
    864   h1       1 0.947368       1       1 0.954545 0.700000       1 0.769231       1     0.486934
    865   h1       1 1.000000       1       1 1.000000 0.700000       1 0.769231       1     0.538462
    866   h1       1 1.000000       1       1 1.000000 0.700000       1 0.769231       1     0.538462
    867   h1       1 1.000000       1       1 1.000000 0.700000       1 0.769231       1     0.538462
    868   h1       1 0.573099       1       1 0.954545 0.677273       1 0.846154       1     0.313501
    869   h1       1 0.777778       1       1 1.000000 0.700000       1 0.846154       1     0.460684
    870   h1       1 0.777778       1       1 1.000000 0.700000       1 0.769231       1     0.418803
    871   h1       1 0.777778       1       1 1.000000 0.700000       1 0.846154       1     0.460684
    872   h1       1 0.666667       1       1 0.700000 0.700000       1 0.923077       1     0.301538
    873   h1       1 0.666667       1       1 0.700000 0.700000       1 0.923077       1     0.301538
    874   h1       1 0.666667       1       1 0.700000 0.700000       1 0.923077       1     0.301538
    875   h1       1 0.666667       1       1 0.700000 0.700000       1 0.923077       1     0.301538
    876   h1       1 1.000000       1       1 0.700000 1.000000       1 1.000000       1     0.700000
    877   h1       1 1.000000       1       1 0.700000 1.000000       1 1.000000       1     0.700000
    878   h1       1 1.000000       1       1 0.700000 1.000000       1 1.000000       1     0.700000
    879   h1       1 1.000000       1       1 0.700000 1.000000       1 1.000000       1     0.700000
    880   h1       1 0.649123       1       1 1.000000 0.700000       1 0.846154       1     0.384480
    881   h1       1 0.666667       1       1 1.000000 0.700000       1 0.846154       1     0.394872
    882   h1       1 0.666667       1       1 1.000000 0.700000       1 0.846154       1     0.394872
    883   h1       1 0.666667       1       1 1.000000 0.700000       1 0.846154       1     0.394872
    884   h1       1 0.736842       1       1 0.663636 0.618182       1 0.747253       1     0.225886
    885   h1       1 1.000000       1       1 0.700000 0.700000       1 0.769231       1     0.376923
    886   h1       1 1.000000       1       1 0.700000 0.700000       1 0.769231       1     0.376923
    887   h1       1 1.000000       1       1 0.700000 0.700000       1 0.769231       1     0.376923
    888   h1       1 0.947368       1       1 0.668182 0.600000       1 0.769231       1     0.292160
    889   h1       1 1.000000       1       1 0.700000 0.650000       1 0.769231       1     0.350000
    890   h1       1 1.000000       1       1 0.700000 0.695455       1 0.769231       1     0.374476
    891   h1       1 1.000000       1       1 0.700000 0.600000       1 0.769231       1     0.323077
    892   h1       1 0.631579       1       1 0.668182 1.000000       1 0.769231       1     0.324623
    893   h1       1 0.666667       1       1 0.700000 1.000000       1 0.769231       1     0.358974
    894   h1       1 0.666667       1       1 0.700000 1.000000       1 0.769231       1     0.358974
    895   h1       1 0.666667       1       1 0.700000 1.000000       1 0.670330       1     0.312821
    916   h1       1 0.631579       1       1 0.668182 0.800000       1 0.769231       1     0.259698
    917   h1       1 0.666667       1       1 0.700000 0.800000       1 0.769231       1     0.287179
    918   h1       1 0.666667       1       1 0.700000 0.800000       1 0.769231       1     0.287179
    919   h1       1 0.666667       1       1 0.700000 0.800000       1 0.769231       1     0.287179
    920   h1       1 0.666667       1       1 0.700000 0.800000       1 0.376374       1     0.140513
    921   h1       1 0.947368       1       1 0.763636 1.000000       1 0.706044       1     0.510784
    922   h1       1 1.000000       1       1 0.800000 1.000000       1 0.769231       1     0.615385
    923   h1       1 1.000000       1       1 0.800000 1.000000       1 0.769231       1     0.615385
    924   h1       1 1.000000       1       1 0.800000 1.000000       1 0.769231       1     0.615385
    925   h1       1 1.000000       1       1 0.800000 1.000000       1 0.398352       1     0.318681
    926   h1       1 0.631579       1       1 0.668182 1.000000       1 0.620879       1     0.262017
    927   h1       1 0.666667       1       1 0.700000 1.000000       1 0.769231       1     0.358974
    928   h1       1 0.666667       1       1 0.700000 1.000000       1 0.769231       1     0.358974
    929   h1       1 0.666667       1       1 0.700000 1.000000       1 0.769231       1     0.358974
    930   h1       1 0.666667       1       1 0.700000 1.000000       1 0.500000       1     0.233333
    931   h1       1 0.736842       1       1 0.954545 0.700000       1 0.769231       1     0.378727
    932   h1       1 0.777778       1       1 1.000000 0.700000       1 0.769231       1     0.418803
    933   h1       1 0.777778       1       1 1.000000 0.700000       1 0.769231       1     0.418803
    934   h1       1 0.777778       1       1 1.000000 0.700000       1 0.769231       1     0.418803
    935   h1       1 0.777778       1       1 1.000000 0.700000       1 0.370879       1     0.201923