 ChipID Half  Layer0   Layer1  Layer2  Layer3  Layer4   Layer5   Layer6   Layer7  Layer8  Pseaudo_Eff
    344   h0       1 0.842105       1       1       1 0.668182 0.740741 0.846154       1     0.352677
    345   h0       1 0.888889       1       1       1 0.700000 0.769231 0.846154       1     0.404997
    346   h0       1 0.888889       1       1       1 0.700000 0.769231 0.846154       1     0.404997
    347   h0       1 0.842105       1       1       1 0.859091 0.740741 0.769231       1     0.412219
    348   h0       1 0.888889       1       1       1 0.900000 0.769231 0.769231       1     0.473373
    349   h0       1 0.888889       1       1       1 0.900000 0.769231 0.769231       1     0.473373
    350   h0       1 0.947368       1       1       1 0.727273 0.740741 0.769231       1     0.392590
    351   h0       1 1.000000       1       1       1 0.800000 0.769231 0.769231       1     0.473373
    352   h0       1 1.000000       1       1       1 0.800000 0.769231 0.769231       1     0.473373
    353   h0       1 0.631579       1       1       1 0.645455 0.740741 0.923077       1     0.278739
    354   h0       1 0.666667       1       1       1 0.700000 0.769231 0.923077       1     0.331361
    355   h0       1 0.666667       1       1       1 0.700000 0.769231 0.923077       1     0.331361
    392   h0       1 0.631579       1       1       1 0.954545 0.814815 0.769231       1     0.377868
    393   h0       1 0.666667       1       1       1 1.000000 0.846154 0.769231       1     0.433925
    394   h0       1 0.666667       1       1       1 1.000000 0.846154 0.769231       1     0.433925
    395   h0       1 0.666667       1       1       1 1.000000 0.846154 0.675824       1     0.381234
    396   h0       1 0.947368       1       1       1 0.668182 0.962963 0.769231       1     0.468900
    397   h0       1 1.000000       1       1       1 0.700000 1.000000 0.769231       1     0.538462
    398   h0       1 1.000000       1       1       1 0.700000 1.000000 0.769231       1     0.538462
    399   h0       1 1.000000       1       1       1 0.700000 1.000000 0.769231       1     0.538462
    400   h0       1 0.614035       1       1       1 0.654545 0.649573 0.769231       1     0.200825
    401   h0       1 0.777778       1       1       1 0.700000 0.769231 0.769231       1     0.322156
    402   h0       1 0.777778       1       1       1 0.700000 0.769231 0.769231       1     0.322156
    403   h0       1 0.777778       1       1       1 0.700000 0.769231 0.769231       1     0.322156
    404   h0       1 0.666667       1       1       1 0.700000 0.746439 0.923077       1     0.321543
    405   h0       1 0.666667       1       1       1 0.700000 0.769231 0.923077       1     0.331361
    406   h0       1 0.666667       1       1       1 0.700000 0.769231 0.923077       1     0.331361
    407   h0       1 0.666667       1       1       1 0.700000 0.769231 0.923077       1     0.331361
    408   h0       1 0.947368       1       1       1 1.000000 0.746439 1.000000       1     0.707152
    409   h0       1 1.000000       1       1       1 1.000000 0.769231 1.000000       1     0.769231
    410   h0       1 1.000000       1       1       1 1.000000 0.769231 1.000000       1     0.769231
    411   h0       1 1.000000       1       1       1 1.000000 0.769231 1.000000       1     0.769231
    412   h0       1 0.654971       1       1       1 0.700000 0.712251 0.923077       1     0.301433
    413   h0       1 0.666667       1       1       1 0.700000 0.769231 0.923077       1     0.331361
    414   h0       1 0.666667       1       1       1 0.700000 0.769231 0.923077       1     0.331361
    415   h0       1 0.666667       1       1       1 0.700000 0.769231 0.923077       1     0.331361
    416   h0       1 0.684211       1       1       1 0.618182 0.888889 0.769231       1     0.289208
    417   h0       1 1.000000       1       1       1 0.700000 0.923077 0.769231       1     0.497041
    418   h0       1 1.000000       1       1       1 0.700000 0.923077 0.769231       1     0.497041
    419   h0       1 1.000000       1       1       1 0.700000 0.923077 0.769231       1     0.497041
    420   h0       1 0.947368       1       1       1 0.659091 0.740741 0.769231       1     0.355785
    421   h0       1 1.000000       1       1       1 0.700000 0.769231 0.769231       1     0.414201
    422   h0       1 1.000000       1       1       1 0.700000 0.769231 0.769231       1     0.414201
    423   h0       1 1.000000       1       1       1 0.700000 0.769231 0.769231       1     0.414201
    424   h0       1 0.631579       1       1       1 0.909091 0.740741 0.769231       1     0.327158
    425   h0       1 0.666667       1       1       1 1.000000 0.769231 0.769231       1     0.394477
    426   h0       1 0.666667       1       1       1 1.000000 0.769231 0.769231       1     0.394477
    427   h0       1 0.666667       1       1       1 1.000000 0.569801 0.675824       1     0.256723
    448   h0       1 0.631579       1       1       1 0.763636 0.814815 0.769231       1     0.302294
    449   h0       1 0.666667       1       1       1 0.800000 0.846154 0.769231       1     0.347140
    450   h0       1 0.666667       1       1       1 0.800000 0.846154 0.769231       1     0.347140
    451   h0       1 0.666667       1       1       1 0.800000 0.846154 0.769231       1     0.347140
    452   h0       1 0.666667       1       1       1 0.800000 0.532764 0.384615       1     0.109285
    453   h0       1 0.947368       1       1       1 0.954545 0.279202 0.642857       1     0.162311
    454   h0       1 1.000000       1       1       1 1.000000 0.769231 0.769231       1     0.591716
    455   h0       1 1.000000       1       1       1 1.000000 0.769231 0.769231       1     0.591716
    456   h0       1 1.000000       1       1       1 1.000000 0.769231 0.769231       1     0.591716
    457   h0       1 1.000000       1       1       1 1.000000 0.740741 0.461538       1     0.341880
    458   h0       1 0.736842       1       1       1 0.954545 0.923077 0.670330       1     0.435209
    459   h0       1 0.777778       1       1       1 1.000000 0.923077 0.769231       1     0.552268
    460   h0       1 0.777778       1       1       1 1.000000 0.923077 0.769231       1     0.552268
    461   h0       1 0.777778       1       1       1 1.000000 0.923077 0.769231       1     0.552268
    462   h0       1 0.777778       1       1       1 1.000000 0.581197 0.461538       1     0.208635
    463   h0       1 0.631579       1       1       1 0.668182 0.740741 0.769231       1     0.240461
    464   h0       1 0.666667       1       1       1 0.700000 0.769231 0.769231       1     0.276134
    465   h0       1 0.666667       1       1       1 0.700000 0.769231 0.769231       1     0.276134
    466   h0       1 0.666667       1       1       1 0.700000 0.769231 0.769231       1     0.276134
    467   h0       1 0.666667       1       1       1 0.700000 0.484330 0.384615       1     0.086931
    812   h1       1 0.947368       1       1       1 0.800000 0.769231 0.846154       1     0.493304
    813   h1       1 1.000000       1       1       1 0.750000 0.769231 0.846154       1     0.488166
    814   h1       1 1.000000       1       1       1 0.686364 0.769231 0.846154       1     0.446746
    815   h1       1 0.736842       1       1       1 0.900000 0.769231 0.769231       1     0.392401
    816   h1       1 0.777778       1       1       1 0.900000 0.769231 0.769231       1     0.414201
    817   h1       1 0.777778       1       1       1 0.900000 0.769231 0.769231       1     0.414201
    818   h1       1 0.947368       1       1       1 0.800000 0.769231 0.769231       1     0.448458
    819   h1       1 1.000000       1       1       1 0.800000 0.769231 0.769231       1     0.473373
    820   h1       1 1.000000       1       1       1 0.800000 0.769231 0.769231       1     0.473373
    821   h1       1 0.631579       1       1       1 0.700000 0.769231 0.923077       1     0.313921
    822   h1       1 0.666667       1       1       1 0.650000 0.769231 0.923077       1     0.307692
    823   h1       1 0.666667       1       1       1 0.595455 0.769231 0.923077       1     0.281872
    860   h1       1 0.631579       1       1       1 1.000000 0.846154 0.769231       1     0.411087
    861   h1       1 0.666667       1       1       1 1.000000 0.846154 0.769231       1     0.433925
    862   h1       1 0.666667       1       1       1 1.000000 0.846154 0.769231       1     0.433925
    863   h1       1 0.666667       1       1       1 1.000000 0.846154 0.620879       1     0.350240
    864   h1       1 0.947368       1       1       1 0.700000 1.000000 0.769231       1     0.510121
    865   h1       1 1.000000       1       1       1 0.700000 1.000000 0.769231       1     0.538462
    866   h1       1 1.000000       1       1       1 0.700000 1.000000 0.769231       1     0.538462
    867   h1       1 1.000000       1       1       1 0.700000 1.000000 0.769231       1     0.538462
    868   h1       1 0.573099       1       1       1 0.677273 0.683761 0.846154       1     0.224568
    869   h1       1 0.777778       1       1       1 0.700000 0.769231 0.846154       1     0.354372
    870   h1       1 0.777778       1       1       1 0.700000 0.769231 0.769231       1     0.322156
    871   h1       1 0.777778       1       1       1 0.700000 0.769231 0.846154       1     0.354372
    872   h1       1 0.666667       1       1       1 0.700000 0.757835 0.923077       1     0.326452
    873   h1       1 0.666667       1       1       1 0.700000 0.769231 0.923077       1     0.331361
    874   h1       1 0.666667       1       1       1 0.700000 0.769231 0.923077       1     0.331361
    875   h1       1 0.666667       1       1       1 0.700000 0.769231 0.923077       1     0.331361
    876   h1       1 1.000000       1       1       1 1.000000 0.769231 1.000000       1     0.769231
    877   h1       1 1.000000       1       1       1 1.000000 0.769231 1.000000       1     0.769231
    878   h1       1 1.000000       1       1       1 1.000000 0.769231 1.000000       1     0.769231
    879   h1       1 1.000000       1       1       1 1.000000 0.769231 1.000000       1     0.769231
    880   h1       1 0.649123       1       1       1 0.700000 0.814815 0.846154       1     0.313280
    881   h1       1 0.666667       1       1       1 0.700000 0.846154 0.846154       1     0.334122
    882   h1       1 0.666667       1       1       1 0.700000 0.769231 0.846154       1     0.303748
    883   h1       1 0.666667       1       1       1 0.700000 0.769231 0.846154       1     0.303748
    884   h1       1 0.736842       1       1       1 0.618182 0.925926 0.747253       1     0.315162
    885   h1       1 1.000000       1       1       1 0.700000 1.000000 0.769231       1     0.538462
    886   h1       1 1.000000       1       1       1 0.700000 1.000000 0.769231       1     0.538462
    887   h1       1 1.000000       1       1       1 0.700000 1.000000 0.769231       1     0.538462
    888   h1       1 0.947368       1       1       1 0.600000 0.769231 0.769231       1     0.336344
    889   h1       1 1.000000       1       1       1 0.650000 0.769231 0.769231       1     0.384615
    890   h1       1 1.000000       1       1       1 0.695455 0.769231 0.769231       1     0.411512
    891   h1       1 1.000000       1       1       1 0.600000 0.769231 0.769231       1     0.355030
    892   h1       1 0.631579       1       1       1 1.000000 0.769231 0.769231       1     0.373715
    893   h1       1 0.666667       1       1       1 1.000000 0.769231 0.769231       1     0.394477
    894   h1       1 0.666667       1       1       1 1.000000 0.769231 0.769231       1     0.394477
    895   h1       1 0.666667       1       1       1 1.000000 0.555556 0.670330       1     0.248270
    916   h1       1 0.631579       1       1       1 0.800000 0.846154 0.769231       1     0.328870
    917   h1       1 0.666667       1       1       1 0.800000 0.846154 0.769231       1     0.347140
    918   h1       1 0.666667       1       1       1 0.800000 0.846154 0.769231       1     0.347140
    919   h1       1 0.666667       1       1       1 0.800000 0.846154 0.769231       1     0.347140
    920   h1       1 0.666667       1       1       1 0.800000 0.532764 0.376374       1     0.106943
    921   h1       1 0.947368       1       1       1 1.000000 0.307692 0.706044       1     0.205810
    922   h1       1 1.000000       1       1       1 1.000000 0.769231 0.769231       1     0.591716
    923   h1       1 1.000000       1       1       1 1.000000 0.769231 0.769231       1     0.591716
    924   h1       1 1.000000       1       1       1 1.000000 0.769231 0.769231       1     0.591716
    925   h1       1 1.000000       1       1       1 1.000000 0.740741 0.398352       1     0.295075
    926   h1       1 0.631579       1       1       1 1.000000 0.923077 0.620879       1     0.361970
    927   h1       1 0.666667       1       1       1 1.000000 0.923077 0.769231       1     0.473373
    928   h1       1 0.666667       1       1       1 1.000000 0.923077 0.769231       1     0.473373
    929   h1       1 0.666667       1       1       1 1.000000 0.923077 0.769231       1     0.473373
    930   h1       1 0.666667       1       1       1 1.000000 0.547009 0.500000       1     0.182336
    931   h1       1 0.736842       1       1       1 0.700000 0.769231 0.769231       1     0.305201
    932   h1       1 0.777778       1       1       1 0.700000 0.769231 0.769231       1     0.322156
    933   h1       1 0.777778       1       1       1 0.700000 0.769231 0.769231       1     0.322156
    934   h1       1 0.777778       1       1       1 0.700000 0.769231 0.769231       1     0.322156
    935   h1       1 0.777778       1       1       1 0.700000 0.455840 0.370879       1     0.092045