 ChipID Half  Layer0   Layer1  Layer2   Layer3  Layer4  Layer5   Layer6  Layer7   Layer8  Pseaudo_Eff
    344   h0       1 0.842105       1 0.761905       1       1 0.740741       1 0.785714     0.373420
    345   h0       1 0.888889       1 0.800000       1       1 0.769231       1 0.785714     0.429792
    346   h0       1 0.888889       1 0.800000       1       1 0.769231       1 0.785714     0.429792
    347   h0       1 0.842105       1 0.666667       1       1 0.740741       1 0.714286     0.297039
    348   h0       1 0.888889       1 0.700000       1       1 0.769231       1 0.714286     0.341880
    349   h0       1 0.888889       1 0.700000       1       1 0.769231       1 0.783410     0.374966
    350   h0       1 0.947368       1 0.666667       1       1 0.740741       1 0.785714     0.367586
    351   h0       1 1.000000       1 0.700000       1       1 0.769231       1 0.785714     0.423077
    352   h0       1 1.000000       1 0.700000       1       1 0.769231       1 0.785714     0.423077
    353   h0       1 0.631579       1 0.952381       1       1 0.740741       1 0.857143     0.381907
    354   h0       1 0.666667       1 1.000000       1       1 0.769231       1 0.785714     0.402930
    355   h0       1 0.666667       1 1.000000       1       1 0.769231       1 0.785714     0.402930
    392   h0       1 0.631579       1 0.952381       1       1 0.814815       1 0.857143     0.420098
    393   h0       1 0.666667       1 1.000000       1       1 0.846154       1 0.857143     0.483516
    394   h0       1 0.666667       1 1.000000       1       1 0.846154       1 0.790323     0.445823
    395   h0       1 0.666667       1 1.000000       1       1 0.846154       1 0.785714     0.443223
    396   h0       1 0.947368       1 0.666667       1       1 0.962963       1 0.785714     0.477861
    397   h0       1 1.000000       1 0.700000       1       1 1.000000       1 0.785714     0.550000
    398   h0       1 1.000000       1 0.700000       1       1 1.000000       1 0.785714     0.550000
    399   h0       1 1.000000       1 0.700000       1       1 1.000000       1 0.785714     0.550000
    400   h0       1 0.614035       1 0.614286       1       1 0.649573       1 0.721198     0.176704
    401   h0       1 0.777778       1 0.700000       1       1 0.769231       1 0.785714     0.329060
    402   h0       1 0.777778       1 0.700000       1       1 0.769231       1 0.785714     0.329060
    403   h0       1 0.777778       1 0.676190       1       1 0.769231       1 0.769585     0.311342
    404   h0       1 0.666667       1 0.700000       1       1 0.746439       1 0.767281     0.267273
    405   h0       1 0.666667       1 0.700000       1       1 0.769231       1 0.785714     0.282051
    406   h0       1 0.666667       1 0.700000       1       1 0.769231       1 0.785714     0.282051
    407   h0       1 0.666667       1 0.700000       1       1 0.769231       1 0.785714     0.282051
    408   h0       1 0.947368       1 1.000000       1       1 0.746439       1 0.767281     0.542585
    409   h0       1 1.000000       1 1.000000       1       1 0.769231       1 0.785714     0.604396
    410   h0       1 1.000000       1 1.000000       1       1 0.769231       1 0.785714     0.604396
    411   h0       1 1.000000       1 1.000000       1       1 0.769231       1 0.785714     0.604396
    412   h0       1 0.654971       1 0.700000       1       1 0.712251       1 0.767281     0.250557
    413   h0       1 0.666667       1 0.700000       1       1 0.769231       1 0.785714     0.282051
    414   h0       1 0.666667       1 0.700000       1       1 0.769231       1 0.785714     0.282051
    415   h0       1 0.666667       1 0.700000       1       1 0.769231       1 0.758065     0.272126
    416   h0       1 0.684211       1 0.647619       1       1 0.888889       1 0.682028     0.268633
    417   h0       1 1.000000       1 0.800000       1       1 0.923077       1 0.785714     0.580220
    418   h0       1 1.000000       1 0.800000       1       1 0.923077       1 0.785714     0.580220
    419   h0       1 1.000000       1 0.800000       1       1 0.923077       1 0.785714     0.580220
    420   h0       1 0.947368       1 0.857143       1       1 0.740741       1 0.785714     0.472610
    421   h0       1 1.000000       1 0.900000       1       1 0.769231       1 0.785714     0.543956
    422   h0       1 1.000000       1 0.900000       1       1 0.769231       1 0.785714     0.543956
    423   h0       1 1.000000       1 0.900000       1       1 0.769231       1 0.852535     0.590216
    424   h0       1 0.631579       1 0.857143       1       1 0.740741       1 0.785714     0.315073
    425   h0       1 0.666667       1 0.900000       1       1 0.769231       1 0.785714     0.362637
    426   h0       1 0.666667       1 0.900000       1       1 0.769231       1 0.785714     0.362637
    427   h0       1 0.666667       1 0.900000       1       1 0.569801       1 0.721198     0.246563
    448   h0       1 0.631579       1 0.666667       1       1 0.814815       1 0.785714     0.269563
    449   h0       1 0.666667       1 0.700000       1       1 0.846154       1 0.785714     0.310256
    450   h0       1 0.666667       1 0.700000       1       1 0.846154       1 0.785714     0.310256
    451   h0       1 0.666667       1 0.700000       1       1 0.846154       1 0.785714     0.310256
    452   h0       1 0.666667       1 0.500000       1       1 0.532764       1 0.785714     0.139533
    453   h0       1 0.947368       1 0.952381       1       1 0.279202       1 0.564516     0.142208
    454   h0       1 1.000000       1 1.000000       1       1 0.769231       1 0.785714     0.604396
    455   h0       1 1.000000       1 1.000000       1       1 0.769231       1 0.785714     0.604396
    456   h0       1 1.000000       1 1.000000       1       1 0.769231       1 0.785714     0.604396
    457   h0       1 1.000000       1 0.714286       1       1 0.740741       1 0.758065     0.401092
    458   h0       1 0.736842       1 0.952381       1       1 0.923077       1 0.714286     0.462695
    459   h0       1 0.777778       1 1.000000       1       1 0.923077       1 0.714286     0.512821
    460   h0       1 0.777778       1 1.000000       1       1 0.923077       1 0.714286     0.512821
    461   h0       1 0.777778       1 1.000000       1       1 0.923077       1 0.714286     0.512821
    462   h0       1 0.777778       1 0.714286       1       1 0.581197       1 0.778802     0.251465
    463   h0       1 0.631579       1 0.666667       1       1 0.740741       1 0.785714     0.245057
    464   h0       1 0.666667       1 0.700000       1       1 0.769231       1 0.785714     0.282051
    465   h0       1 0.666667       1 0.700000       1       1 0.769231       1 0.785714     0.282051
    466   h0       1 0.666667       1 0.700000       1       1 0.769231       1 0.785714     0.282051
    467   h0       1 0.666667       1 0.500000       1       1 0.484330       1 0.656682     0.106017
    812   h1       1 0.947368       1 0.723810       1       1 0.769231       1 0.785714     0.414443
    813   h1       1 1.000000       1 0.800000       1       1 0.769231       1 0.785714     0.483516
    814   h1       1 1.000000       1 0.800000       1       1 0.769231       1 0.785714     0.483516
    815   h1       1 0.736842       1 0.642857       1       1 0.769231       1 0.785714     0.286293
    816   h1       1 0.777778       1 0.700000       1       1 0.769231       1 0.785714     0.329060
    817   h1       1 0.777778       1 0.700000       1       1 0.769231       1 0.785714     0.329060
    818   h1       1 0.947368       1 0.666667       1       1 0.769231       1 0.857143     0.416426
    819   h1       1 1.000000       1 0.700000       1       1 0.769231       1 0.857143     0.461538
    820   h1       1 1.000000       1 0.700000       1       1 0.769231       1 0.857143     0.461538
    821   h1       1 0.631579       1 0.952381       1       1 0.769231       1 0.857143     0.396596
    822   h1       1 0.666667       1 1.000000       1       1 0.769231       1 0.788018     0.404112
    823   h1       1 0.666667       1 1.000000       1       1 0.769231       1 0.785714     0.402930
    860   h1       1 0.631579       1 0.952381       1       1 0.846154       1 0.785714     0.399901
    861   h1       1 0.666667       1 1.000000       1       1 0.846154       1 0.785714     0.443223
    862   h1       1 0.666667       1 1.000000       1       1 0.846154       1 0.785714     0.443223
    863   h1       1 0.666667       1 1.000000       1       1 0.846154       1 0.785714     0.443223
    864   h1       1 0.947368       1 0.666667       1       1 1.000000       1 0.785714     0.496241
    865   h1       1 1.000000       1 0.700000       1       1 1.000000       1 0.785714     0.550000
    866   h1       1 1.000000       1 0.700000       1       1 1.000000       1 0.785714     0.550000
    867   h1       1 1.000000       1 0.700000       1       1 1.000000       1 0.785714     0.550000
    868   h1       1 0.573099       1 0.642857       1       1 0.683761       1 0.737327     0.185741
    869   h1       1 0.777778       1 0.700000       1       1 0.769231       1 0.785714     0.329060
    870   h1       1 0.777778       1 0.700000       1       1 0.769231       1 0.785714     0.329060
    871   h1       1 0.777778       1 0.676190       1       1 0.769231       1 0.767281     0.310410
    872   h1       1 0.666667       1 0.700000       1       1 0.757835       1 0.778802     0.275428
    873   h1       1 0.666667       1 0.700000       1       1 0.769231       1 0.785714     0.282051
    874   h1       1 0.666667       1 0.700000       1       1 0.769231       1 0.785714     0.282051
    875   h1       1 0.666667       1 0.700000       1       1 0.769231       1 0.785714     0.282051
    876   h1       1 1.000000       1 1.000000       1       1 0.769231       1 0.760369     0.584899
    877   h1       1 1.000000       1 1.000000       1       1 0.769231       1 0.785714     0.604396
    878   h1       1 1.000000       1 1.000000       1       1 0.769231       1 0.785714     0.604396
    879   h1       1 1.000000       1 1.000000       1       1 0.769231       1 0.785714     0.604396
    880   h1       1 0.649123       1 0.700000       1       1 0.814815       1 0.744240     0.275548
    881   h1       1 0.666667       1 0.700000       1       1 0.846154       1 0.785714     0.310256
    882   h1       1 0.666667       1 0.700000       1       1 0.769231       1 0.785714     0.282051
    883   h1       1 0.666667       1 0.700000       1       1 0.769231       1 0.767281     0.275434
    884   h1       1 0.736842       1 0.647619       1       1 0.925926       1 0.702765     0.310513
    885   h1       1 1.000000       1 0.800000       1       1 1.000000       1 0.785714     0.628571
    886   h1       1 1.000000       1 0.800000       1       1 1.000000       1 0.785714     0.628571
    887   h1       1 1.000000       1 0.800000       1       1 1.000000       1 0.785714     0.628571
    888   h1       1 0.947368       1 0.952381       1       1 0.769231       1 0.785714     0.545319
    889   h1       1 1.000000       1 1.000000       1       1 0.769231       1 0.788018     0.606168
    890   h1       1 1.000000       1 1.000000       1       1 0.769231       1 0.788018     0.606168
    891   h1       1 1.000000       1 1.000000       1       1 0.769231       1 0.785714     0.604396
    892   h1       1 0.631579       1 0.761905       1       1 0.769231       1 0.857143     0.317277
    893   h1       1 0.666667       1 0.800000       1       1 0.769231       1 0.857143     0.351648
    894   h1       1 0.666667       1 0.800000       1       1 0.769231       1 0.790323     0.324235
    895   h1       1 0.666667       1 0.900000       1       1 0.555556       1 0.714286     0.238095
    916   h1       1 0.631579       1 0.661905       1       1 0.846154       1 0.785714     0.277931
    917   h1       1 0.666667       1 0.700000       1       1 0.846154       1 0.785714     0.310256
    918   h1       1 0.666667       1 0.700000       1       1 0.846154       1 0.785714     0.310256
    919   h1       1 0.666667       1 0.700000       1       1 0.846154       1 0.785714     0.310256
    920   h1       1 0.666667       1 0.500000       1       1 0.532764       1 0.785714     0.139533
    921   h1       1 0.947368       1 0.904762       1       1 0.307692       1 0.619816     0.163468
    922   h1       1 1.000000       1 1.000000       1       1 0.769231       1 0.785714     0.604396
    923   h1       1 1.000000       1 1.000000       1       1 0.769231       1 0.785714     0.604396
    924   h1       1 1.000000       1 1.000000       1       1 0.769231       1 0.785714     0.604396
    925   h1       1 1.000000       1 0.714286       1       1 0.740741       1 0.764977     0.404750
    926   h1       1 0.631579       1 0.900000       1       1 0.923077       1 0.714286     0.374783
    927   h1       1 0.666667       1 0.900000       1       1 0.923077       1 0.714286     0.395604
    928   h1       1 0.666667       1 1.000000       1       1 0.923077       1 0.714286     0.439560
    929   h1       1 0.666667       1 1.000000       1       1 0.923077       1 0.781106     0.480681
    930   h1       1 0.666667       1 0.714286       1       1 0.547009       1 0.785714     0.204663
    931   h1       1 0.736842       1 0.700000       1       1 0.769231       1 0.785714     0.311741
    932   h1       1 0.777778       1 0.700000       1       1 0.769231       1 0.788018     0.330025
    933   h1       1 0.777778       1 0.700000       1       1 0.769231       1 0.854839     0.358009
    934   h1       1 0.777778       1 0.700000       1       1 0.769231       1 0.790323     0.330990
    935   h1       1 0.777778       1 0.500000       1       1 0.455840       1 0.721198     0.127848