 ChipID Half  Layer0  Layer1  Layer2   Layer3   Layer4   Layer5  Layer6   Layer7  Layer8  Pseaudo_Eff
    344   h0       1       1       1 0.761905 0.954545 0.668182       1 0.846154       1     0.411189
    345   h0       1       1       1 0.800000 1.000000 0.700000       1 0.846154       1     0.473846
    346   h0       1       1       1 0.800000 1.000000 0.700000       1 0.846154       1     0.473846
    347   h0       1       1       1 0.666667 0.668182 0.859091       1 0.769231       1     0.294374
    348   h0       1       1       1 0.700000 0.700000 0.900000       1 0.769231       1     0.339231
    349   h0       1       1       1 0.700000 0.700000 0.900000       1 0.769231       1     0.339231
    350   h0       1       1       1 0.666667 0.954545 0.727273       1 0.769231       1     0.356008
    351   h0       1       1       1 0.700000 1.000000 0.800000       1 0.769231       1     0.430769
    352   h0       1       1       1 0.700000 1.000000 0.800000       1 0.769231       1     0.430769
    353   h0       1       1       1 0.952381 0.668182 0.645455       1 0.923077       1     0.379148
    354   h0       1       1       1 1.000000 0.700000 0.700000       1 0.923077       1     0.452308
    355   h0       1       1       1 1.000000 0.668182 0.700000       1 0.923077       1     0.431748
    392   h0       1       1       1 0.952381 0.668182 0.954545       1 0.769231       1     0.467260
    393   h0       1       1       1 1.000000 0.700000 1.000000       1 0.769231       1     0.538462
    394   h0       1       1       1 1.000000 0.700000 1.000000       1 0.769231       1     0.538462
    395   h0       1       1       1 1.000000 0.700000 1.000000       1 0.675824       1     0.473077
    396   h0       1       1       1 0.666667 0.954545 0.668182       1 0.769231       1     0.327082
    397   h0       1       1       1 0.700000 1.000000 0.700000       1 0.769231       1     0.376923
    398   h0       1       1       1 0.700000 1.000000 0.700000       1 0.769231       1     0.376923
    399   h0       1       1       1 0.700000 1.000000 0.700000       1 0.769231       1     0.376923
    400   h0       1       1       1 0.614286 0.954545 0.654545       1 0.769231       1     0.295232
    401   h0       1       1       1 0.700000 1.000000 0.700000       1 0.769231       1     0.376923
    402   h0       1       1       1 0.700000 1.000000 0.700000       1 0.769231       1     0.376923
    403   h0       1       1       1 0.676190 1.000000 0.700000       1 0.769231       1     0.364103
    404   h0       1       1       1 0.700000 0.700000 0.700000       1 0.923077       1     0.316615
    405   h0       1       1       1 0.700000 0.700000 0.700000       1 0.923077       1     0.316615
    406   h0       1       1       1 0.700000 0.700000 0.700000       1 0.923077       1     0.316615
    407   h0       1       1       1 0.700000 0.700000 0.700000       1 0.923077       1     0.316615
    408   h0       1       1       1 1.000000 0.700000 1.000000       1 1.000000       1     0.700000
    409   h0       1       1       1 1.000000 0.700000 1.000000       1 1.000000       1     0.700000
    410   h0       1       1       1 1.000000 0.700000 1.000000       1 1.000000       1     0.700000
    411   h0       1       1       1 1.000000 0.700000 1.000000       1 1.000000       1     0.700000
    412   h0       1       1       1 0.700000 1.000000 0.700000       1 0.923077       1     0.452308
    413   h0       1       1       1 0.700000 1.000000 0.700000       1 0.923077       1     0.452308
    414   h0       1       1       1 0.700000 1.000000 0.700000       1 0.923077       1     0.452308
    415   h0       1       1       1 0.700000 1.000000 0.700000       1 0.923077       1     0.452308
    416   h0       1       1       1 0.647619 0.677273 0.618182       1 0.769231       1     0.208572
    417   h0       1       1       1 0.800000 0.700000 0.700000       1 0.769231       1     0.301538
    418   h0       1       1       1 0.800000 0.700000 0.700000       1 0.769231       1     0.301538
    419   h0       1       1       1 0.800000 0.700000 0.700000       1 0.769231       1     0.301538
    420   h0       1       1       1 0.857143 0.668182 0.659091       1 0.769231       1     0.290369
    421   h0       1       1       1 0.900000 0.700000 0.700000       1 0.769231       1     0.339231
    422   h0       1       1       1 0.900000 0.700000 0.700000       1 0.769231       1     0.339231
    423   h0       1       1       1 0.900000 0.700000 0.700000       1 0.769231       1     0.339231
    424   h0       1       1       1 0.857143 0.668182 0.909091       1 0.769231       1     0.400509
    425   h0       1       1       1 0.900000 0.700000 1.000000       1 0.769231       1     0.484615
    426   h0       1       1       1 0.900000 0.700000 1.000000       1 0.769231       1     0.484615
    427   h0       1       1       1 0.900000 0.700000 1.000000       1 0.675824       1     0.425769
    448   h0       1       1       1 0.666667 0.668182 0.763636       1 0.769231       1     0.261666
    449   h0       1       1       1 0.700000 0.700000 0.800000       1 0.769231       1     0.301538
    450   h0       1       1       1 0.700000 0.700000 0.800000       1 0.769231       1     0.301538
    451   h0       1       1       1 0.700000 0.700000 0.800000       1 0.769231       1     0.301538
    452   h0       1       1       1 0.500000 0.700000 0.800000       1 0.384615       1     0.107692
    453   h0       1       1       1 0.952381 0.668182 0.954545       1 0.642857       1     0.390496
    454   h0       1       1       1 1.000000 0.700000 1.000000       1 0.769231       1     0.538462
    455   h0       1       1       1 1.000000 0.700000 1.000000       1 0.769231       1     0.538462
    456   h0       1       1       1 1.000000 0.700000 1.000000       1 0.769231       1     0.538462
    457   h0       1       1       1 0.714286 0.700000 1.000000       1 0.461538       1     0.230769
    458   h0       1       1       1 0.952381 0.668182 0.954545       1 0.670330       1     0.407184
    459   h0       1       1       1 1.000000 0.700000 1.000000       1 0.769231       1     0.538462
    460   h0       1       1       1 1.000000 0.700000 1.000000       1 0.769231       1     0.538462
    461   h0       1       1       1 1.000000 0.700000 1.000000       1 0.769231       1     0.538462
    462   h0       1       1       1 0.714286 0.700000 1.000000       1 0.461538       1     0.230769
    463   h0       1       1       1 0.666667 0.954545 0.668182       1 0.769231       1     0.327082
    464   h0       1       1       1 0.700000 1.000000 0.700000       1 0.769231       1     0.376923
    465   h0       1       1       1 0.700000 1.000000 0.700000       1 0.769231       1     0.376923
    466   h0       1       1       1 0.700000 1.000000 0.700000       1 0.769231       1     0.376923
    467   h0       1       1       1 0.500000 1.000000 0.700000       1 0.384615       1     0.134615
    812   h1       1       1       1 0.723810 0.954545 0.800000       1 0.846154       1     0.467692
    813   h1       1       1       1 0.800000 1.000000 0.750000       1 0.846154       1     0.507692
    814   h1       1       1       1 0.800000 1.000000 0.686364       1 0.846154       1     0.464615
    815   h1       1       1       1 0.642857 0.668182 0.900000       1 0.769231       1     0.297378
    816   h1       1       1       1 0.700000 0.700000 0.900000       1 0.769231       1     0.339231
    817   h1       1       1       1 0.700000 0.700000 0.900000       1 0.769231       1     0.339231
    818   h1       1       1       1 0.666667 0.954545 0.800000       1 0.769231       1     0.391608
    819   h1       1       1       1 0.700000 1.000000 0.800000       1 0.769231       1     0.430769
    820   h1       1       1       1 0.700000 1.000000 0.800000       1 0.769231       1     0.430769
    821   h1       1       1       1 0.952381 0.668182 0.700000       1 0.923077       1     0.411189
    822   h1       1       1       1 1.000000 0.700000 0.650000       1 0.923077       1     0.420000
    823   h1       1       1       1 1.000000 0.700000 0.595455       1 0.923077       1     0.384755
    860   h1       1       1       1 0.952381 0.763636 1.000000       1 0.769231       1     0.559441
    861   h1       1       1       1 1.000000 0.800000 1.000000       1 0.769231       1     0.615385
    862   h1       1       1       1 1.000000 0.800000 1.000000       1 0.769231       1     0.615385
    863   h1       1       1       1 1.000000 0.800000 1.000000       1 0.620879       1     0.496703
    864   h1       1       1       1 0.666667 0.954545 0.700000       1 0.769231       1     0.342657
    865   h1       1       1       1 0.700000 1.000000 0.700000       1 0.769231       1     0.376923
    866   h1       1       1       1 0.700000 1.000000 0.700000       1 0.769231       1     0.376923
    867   h1       1       1       1 0.700000 1.000000 0.700000       1 0.769231       1     0.376923
    868   h1       1       1       1 0.642857 0.954545 0.677273       1 0.846154       1     0.351661
    869   h1       1       1       1 0.700000 1.000000 0.700000       1 0.846154       1     0.414615
    870   h1       1       1       1 0.700000 1.000000 0.700000       1 0.769231       1     0.376923
    871   h1       1       1       1 0.676190 1.000000 0.700000       1 0.846154       1     0.400513
    872   h1       1       1       1 0.700000 0.700000 0.700000       1 0.923077       1     0.316615
    873   h1       1       1       1 0.700000 0.700000 0.700000       1 0.923077       1     0.316615
    874   h1       1       1       1 0.700000 0.700000 0.700000       1 0.923077       1     0.316615
    875   h1       1       1       1 0.700000 0.700000 0.700000       1 0.923077       1     0.316615
    876   h1       1       1       1 1.000000 0.700000 1.000000       1 1.000000       1     0.700000
    877   h1       1       1       1 1.000000 0.700000 1.000000       1 1.000000       1     0.700000
    878   h1       1       1       1 1.000000 0.700000 1.000000       1 1.000000       1     0.700000
    879   h1       1       1       1 1.000000 0.700000 1.000000       1 1.000000       1     0.700000
    880   h1       1       1       1 0.700000 1.000000 0.700000       1 0.846154       1     0.414615
    881   h1       1       1       1 0.700000 1.000000 0.700000       1 0.846154       1     0.414615
    882   h1       1       1       1 0.700000 1.000000 0.700000       1 0.846154       1     0.414615
    883   h1       1       1       1 0.700000 1.000000 0.700000       1 0.846154       1     0.414615
    884   h1       1       1       1 0.647619 0.663636 0.618182       1 0.747253       1     0.198533
    885   h1       1       1       1 0.800000 0.700000 0.700000       1 0.769231       1     0.301538
    886   h1       1       1       1 0.800000 0.700000 0.700000       1 0.769231       1     0.301538
    887   h1       1       1       1 0.800000 0.700000 0.700000       1 0.769231       1     0.301538
    888   h1       1       1       1 0.952381 0.668182 0.600000       1 0.769231       1     0.293706
    889   h1       1       1       1 1.000000 0.700000 0.650000       1 0.769231       1     0.350000
    890   h1       1       1       1 1.000000 0.700000 0.695455       1 0.769231       1     0.374476
    891   h1       1       1       1 1.000000 0.700000 0.600000       1 0.769231       1     0.323077
    892   h1       1       1       1 0.761905 0.668182 1.000000       1 0.769231       1     0.391608
    893   h1       1       1       1 0.800000 0.700000 1.000000       1 0.769231       1     0.430769
    894   h1       1       1       1 0.800000 0.700000 1.000000       1 0.769231       1     0.430769
    895   h1       1       1       1 0.900000 0.700000 1.000000       1 0.670330       1     0.422308
    916   h1       1       1       1 0.661905 0.668182 0.800000       1 0.769231       1     0.272168
    917   h1       1       1       1 0.700000 0.700000 0.800000       1 0.769231       1     0.301538
    918   h1       1       1       1 0.700000 0.700000 0.800000       1 0.769231       1     0.301538
    919   h1       1       1       1 0.700000 0.700000 0.800000       1 0.769231       1     0.301538
    920   h1       1       1       1 0.500000 0.700000 0.800000       1 0.376374       1     0.105385
    921   h1       1       1       1 0.904762 0.763636 1.000000       1 0.706044       1     0.487812
    922   h1       1       1       1 1.000000 0.800000 1.000000       1 0.769231       1     0.615385
    923   h1       1       1       1 1.000000 0.800000 1.000000       1 0.769231       1     0.615385
    924   h1       1       1       1 1.000000 0.800000 1.000000       1 0.769231       1     0.615385
    925   h1       1       1       1 0.714286 0.800000 1.000000       1 0.398352       1     0.227630
    926   h1       1       1       1 0.900000 0.668182 1.000000       1 0.620879       1     0.373374
    927   h1       1       1       1 0.900000 0.700000 1.000000       1 0.769231       1     0.484615
    928   h1       1       1       1 1.000000 0.700000 1.000000       1 0.769231       1     0.538462
    929   h1       1       1       1 1.000000 0.700000 1.000000       1 0.769231       1     0.538462
    930   h1       1       1       1 0.714286 0.700000 1.000000       1 0.500000       1     0.250000
    931   h1       1       1       1 0.700000 0.954545 0.700000       1 0.769231       1     0.359790
    932   h1       1       1       1 0.700000 1.000000 0.700000       1 0.769231       1     0.376923
    933   h1       1       1       1 0.700000 1.000000 0.700000       1 0.769231       1     0.376923
    934   h1       1       1       1 0.700000 1.000000 0.700000       1 0.769231       1     0.376923
    935   h1       1       1       1 0.500000 1.000000 0.700000       1 0.370879       1     0.129808