 ChipID Half  Layer0  Layer1  Layer2  Layer3   Layer4  Layer5   Layer6   Layer7  Layer8  Pseaudo_Eff
    332   h0       1       1   0.950       1 0.668182       1 0.964286 0.742706       1     0.454612
    333   h0       1       1   1.000       1 0.700000       1 1.000000 0.769231       1     0.538462
    334   h0       1       1   1.000       1 0.700000       1 1.000000 0.769231       1     0.538462
    335   h0       1       1   0.665       1 0.668182       1 0.890110 0.742706       1     0.293749
    336   h0       1       1   0.700       1 0.700000       1 0.923077 0.769231       1     0.347929
    337   h0       1       1   0.700       1 0.700000       1 0.923077 0.769231       1     0.347929
    338   h0       1       1   0.665       1 0.954545       1 0.741758 0.891247       1     0.419642
    339   h0       1       1   0.700       1 1.000000       1 0.769231 0.923077       1     0.497041
    340   h0       1       1   0.700       1 1.000000       1 0.769231 0.923077       1     0.497041
    341   h0       1       1   0.950       1 0.668182       1 0.890110 0.965517       1     0.545534
    342   h0       1       1   1.000       1 0.700000       1 0.923077 1.000000       1     0.646154
    343   h0       1       1   1.000       1 0.677273       1 0.923077 1.000000       1     0.625175
    356   h0       1       1   0.665       1 0.954545       1 0.741758 0.742706       1     0.349701
    357   h0       1       1   0.700       1 1.000000       1 0.769231 0.769231       1     0.414201
    358   h0       1       1   0.700       1 1.000000       1 0.769231 0.769231       1     0.414201
    359   h0       1       1   0.700       1 1.000000       1 0.769231 0.315650       1     0.169965
    360   h0       1       1   0.950       1 0.668182       1 0.741758 0.816976       1     0.384671
    361   h0       1       1   1.000       1 0.700000       1 0.769231 0.846154       1     0.455621
    362   h0       1       1   1.000       1 0.700000       1 0.769231 0.846154       1     0.455621
    363   h0       1       1   1.000       1 0.700000       1 0.769231 0.846154       1     0.455621
    364   h0       1       1   0.675       1 0.604545       1 0.744505 0.859416       1     0.261098
    365   h0       1       1   0.900       1 0.700000       1 0.769231 0.923077       1     0.447337
    366   h0       1       1   0.900       1 0.700000       1 0.769231 0.923077       1     0.447337
    367   h0       1       1   0.900       1 0.700000       1 0.769231 0.923077       1     0.447337
    368   h0       1       1   0.700       1 0.700000       1 0.846154 0.769231       1     0.318935
    369   h0       1       1   0.700       1 0.700000       1 0.846154 0.769231       1     0.318935
    370   h0       1       1   0.700       1 0.700000       1 0.846154 0.769231       1     0.318935
    371   h0       1       1   0.700       1 0.700000       1 0.846154 0.769231       1     0.318935
    372   h0       1       1   1.000       1 1.000000       1 0.964286 0.769231       1     0.741758
    373   h0       1       1   1.000       1 1.000000       1 1.000000 0.769231       1     0.769231
    374   h0       1       1   1.000       1 1.000000       1 1.000000 0.769231       1     0.769231
    375   h0       1       1   1.000       1 1.000000       1 1.000000 0.769231       1     0.769231
    376   h0       1       1   0.700       1 0.800000       1 0.923077 0.769231       1     0.397633
    377   h0       1       1   0.700       1 0.800000       1 0.923077 0.769231       1     0.397633
    378   h0       1       1   0.700       1 0.800000       1 0.923077 0.769231       1     0.397633
    379   h0       1       1   0.700       1 0.800000       1 0.923077 0.769231       1     0.397633
    380   h0       1       1   0.610       1 0.663636       1 0.769231 0.702918       1     0.218888
    381   h0       1       1   0.700       1 0.700000       1 0.769231 0.769231       1     0.289941
    382   h0       1       1   0.700       1 0.700000       1 0.769231 0.769231       1     0.289941
    383   h0       1       1   0.690       1 0.700000       1 0.769231 0.769231       1     0.285799
    384   h0       1       1   0.760       1 0.668182       1 0.741758 0.742706       1     0.279761
    385   h0       1       1   0.800       1 0.700000       1 0.769231 0.769231       1     0.331361
    386   h0       1       1   0.800       1 0.700000       1 0.769231 0.769231       1     0.331361
    387   h0       1       1   0.800       1 0.700000       1 0.769231 0.769231       1     0.331361
    388   h0       1       1   0.950       1 0.859091       1 0.741758 0.816976       1     0.494578
    389   h0       1       1   1.000       1 0.900000       1 0.769231 0.846154       1     0.585799
    390   h0       1       1   1.000       1 0.900000       1 0.769231 0.846154       1     0.585799
    391   h0       1       1   1.000       1 0.900000       1 0.681319 0.846154       1     0.518850
    428   h0       1       1   0.665       1 0.668182       1 0.741758 0.891247       1     0.293749
    429   h0       1       1   0.700       1 0.700000       1 0.769231 0.923077       1     0.347929
    430   h0       1       1   0.700       1 0.700000       1 0.769231 0.923077       1     0.347929
    431   h0       1       1   0.700       1 0.700000       1 0.769231 0.923077       1     0.347929
    432   h0       1       1   0.595       1 0.700000       1 0.412088 0.381963       1     0.065558
    433   h0       1       1   0.855       1 0.954545       1 0.593407 0.965517       1     0.467601
    434   h0       1       1   0.900       1 1.000000       1 0.769231 1.000000       1     0.692308
    435   h0       1       1   0.900       1 1.000000       1 0.769231 1.000000       1     0.692308
    436   h0       1       1   0.900       1 1.000000       1 0.769231 1.000000       1     0.692308
    437   h0       1       1   0.765       1 1.000000       1 0.519231 0.413793       1     0.164363
    438   h0       1       1   0.950       1 0.954545       1 0.615385 0.456233       1     0.254597
    439   h0       1       1   1.000       1 1.000000       1 0.769231 0.769231       1     0.591716
    440   h0       1       1   1.000       1 1.000000       1 0.769231 0.769231       1     0.591716
    441   h0       1       1   1.000       1 1.000000       1 0.769231 0.769231       1     0.591716
    442   h0       1       1   0.850       1 1.000000       1 0.483516 0.588859       1     0.242015
    443   h0       1       1   0.665       1 0.859091       1 0.741758 0.742706       1     0.314731
    444   h0       1       1   0.700       1 0.900000       1 0.769231 0.769231       1     0.372781
    445   h0       1       1   0.700       1 0.900000       1 0.769231 0.769231       1     0.372781
    446   h0       1       1   0.700       1 0.900000       1 0.769231 0.769231       1     0.372781
    447   h0       1       1   0.595       1 0.900000       1 0.412088 0.318302       1     0.070241
    800   h1       1       1   1.000       1 0.700000       1 1.000000 0.769231       1     0.538462
    801   h1       1       1   1.000       1 0.700000       1 1.000000 0.769231       1     0.538462
    802   h1       1       1   1.000       1 0.690909       1 1.000000 0.769231       1     0.531469
    803   h1       1       1   0.670       1 0.800000       1 0.846154 0.769231       1     0.348876
    804   h1       1       1   0.700       1 0.800000       1 0.846154 0.769231       1     0.364497
    805   h1       1       1   0.700       1 0.800000       1 0.846154 0.769231       1     0.364497
    806   h1       1       1   0.700       1 0.900000       1 0.769231 1.000000       1     0.484615
    807   h1       1       1   0.700       1 0.900000       1 0.769231 1.000000       1     0.484615
    808   h1       1       1   0.700       1 0.900000       1 0.769231 1.000000       1     0.484615
    809   h1       1       1   1.000       1 0.700000       1 0.923077 0.923077       1     0.596450
    810   h1       1       1   1.000       1 0.700000       1 0.923077 0.923077       1     0.596450
    811   h1       1       1   1.000       1 0.681818       1 0.923077 0.923077       1     0.580958
    824   h1       1       1   0.665       1 1.000000       1 0.769231 0.769231       1     0.393491
    825   h1       1       1   0.700       1 1.000000       1 0.769231 0.769231       1     0.414201
    826   h1       1       1   0.700       1 1.000000       1 0.769231 0.769231       1     0.414201
    827   h1       1       1   0.700       1 1.000000       1 0.725275 0.238727       1     0.121200
    828   h1       1       1   0.950       1 0.700000       1 0.769231 0.846154       1     0.432840
    829   h1       1       1   1.000       1 0.700000       1 0.769231 0.846154       1     0.455621
    830   h1       1       1   1.000       1 0.700000       1 0.769231 0.846154       1     0.455621
    831   h1       1       1   1.000       1 0.700000       1 0.769231 0.846154       1     0.455621
    832   h1       1       1   0.720       1 0.604545       1 0.744505 0.816976       1     0.264752
    833   h1       1       1   0.900       1 0.700000       1 0.769231 0.846154       1     0.410059
    834   h1       1       1   0.900       1 0.700000       1 0.769231 0.846154       1     0.410059
    835   h1       1       1   0.900       1 0.700000       1 0.769231 0.846154       1     0.410059
    836   h1       1       1   0.700       1 0.700000       1 0.846154 0.769231       1     0.318935
    837   h1       1       1   0.700       1 0.700000       1 0.846154 0.769231       1     0.318935
    838   h1       1       1   0.700       1 0.700000       1 0.846154 0.769231       1     0.318935
    839   h1       1       1   0.700       1 0.700000       1 0.846154 0.769231       1     0.318935
    840   h1       1       1   1.000       1 1.000000       1 1.000000 0.769231       1     0.769231
    841   h1       1       1   1.000       1 1.000000       1 1.000000 0.769231       1     0.769231
    842   h1       1       1   1.000       1 1.000000       1 1.000000 0.769231       1     0.769231
    843   h1       1       1   1.000       1 1.000000       1 1.000000 0.769231       1     0.769231
    844   h1       1       1   0.700       1 0.700000       1 0.923077 0.769231       1     0.347929
    845   h1       1       1   0.700       1 0.700000       1 0.923077 0.769231       1     0.347929
    846   h1       1       1   0.700       1 0.700000       1 0.923077 0.769231       1     0.347929
    847   h1       1       1   0.700       1 0.700000       1 0.923077 0.769231       1     0.347929
    848   h1       1       1   0.640       1 0.677273       1 0.769231 0.702918       1     0.234371
    849   h1       1       1   0.700       1 0.700000       1 0.769231 0.769231       1     0.289941
    850   h1       1       1   0.700       1 0.700000       1 0.769231 0.769231       1     0.289941
    851   h1       1       1   0.685       1 0.700000       1 0.769231 0.769231       1     0.283728
    852   h1       1       1   0.800       1 0.700000       1 0.769231 0.769231       1     0.331361
    853   h1       1       1   0.800       1 0.700000       1 0.769231 0.769231       1     0.331361
    854   h1       1       1   0.800       1 0.700000       1 0.769231 0.769231       1     0.331361
    855   h1       1       1   0.800       1 0.700000       1 0.769231 0.769231       1     0.331361
    856   h1       1       1   1.000       1 0.900000       1 0.769231 0.923077       1     0.639053
    857   h1       1       1   1.000       1 0.900000       1 0.769231 0.923077       1     0.639053
    858   h1       1       1   1.000       1 0.900000       1 0.769231 0.923077       1     0.639053
    859   h1       1       1   1.000       1 0.900000       1 0.681319 0.923077       1     0.566019
    896   h1       1       1   0.685       1 0.700000       1 0.769231 1.000000       1     0.368846
    897   h1       1       1   0.700       1 0.700000       1 0.769231 1.000000       1     0.376923
    898   h1       1       1   0.700       1 0.700000       1 0.769231 1.000000       1     0.376923
    899   h1       1       1   0.700       1 0.700000       1 0.769231 1.000000       1     0.376923
    900   h1       1       1   0.560       1 0.700000       1 0.425824 0.448276       1     0.074828
    901   h1       1       1   0.900       1 1.000000       1 0.620879 1.000000       1     0.558791
    902   h1       1       1   0.900       1 1.000000       1 0.769231 1.000000       1     0.692308
    903   h1       1       1   0.900       1 1.000000       1 0.769231 0.923077       1     0.639053
    904   h1       1       1   0.900       1 1.000000       1 0.769231 0.923077       1     0.639053
    905   h1       1       1   0.720       1 1.000000       1 0.538462 0.381963       1     0.148084
    906   h1       1       1   1.000       1 1.000000       1 0.642857 0.435013       1     0.279651
    907   h1       1       1   1.000       1 1.000000       1 0.769231 0.769231       1     0.591716
    908   h1       1       1   1.000       1 1.000000       1 0.769231 0.769231       1     0.591716
    909   h1       1       1   1.000       1 1.000000       1 0.769231 0.769231       1     0.591716
    910   h1       1       1   0.800       1 1.000000       1 0.483516 0.641910       1     0.248299
    911   h1       1       1   0.700       1 0.800000       1 0.769231 0.769231       1     0.331361
    912   h1       1       1   0.700       1 0.800000       1 0.769231 0.769231       1     0.331361
    913   h1       1       1   0.700       1 0.800000       1 0.769231 0.769231       1     0.331361
    914   h1       1       1   0.700       1 0.800000       1 0.769231 0.769231       1     0.331361
    915   h1       1       1   0.560       1 0.800000       1 0.412088 0.339523       1     0.062681