 ChipID Half   Layer0   Layer1   Layer2   Layer3   Layer4   Layer5   Layer6   Layer7   Layer8  Pseaudo_Eff
    344   h0 0.585938 0.937500 0.941176 0.629630 0.839506 0.631579 0.695652 0.958333 0.641026     0.073759
    345   h0 0.625000 1.000000 1.000000 0.666667 0.888889 0.666667 0.727273 1.000000 0.666667     0.119716
    346   h0 0.625000 1.000000 1.000000 0.666667 0.888889 0.666667 0.727273 1.000000 0.714744     0.128349
    347   h0 0.937500 0.585938 0.588235 0.944444 0.629630 0.947368 0.782609 0.696970 0.801282     0.079561
    348   h0 1.000000 0.625000 0.625000 1.000000 0.666667 1.000000 0.818182 0.727273 0.833333     0.129132
    349   h0 1.000000 0.625000 0.625000 1.000000 0.666667 1.000000 0.727273 0.727273 0.788462     0.108604
    350   h0 0.585938 0.585938 0.941176 0.629630 0.839506 0.894737 0.695652 0.784091 0.961538     0.080150
    351   h0 0.625000 0.625000 1.000000 0.666667 0.888889 1.000000 0.727273 0.818182 1.000000     0.137741
    352   h0 0.625000 0.625000 1.000000 0.666667 0.888889 1.000000 0.727273 0.818182 1.000000     0.137741
    353   h0 0.937500 0.937500 0.588235 0.734568 0.839506 0.596491 0.956522 0.958333 0.801282     0.139685
    354   h0 1.000000 1.000000 0.625000 0.777778 0.888889 0.666667 1.000000 1.000000 0.833333     0.240055
    355   h0 1.000000 1.000000 0.625000 0.777778 0.888889 0.666667 1.000000 1.000000 0.833333     0.240055
    392   h0 0.585938 0.937500 0.941176 0.629630 0.944444 0.631579 0.956522 0.696970 0.721154     0.093351
    393   h0 0.625000 1.000000 1.000000 0.666667 1.000000 0.666667 1.000000 0.727273 0.750000     0.151515
    394   h0 0.625000 1.000000 1.000000 0.666667 1.000000 0.666667 1.000000 0.727273 0.750000     0.151515
    395   h0 0.625000 1.000000 1.000000 0.666667 1.000000 0.666667 1.000000 0.727273 0.750000     0.151515
    396   h0 0.937500 0.585938 0.705882 0.839506 0.629630 0.947368 0.695652 0.696970 0.721154     0.067892
    397   h0 1.000000 0.625000 0.750000 0.888889 0.666667 1.000000 0.727273 0.727273 0.750000     0.110193
    398   h0 1.000000 0.625000 0.750000 0.888889 0.666667 1.000000 0.727273 0.727273 0.750000     0.110193
    399   h0 1.000000 0.625000 0.750000 0.888889 0.666667 1.000000 0.727273 0.727273 0.750000     0.110193
    400   h0 0.421875 0.562500 0.566176 0.666667 0.777778 0.654971 0.513834 0.515152 0.435897     0.005265
    401   h0 0.750000 1.000000 0.875000 1.000000 1.000000 0.888889 0.909091 0.727273 0.750000     0.289256
    402   h0 0.750000 1.000000 0.875000 1.000000 1.000000 0.888889 0.909091 0.727273 0.750000     0.289256
    403   h0 0.750000 1.000000 0.875000 1.000000 1.000000 0.888889 0.909091 0.727273 0.750000     0.289256
    404   h0 0.601562 0.460938 0.669118 0.586420 0.691358 0.625731 0.529644 0.647727 0.544872     0.008798
    405   h0 0.875000 0.625000 0.875000 0.666667 0.777778 0.666667 0.727273 0.818182 0.750000     0.073821
    406   h0 0.875000 0.625000 0.875000 0.666667 0.777778 0.666667 0.727273 0.818182 0.750000     0.073821
    407   h0 0.875000 0.625000 0.875000 0.666667 0.777778 0.666667 0.727273 0.818182 0.750000     0.073821
    408   h0 0.515625 0.750000 0.617647 0.833333 0.691358 0.947368 0.509881 0.750000 0.554487     0.027644
    409   h0 0.750000 1.000000 0.750000 1.000000 0.777778 1.000000 0.727273 1.000000 0.750000     0.238636
    410   h0 0.750000 1.000000 0.750000 1.000000 0.777778 1.000000 0.727273 1.000000 0.750000     0.238636
    411   h0 0.750000 1.000000 0.750000 1.000000 0.777778 1.000000 0.727273 1.000000 0.750000     0.238636
    412   h0 0.656250 0.445312 0.823529 0.580247 0.888889 0.631579 0.695652 0.575758 0.608974     0.019122
    413   h0 0.875000 0.625000 1.000000 0.666667 1.000000 0.666667 1.000000 0.727273 0.833333     0.147306
    414   h0 0.875000 0.625000 1.000000 0.666667 1.000000 0.666667 1.000000 0.727273 0.833333     0.147306
    415   h0 0.875000 0.625000 1.000000 0.666667 1.000000 0.666667 1.000000 0.727273 0.833333     0.147306
    416   h0 0.382812 0.500000 0.352941 0.611111 0.450617 0.684211 0.537549 0.469697 0.653846     0.002101
    417   h0 0.875000 1.000000 0.625000 1.000000 0.666667 1.000000 0.727273 0.727273 1.000000     0.192837
    418   h0 0.875000 1.000000 0.625000 1.000000 0.666667 1.000000 0.727273 0.727273 1.000000     0.192837
    419   h0 0.875000 1.000000 0.625000 1.000000 0.666667 1.000000 0.727273 0.727273 1.000000     0.192837
    420   h0 0.703125 0.585938 0.941176 0.629630 0.944444 0.842105 0.956522 0.696970 0.721154     0.093351
    421   h0 0.750000 0.625000 1.000000 0.666667 1.000000 0.888889 1.000000 0.727273 0.750000     0.151515
    422   h0 0.750000 0.625000 1.000000 0.666667 1.000000 0.888889 1.000000 0.727273 0.750000     0.151515
    423   h0 0.750000 0.625000 1.000000 0.666667 1.000000 0.888889 1.000000 0.727273 0.750000     0.151515
    424   h0 0.937500 0.937500 0.588235 0.944444 0.629630 0.625731 0.695652 0.696970 0.801282     0.074737
    425   h0 1.000000 1.000000 0.625000 1.000000 0.666667 0.666667 0.727273 0.727273 0.833333     0.122436
    426   h0 1.000000 1.000000 0.625000 1.000000 0.666667 0.666667 0.727273 0.727273 0.750000     0.110193
    427   h0 1.000000 1.000000 0.625000 1.000000 0.666667 0.666667 0.727273 0.727273 0.782051     0.114902
    448   h0 0.703125 0.937500 0.823529 0.734568 0.944444 0.631579 0.482213 0.958333 0.961538     0.105692
    449   h0 0.750000 1.000000 0.875000 0.777778 1.000000 0.666667 0.727273 1.000000 1.000000     0.247475
    450   h0 0.750000 1.000000 0.875000 0.777778 1.000000 0.666667 0.727273 1.000000 1.000000     0.247475
    451   h0 0.750000 1.000000 0.875000 0.777778 1.000000 0.666667 0.727273 1.000000 1.000000     0.247475
    452   h0 0.750000 1.000000 0.875000 0.777778 1.000000 0.666667 0.727273 1.000000 1.000000     0.247475
    453   h0 0.000000 0.468750 0.000000 0.629630 0.104938 0.842105 0.158103 0.000000 0.035256     0.000000
    454   h0 0.687500 0.578125 0.573529 0.666667 0.574074 0.888889 0.909091 0.696970 0.916667     0.045041
    455   h0 1.000000 0.625000 0.750000 0.666667 0.666667 0.888889 0.909091 0.727273 0.916667     0.112233
    456   h0 1.000000 0.625000 0.750000 0.666667 0.666667 0.888889 0.909091 0.727273 0.916667     0.112233
    457   h0 1.000000 0.625000 0.750000 0.666667 0.666667 0.888889 0.909091 0.727273 0.916667     0.112233
    458   h0 0.703125 0.117188 0.941176 0.419753 0.944444 0.631579 0.347826 0.170455 0.801282     0.000922
    459   h0 0.750000 0.468750 1.000000 0.617284 1.000000 0.666667 0.695652 0.818182 0.833333     0.068621
    460   h0 0.750000 0.625000 1.000000 0.666667 1.000000 0.666667 0.727273 0.818182 0.833333     0.103306
    461   h0 0.750000 0.625000 1.000000 0.666667 1.000000 0.666667 0.727273 0.818182 0.833333     0.103306
    462   h0 0.750000 0.625000 1.000000 0.666667 1.000000 0.666667 0.727273 0.818182 0.833333     0.103306
    463   h0 0.820312 0.937500 0.588235 0.944444 0.629630 0.842105 0.782609 0.958333 0.641026     0.108910
    464   h0 0.875000 1.000000 0.625000 1.000000 0.666667 0.888889 0.818182 1.000000 0.666667     0.176768
    465   h0 0.875000 1.000000 0.625000 1.000000 0.666667 0.888889 0.818182 1.000000 0.666667     0.176768
    466   h0 0.875000 1.000000 0.625000 1.000000 0.666667 0.888889 0.818182 1.000000 0.666667     0.176768
    467   h0 0.875000 1.000000 0.625000 1.000000 0.666667 0.888889 0.818182 1.000000 0.676282     0.179317
    812   h1 0.546875 0.937500 0.882353 0.623457 0.888889 0.631579 0.727273 1.000000 0.750000     0.086366
    813   h1 0.625000 1.000000 1.000000 0.666667 0.777778 0.666667 0.727273 1.000000 0.750000     0.117845
    814   h1 0.625000 1.000000 1.000000 0.666667 0.777778 0.666667 0.727273 1.000000 0.750000     0.117845
    815   h1 0.875000 0.585938 0.551471 0.944444 0.666667 0.947368 0.818182 0.727273 0.750000     0.075265
    816   h1 1.000000 0.625000 0.625000 1.000000 0.666667 1.000000 0.818182 0.727273 0.750000     0.116219
    817   h1 1.000000 0.625000 0.625000 1.000000 0.666667 1.000000 0.818182 0.727273 0.750000     0.116219
    818   h1 0.546875 0.585938 0.941176 0.629630 0.888889 0.947368 0.727273 0.909091 1.000000     0.105722
    819   h1 0.625000 0.625000 1.000000 0.666667 0.888889 1.000000 0.727273 0.909091 1.000000     0.153046
    820   h1 0.625000 0.625000 1.000000 0.666667 0.888889 1.000000 0.727273 0.909091 1.000000     0.153046
    821   h1 0.875000 0.937500 0.588235 0.839506 0.777778 0.736842 1.000000 1.000000 0.833333     0.193465
    822   h1 1.000000 1.000000 0.625000 0.777778 0.777778 0.754386 1.000000 1.000000 0.833333     0.237686
    823   h1 1.000000 1.000000 0.625000 0.777778 0.777778 0.666667 1.000000 1.000000 0.833333     0.210048
    860   h1 0.546875 0.937500 0.882353 0.629630 1.000000 0.631579 1.000000 0.727273 0.750000     0.098124
    861   h1 0.625000 1.000000 1.000000 0.666667 1.000000 0.666667 1.000000 0.727273 0.750000     0.151515
    862   h1 0.625000 1.000000 1.000000 0.666667 1.000000 0.666667 1.000000 0.727273 0.750000     0.151515
    863   h1 0.625000 1.000000 1.000000 0.666667 1.000000 0.666667 1.000000 0.727273 0.750000     0.151515
    864   h1 0.875000 0.585938 0.588235 0.839506 0.666667 0.947368 0.727273 0.818182 0.833333     0.079292
    865   h1 1.000000 0.625000 0.625000 0.888889 0.666667 1.000000 0.727273 0.818182 0.833333     0.114784
    866   h1 1.000000 0.625000 0.625000 0.888889 0.666667 1.000000 0.727273 0.818182 0.833333     0.114784
    867   h1 1.000000 0.625000 0.625000 0.888889 0.666667 1.000000 0.727273 0.818182 0.833333     0.114784
    868   h1 0.468750 0.562500 0.705882 0.666667 0.833333 0.654971 0.513834 0.575758 0.474359     0.009504
    869   h1 0.750000 1.000000 1.000000 1.000000 1.000000 0.888889 0.909091 0.727273 0.750000     0.330579
    870   h1 0.750000 1.000000 1.000000 1.000000 1.000000 0.888889 0.909091 0.727273 0.750000     0.330579
    871   h1 0.750000 1.000000 1.000000 1.000000 1.000000 0.888889 0.909091 0.727273 0.750000     0.330579
    872   h1 0.601562 0.468750 0.617647 0.586420 0.629630 0.625731 0.561265 0.647727 0.564103     0.008252
    873   h1 0.875000 0.625000 0.750000 0.666667 0.666667 0.666667 0.727273 0.818182 0.750000     0.054236
    874   h1 0.875000 0.625000 0.750000 0.666667 0.666667 0.666667 0.727273 0.818182 0.750000     0.054236
    875   h1 0.875000 0.625000 0.750000 0.666667 0.666667 0.666667 0.727273 0.818182 0.750000     0.054236
    876   h1 0.601562 0.812500 0.720588 0.888889 0.734568 0.947368 0.537549 0.791667 0.576923     0.053489
    877   h1 0.875000 1.000000 0.875000 1.000000 0.777778 1.000000 0.727273 1.000000 0.750000     0.324811
    878   h1 0.875000 1.000000 0.875000 1.000000 0.777778 1.000000 0.727273 1.000000 0.750000     0.324811
    879   h1 0.875000 1.000000 0.875000 1.000000 0.777778 1.000000 0.727273 1.000000 0.750000     0.324811
    880   h1 0.515625 0.484375 0.720588 0.580247 0.839506 0.643275 0.739130 0.568182 0.634615     0.015030
    881   h1 0.750000 0.625000 0.875000 0.666667 0.888889 0.666667 1.000000 0.727273 0.916667     0.108025
    882   h1 0.750000 0.625000 0.875000 0.666667 0.888889 0.666667 1.000000 0.727273 0.916667     0.108025
    883   h1 0.750000 0.625000 0.875000 0.666667 0.888889 0.666667 1.000000 0.727273 0.916667     0.108025
    884   h1 0.328125 0.562500 0.397059 0.611111 0.450617 0.684211 0.569170 0.500000 0.692308     0.002720
    885   h1 0.875000 1.000000 0.750000 1.000000 0.666667 1.000000 0.727273 0.727273 1.000000     0.231405
    886   h1 0.875000 1.000000 0.750000 1.000000 0.666667 1.000000 0.727273 0.727273 1.000000     0.231405
    887   h1 0.875000 1.000000 0.750000 1.000000 0.666667 1.000000 0.727273 0.727273 1.000000     0.231405
    888   h1 0.703125 0.585938 0.941176 0.629630 1.000000 0.947368 1.000000 0.727273 0.750000     0.126159
    889   h1 0.750000 0.625000 1.000000 0.666667 1.000000 1.000000 1.000000 0.727273 0.750000     0.170455
    890   h1 0.750000 0.625000 1.000000 0.666667 1.000000 1.000000 1.000000 0.727273 0.801282     0.182110
    891   h1 0.750000 0.625000 1.000000 0.666667 1.000000 1.000000 1.000000 0.727273 0.804487     0.182838
    892   h1 0.937500 0.937500 0.588235 0.944444 0.666667 0.526316 0.727273 0.727273 0.833333     0.075516
    893   h1 1.000000 1.000000 0.625000 1.000000 0.666667 0.578947 0.727273 0.727273 0.833333     0.106326
    894   h1 1.000000 1.000000 0.625000 1.000000 0.666667 0.666667 0.727273 0.727273 0.785256     0.115373
    895   h1 1.000000 1.000000 0.625000 1.000000 0.666667 0.619883 0.727273 0.727273 0.750000     0.102460
    916   h1 0.656250 0.937500 0.941176 0.691358 1.000000 0.631579 0.584980 1.000000 1.000000     0.147905
    917   h1 0.750000 1.000000 1.000000 0.777778 1.000000 0.666667 0.727273 1.000000 1.000000     0.282828
    918   h1 0.750000 1.000000 1.000000 0.777778 1.000000 0.666667 0.727273 1.000000 1.000000     0.282828
    919   h1 0.750000 1.000000 1.000000 0.777778 1.000000 0.666667 0.727273 1.000000 1.000000     0.282828
    920   h1 0.750000 1.000000 1.000000 0.777778 1.000000 0.666667 0.727273 1.000000 1.000000     0.282828
    921   h1 0.000000 0.468750 0.000000 0.691358 0.222222 0.736842 0.217391 0.117424 0.064103     0.000000
    922   h1 0.601562 0.578125 0.573529 0.777778 0.617284 0.777778 1.000000 0.700758 0.833333     0.043495
    923   h1 0.875000 0.625000 0.750000 0.777778 0.666667 0.777778 1.000000 0.727273 0.833333     0.100250
    924   h1 0.875000 0.625000 0.750000 0.777778 0.666667 0.777778 1.000000 0.727273 0.833333     0.100250
    925   h1 0.875000 0.625000 0.750000 0.777778 0.666667 0.777778 1.000000 0.727273 0.833333     0.100250
    926   h1 0.656250 0.000000 0.875000 0.419753 1.000000 0.631579 0.272727 0.227273 0.750000     0.000000
    927   h1 0.750000 0.500000 1.000000 0.617284 1.000000 0.666667 0.707510 0.909091 0.750000     0.074443
    928   h1 0.750000 0.625000 1.000000 0.666667 1.000000 0.666667 0.727273 0.909091 0.750000     0.103306
    929   h1 0.750000 0.625000 1.000000 0.666667 1.000000 0.666667 0.727273 0.909091 0.750000     0.103306
    930   h1 0.750000 0.625000 1.000000 0.666667 1.000000 0.666667 0.727273 0.909091 0.750000     0.103306
    931   h1 0.875000 0.937500 0.750000 0.944444 0.666667 0.736842 0.818182 1.000000 0.666667     0.155689
    932   h1 1.000000 1.000000 0.750000 1.000000 0.666667 0.777778 0.818182 1.000000 0.666667     0.212121
    933   h1 1.000000 1.000000 0.750000 1.000000 0.666667 0.777778 0.818182 1.000000 0.666667     0.212121
    934   h1 1.000000 1.000000 0.750000 1.000000 0.666667 0.777778 0.818182 1.000000 0.695513     0.221300
    935   h1 1.000000 1.000000 0.750000 1.000000 0.666667 0.777778 0.818182 1.000000 0.750000     0.238636