 ChipID Half  Layer0   Layer1  Layer2   Layer3   Layer4  Layer5   Layer6  Layer7  Layer8  Pseaudo_Eff
    344   h0       1 0.937500       1 0.629630 0.839506       1 0.695652       1       1     0.344725
    345   h0       1 1.000000       1 0.666667 0.888889       1 0.727273       1       1     0.430976
    346   h0       1 1.000000       1 0.666667 0.888889       1 0.727273       1       1     0.430976
    347   h0       1 0.585938       1 0.944444 0.629630       1 0.782609       1       1     0.272683
    348   h0       1 0.625000       1 1.000000 0.666667       1 0.818182       1       1     0.340909
    349   h0       1 0.625000       1 1.000000 0.666667       1 0.727273       1       1     0.303030
    350   h0       1 0.585938       1 0.629630 0.839506       1 0.695652       1       1     0.215453
    351   h0       1 0.625000       1 0.666667 0.888889       1 0.727273       1       1     0.269360
    352   h0       1 0.625000       1 0.666667 0.888889       1 0.727273       1       1     0.269360
    353   h0       1 0.937500       1 0.734568 0.839506       1 0.956522       1       1     0.552996
    354   h0       1 1.000000       1 0.777778 0.888889       1 1.000000       1       1     0.691358
    355   h0       1 1.000000       1 0.777778 0.888889       1 1.000000       1       1     0.691358
    392   h0       1 0.937500       1 0.629630 0.944444       1 0.956522       1       1     0.533246
    393   h0       1 1.000000       1 0.666667 1.000000       1 1.000000       1       1     0.666667
    394   h0       1 1.000000       1 0.666667 1.000000       1 1.000000       1       1     0.666667
    395   h0       1 1.000000       1 0.666667 1.000000       1 1.000000       1       1     0.666667
    396   h0       1 0.585938       1 0.839506 0.629630       1 0.695652       1       1     0.215453
    397   h0       1 0.625000       1 0.888889 0.666667       1 0.727273       1       1     0.269360
    398   h0       1 0.625000       1 0.888889 0.666667       1 0.727273       1       1     0.269360
    399   h0       1 0.625000       1 0.888889 0.666667       1 0.727273       1       1     0.269360
    400   h0       1 0.562500       1 0.666667 0.777778       1 0.513834       1       1     0.149868
    401   h0       1 1.000000       1 1.000000 1.000000       1 0.909091       1       1     0.909091
    402   h0       1 1.000000       1 1.000000 1.000000       1 0.909091       1       1     0.909091
    403   h0       1 1.000000       1 1.000000 1.000000       1 0.909091       1       1     0.909091
    404   h0       1 0.460938       1 0.586420 0.691358       1 0.529644       1       1     0.098978
    405   h0       1 0.625000       1 0.666667 0.777778       1 0.727273       1       1     0.235690
    406   h0       1 0.625000       1 0.666667 0.777778       1 0.727273       1       1     0.235690
    407   h0       1 0.625000       1 0.666667 0.777778       1 0.727273       1       1     0.235690
    408   h0       1 0.750000       1 0.833333 0.691358       1 0.509881       1       1     0.220319
    409   h0       1 1.000000       1 1.000000 0.777778       1 0.727273       1       1     0.565657
    410   h0       1 1.000000       1 1.000000 0.777778       1 0.727273       1       1     0.565657
    411   h0       1 1.000000       1 1.000000 0.777778       1 0.727273       1       1     0.565657
    412   h0       1 0.445312       1 0.580247 0.888889       1 0.695652       1       1     0.159778
    413   h0       1 0.625000       1 0.666667 1.000000       1 1.000000       1       1     0.416667
    414   h0       1 0.625000       1 0.666667 1.000000       1 1.000000       1       1     0.416667
    415   h0       1 0.625000       1 0.666667 1.000000       1 1.000000       1       1     0.416667
    416   h0       1 0.500000       1 0.611111 0.450617       1 0.537549       1       1     0.074014
    417   h0       1 1.000000       1 1.000000 0.666667       1 0.727273       1       1     0.484848
    418   h0       1 1.000000       1 1.000000 0.666667       1 0.727273       1       1     0.484848
    419   h0       1 1.000000       1 1.000000 0.666667       1 0.727273       1       1     0.484848
    420   h0       1 0.585938       1 0.629630 0.944444       1 0.956522       1       1     0.333279
    421   h0       1 0.625000       1 0.666667 1.000000       1 1.000000       1       1     0.416667
    422   h0       1 0.625000       1 0.666667 1.000000       1 1.000000       1       1     0.416667
    423   h0       1 0.625000       1 0.666667 1.000000       1 1.000000       1       1     0.416667
    424   h0       1 0.937500       1 0.944444 0.629630       1 0.695652       1       1     0.387815
    425   h0       1 1.000000       1 1.000000 0.666667       1 0.727273       1       1     0.484848
    426   h0       1 1.000000       1 1.000000 0.666667       1 0.727273       1       1     0.484848
    427   h0       1 1.000000       1 1.000000 0.666667       1 0.727273       1       1     0.484848
    448   h0       1 0.937500       1 0.734568 0.944444       1 0.482213       1       1     0.313631
    449   h0       1 1.000000       1 0.777778 1.000000       1 0.727273       1       1     0.565657
    450   h0       1 1.000000       1 0.777778 1.000000       1 0.727273       1       1     0.565657
    451   h0       1 1.000000       1 0.777778 1.000000       1 0.727273       1       1     0.565657
    452   h0       1 1.000000       1 0.777778 1.000000       1 0.727273       1       1     0.565657
    453   h0       1 0.468750       1 0.629630 0.104938       1 0.158103       1       1     0.004897
    454   h0       1 0.578125       1 0.666667 0.574074       1 0.909091       1       1     0.201143
    455   h0       1 0.625000       1 0.666667 0.666667       1 0.909091       1       1     0.252525
    456   h0       1 0.625000       1 0.666667 0.666667       1 0.909091       1       1     0.252525
    457   h0       1 0.625000       1 0.666667 0.666667       1 0.909091       1       1     0.252525
    458   h0       1 0.117188       1 0.419753 0.944444       1 0.347826       1       1     0.016159
    459   h0       1 0.468750       1 0.617284 1.000000       1 0.695652       1       1     0.201288
    460   h0       1 0.625000       1 0.666667 1.000000       1 0.727273       1       1     0.303030
    461   h0       1 0.625000       1 0.666667 1.000000       1 0.727273       1       1     0.303030
    462   h0       1 0.625000       1 0.666667 1.000000       1 0.727273       1       1     0.303030
    463   h0       1 0.937500       1 0.944444 0.629630       1 0.782609       1       1     0.436292
    464   h0       1 1.000000       1 1.000000 0.666667       1 0.818182       1       1     0.545455
    465   h0       1 1.000000       1 1.000000 0.666667       1 0.818182       1       1     0.545455
    466   h0       1 1.000000       1 1.000000 0.666667       1 0.818182       1       1     0.545455
    467   h0       1 1.000000       1 1.000000 0.666667       1 0.818182       1       1     0.545455
    812   h1       1 0.937500       1 0.623457 0.888889       1 0.727273       1       1     0.377853
    813   h1       1 1.000000       1 0.666667 0.777778       1 0.727273       1       1     0.377104
    814   h1       1 1.000000       1 0.666667 0.777778       1 0.727273       1       1     0.377104
    815   h1       1 0.585938       1 0.944444 0.666667       1 0.818182       1       1     0.301847
    816   h1       1 0.625000       1 1.000000 0.666667       1 0.818182       1       1     0.340909
    817   h1       1 0.625000       1 1.000000 0.666667       1 0.818182       1       1     0.340909
    818   h1       1 0.585938       1 0.629630 0.888889       1 0.727273       1       1     0.238496
    819   h1       1 0.625000       1 0.666667 0.888889       1 0.727273       1       1     0.269360
    820   h1       1 0.625000       1 0.666667 0.888889       1 0.727273       1       1     0.269360
    821   h1       1 0.937500       1 0.839506 0.777778       1 1.000000       1       1     0.612140
    822   h1       1 1.000000       1 0.777778 0.777778       1 1.000000       1       1     0.604938
    823   h1       1 1.000000       1 0.777778 0.777778       1 1.000000       1       1     0.604938
    860   h1       1 0.937500       1 0.629630 1.000000       1 1.000000       1       1     0.590278
    861   h1       1 1.000000       1 0.666667 1.000000       1 1.000000       1       1     0.666667
    862   h1       1 1.000000       1 0.666667 1.000000       1 1.000000       1       1     0.666667
    863   h1       1 1.000000       1 0.666667 1.000000       1 1.000000       1       1     0.666667
    864   h1       1 0.585938       1 0.839506 0.666667       1 0.727273       1       1     0.238496
    865   h1       1 0.625000       1 0.888889 0.666667       1 0.727273       1       1     0.269360
    866   h1       1 0.625000       1 0.888889 0.666667       1 0.727273       1       1     0.269360
    867   h1       1 0.625000       1 0.888889 0.666667       1 0.727273       1       1     0.269360
    868   h1       1 0.562500       1 0.666667 0.833333       1 0.513834       1       1     0.160573
    869   h1       1 1.000000       1 1.000000 1.000000       1 0.909091       1       1     0.909091
    870   h1       1 1.000000       1 1.000000 1.000000       1 0.909091       1       1     0.909091
    871   h1       1 1.000000       1 1.000000 1.000000       1 0.909091       1       1     0.909091
    872   h1       1 0.468750       1 0.586420 0.629630       1 0.561265       1       1     0.097141
    873   h1       1 0.625000       1 0.666667 0.666667       1 0.727273       1       1     0.202020
    874   h1       1 0.625000       1 0.666667 0.666667       1 0.727273       1       1     0.202020
    875   h1       1 0.625000       1 0.666667 0.666667       1 0.727273       1       1     0.202020
    876   h1       1 0.812500       1 0.888889 0.734568       1 0.537549       1       1     0.285181
    877   h1       1 1.000000       1 1.000000 0.777778       1 0.727273       1       1     0.565657
    878   h1       1 1.000000       1 1.000000 0.777778       1 0.727273       1       1     0.565657
    879   h1       1 1.000000       1 1.000000 0.777778       1 0.727273       1       1     0.565657
    880   h1       1 0.484375       1 0.580247 0.839506       1 0.739130       1       1     0.174397
    881   h1       1 0.625000       1 0.666667 0.888889       1 1.000000       1       1     0.370370
    882   h1       1 0.625000       1 0.666667 0.888889       1 1.000000       1       1     0.370370
    883   h1       1 0.625000       1 0.666667 0.888889       1 1.000000       1       1     0.370370
    884   h1       1 0.562500       1 0.611111 0.450617       1 0.569170       1       1     0.088164
    885   h1       1 1.000000       1 1.000000 0.666667       1 0.727273       1       1     0.484848
    886   h1       1 1.000000       1 1.000000 0.666667       1 0.727273       1       1     0.484848
    887   h1       1 1.000000       1 1.000000 0.666667       1 0.727273       1       1     0.484848
    888   h1       1 0.585938       1 0.629630 1.000000       1 1.000000       1       1     0.368924
    889   h1       1 0.625000       1 0.666667 1.000000       1 1.000000       1       1     0.416667
    890   h1       1 0.625000       1 0.666667 1.000000       1 1.000000       1       1     0.416667
    891   h1       1 0.625000       1 0.666667 1.000000       1 1.000000       1       1     0.416667
    892   h1       1 0.937500       1 0.944444 0.666667       1 0.727273       1       1     0.429293
    893   h1       1 1.000000       1 1.000000 0.666667       1 0.727273       1       1     0.484848
    894   h1       1 1.000000       1 1.000000 0.666667       1 0.727273       1       1     0.484848
    895   h1       1 1.000000       1 1.000000 0.666667       1 0.727273       1       1     0.484848
    916   h1       1 0.937500       1 0.691358 1.000000       1 0.584980       1       1     0.379154
    917   h1       1 1.000000       1 0.777778 1.000000       1 0.727273       1       1     0.565657
    918   h1       1 1.000000       1 0.777778 1.000000       1 0.727273       1       1     0.565657
    919   h1       1 1.000000       1 0.777778 1.000000       1 0.727273       1       1     0.565657
    920   h1       1 1.000000       1 0.777778 1.000000       1 0.727273       1       1     0.565657
    921   h1       1 0.468750       1 0.691358 0.222222       1 0.217391       1       1     0.015656
    922   h1       1 0.578125       1 0.777778 0.617284       1 1.000000       1       1     0.277563
    923   h1       1 0.625000       1 0.777778 0.666667       1 1.000000       1       1     0.324074
    924   h1       1 0.625000       1 0.777778 0.666667       1 1.000000       1       1     0.324074
    925   h1       1 0.625000       1 0.777778 0.666667       1 1.000000       1       1     0.324074
    926   h1       1 0.000000       1 0.419753 1.000000       1 0.272727       1       1     0.000000
    927   h1       1 0.500000       1 0.617284 1.000000       1 0.707510       1       1     0.218367
    928   h1       1 0.625000       1 0.666667 1.000000       1 0.727273       1       1     0.303030
    929   h1       1 0.625000       1 0.666667 1.000000       1 0.727273       1       1     0.303030
    930   h1       1 0.625000       1 0.666667 1.000000       1 0.727273       1       1     0.303030
    931   h1       1 0.937500       1 0.944444 0.666667       1 0.818182       1       1     0.482955
    932   h1       1 1.000000       1 1.000000 0.666667       1 0.818182       1       1     0.545455
    933   h1       1 1.000000       1 1.000000 0.666667       1 0.818182       1       1     0.545455
    934   h1       1 1.000000       1 1.000000 0.666667       1 0.818182       1       1     0.545455
    935   h1       1 1.000000       1 1.000000 0.666667       1 0.818182       1       1     0.545455