 ChipID Half  Layer0   Layer1  Layer2   Layer3  Layer4   Layer5  Layer6   Layer7  Layer8  Pseaudo_Eff
    344   h0       1 0.937500       1 0.629630       1 0.631579       1 0.958333       1     0.357273
    345   h0       1 1.000000       1 0.666667       1 0.666667       1 1.000000       1     0.444444
    346   h0       1 1.000000       1 0.666667       1 0.666667       1 1.000000       1     0.444444
    347   h0       1 0.585938       1 0.944444       1 0.947368       1 0.696970       1     0.365393
    348   h0       1 0.625000       1 1.000000       1 1.000000       1 0.727273       1     0.454545
    349   h0       1 0.625000       1 1.000000       1 1.000000       1 0.727273       1     0.454545
    350   h0       1 0.585938       1 0.629630       1 0.894737       1 0.784091       1     0.258820
    351   h0       1 0.625000       1 0.666667       1 1.000000       1 0.818182       1     0.340909
    352   h0       1 0.625000       1 0.666667       1 1.000000       1 0.818182       1     0.340909
    353   h0       1 0.937500       1 0.734568       1 0.596491       1 0.958333       1     0.393662
    354   h0       1 1.000000       1 0.777778       1 0.666667       1 1.000000       1     0.518519
    355   h0       1 1.000000       1 0.777778       1 0.666667       1 1.000000       1     0.518519
    392   h0       1 0.937500       1 0.629630       1 0.631579       1 0.696970       1     0.259835
    393   h0       1 1.000000       1 0.666667       1 0.666667       1 0.727273       1     0.323232
    394   h0       1 1.000000       1 0.666667       1 0.666667       1 0.727273       1     0.323232
    395   h0       1 1.000000       1 0.666667       1 0.666667       1 0.727273       1     0.323232
    396   h0       1 0.585938       1 0.839506       1 0.947368       1 0.696970       1     0.324794
    397   h0       1 0.625000       1 0.888889       1 1.000000       1 0.727273       1     0.404040
    398   h0       1 0.625000       1 0.888889       1 1.000000       1 0.727273       1     0.404040
    399   h0       1 0.625000       1 0.888889       1 1.000000       1 0.727273       1     0.404040
    400   h0       1 0.562500       1 0.666667       1 0.654971       1 0.515152       1     0.126528
    401   h0       1 1.000000       1 1.000000       1 0.888889       1 0.727273       1     0.646465
    402   h0       1 1.000000       1 1.000000       1 0.888889       1 0.727273       1     0.646465
    403   h0       1 1.000000       1 1.000000       1 0.888889       1 0.727273       1     0.646465
    404   h0       1 0.460938       1 0.586420       1 0.625731       1 0.647727       1     0.109555
    405   h0       1 0.625000       1 0.666667       1 0.666667       1 0.818182       1     0.227273
    406   h0       1 0.625000       1 0.666667       1 0.666667       1 0.818182       1     0.227273
    407   h0       1 0.625000       1 0.666667       1 0.666667       1 0.818182       1     0.227273
    408   h0       1 0.750000       1 0.833333       1 0.947368       1 0.750000       1     0.444079
    409   h0       1 1.000000       1 1.000000       1 1.000000       1 1.000000       1     1.000000
    410   h0       1 1.000000       1 1.000000       1 1.000000       1 1.000000       1     1.000000
    411   h0       1 1.000000       1 1.000000       1 1.000000       1 1.000000       1     1.000000
    412   h0       1 0.445312       1 0.580247       1 0.631579       1 0.575758       1     0.093960
    413   h0       1 0.625000       1 0.666667       1 0.666667       1 0.727273       1     0.202020
    414   h0       1 0.625000       1 0.666667       1 0.666667       1 0.727273       1     0.202020
    415   h0       1 0.625000       1 0.666667       1 0.666667       1 0.727273       1     0.202020
    416   h0       1 0.500000       1 0.611111       1 0.684211       1 0.469697       1     0.098197
    417   h0       1 1.000000       1 1.000000       1 1.000000       1 0.727273       1     0.727273
    418   h0       1 1.000000       1 1.000000       1 1.000000       1 0.727273       1     0.727273
    419   h0       1 1.000000       1 1.000000       1 1.000000       1 0.727273       1     0.727273
    420   h0       1 0.585938       1 0.629630       1 0.842105       1 0.696970       1     0.216529
    421   h0       1 0.625000       1 0.666667       1 0.888889       1 0.727273       1     0.269360
    422   h0       1 0.625000       1 0.666667       1 0.888889       1 0.727273       1     0.269360
    423   h0       1 0.625000       1 0.666667       1 0.888889       1 0.727273       1     0.269360
    424   h0       1 0.937500       1 0.944444       1 0.625731       1 0.696970       1     0.386144
    425   h0       1 1.000000       1 1.000000       1 0.666667       1 0.727273       1     0.484848
    426   h0       1 1.000000       1 1.000000       1 0.666667       1 0.727273       1     0.484848
    427   h0       1 1.000000       1 1.000000       1 0.666667       1 0.727273       1     0.484848
    448   h0       1 0.937500       1 0.734568       1 0.631579       1 0.958333       1     0.416819
    449   h0       1 1.000000       1 0.777778       1 0.666667       1 1.000000       1     0.518519
    450   h0       1 1.000000       1 0.777778       1 0.666667       1 1.000000       1     0.518519
    451   h0       1 1.000000       1 0.777778       1 0.666667       1 1.000000       1     0.518519
    452   h0       1 1.000000       1 0.777778       1 0.666667       1 1.000000       1     0.518519
    453   h0       1 0.468750       1 0.629630       1 0.842105       1 0.000000       1     0.000000
    454   h0       1 0.578125       1 0.666667       1 0.888889       1 0.696970       1     0.238777
    455   h0       1 0.625000       1 0.666667       1 0.888889       1 0.727273       1     0.269360
    456   h0       1 0.625000       1 0.666667       1 0.888889       1 0.727273       1     0.269360
    457   h0       1 0.625000       1 0.666667       1 0.888889       1 0.727273       1     0.269360
    458   h0       1 0.117188       1 0.419753       1 0.631579       1 0.170455       1     0.005296
    459   h0       1 0.468750       1 0.617284       1 0.666667       1 0.818182       1     0.157828
    460   h0       1 0.625000       1 0.666667       1 0.666667       1 0.818182       1     0.227273
    461   h0       1 0.625000       1 0.666667       1 0.666667       1 0.818182       1     0.227273
    462   h0       1 0.625000       1 0.666667       1 0.666667       1 0.818182       1     0.227273
    463   h0       1 0.937500       1 0.944444       1 0.842105       1 0.958333       1     0.714547
    464   h0       1 1.000000       1 1.000000       1 0.888889       1 1.000000       1     0.888889
    465   h0       1 1.000000       1 1.000000       1 0.888889       1 1.000000       1     0.888889
    466   h0       1 1.000000       1 1.000000       1 0.888889       1 1.000000       1     0.888889
    467   h0       1 1.000000       1 1.000000       1 0.888889       1 1.000000       1     0.888889
    812   h1       1 0.937500       1 0.623457       1 0.631579       1 1.000000       1     0.369152
    813   h1       1 1.000000       1 0.666667       1 0.666667       1 1.000000       1     0.444444
    814   h1       1 1.000000       1 0.666667       1 0.666667       1 1.000000       1     0.444444
    815   h1       1 0.585938       1 0.944444       1 0.947368       1 0.727273       1     0.381280
    816   h1       1 0.625000       1 1.000000       1 1.000000       1 0.727273       1     0.454545
    817   h1       1 0.625000       1 1.000000       1 1.000000       1 0.727273       1     0.454545
    818   h1       1 0.585938       1 0.629630       1 0.947368       1 0.909091       1     0.317733
    819   h1       1 0.625000       1 0.666667       1 1.000000       1 0.909091       1     0.378788
    820   h1       1 0.625000       1 0.666667       1 1.000000       1 0.909091       1     0.378788
    821   h1       1 0.937500       1 0.839506       1 0.736842       1 1.000000       1     0.579922
    822   h1       1 1.000000       1 0.777778       1 0.754386       1 1.000000       1     0.586745
    823   h1       1 1.000000       1 0.777778       1 0.666667       1 1.000000       1     0.518519
    860   h1       1 0.937500       1 0.629630       1 0.631579       1 0.727273       1     0.271132
    861   h1       1 1.000000       1 0.666667       1 0.666667       1 0.727273       1     0.323232
    862   h1       1 1.000000       1 0.666667       1 0.666667       1 0.727273       1     0.323232
    863   h1       1 1.000000       1 0.666667       1 0.666667       1 0.727273       1     0.323232
    864   h1       1 0.585938       1 0.839506       1 0.947368       1 0.818182       1     0.381280
    865   h1       1 0.625000       1 0.888889       1 1.000000       1 0.818182       1     0.454545
    866   h1       1 0.625000       1 0.888889       1 1.000000       1 0.818182       1     0.454545
    867   h1       1 0.625000       1 0.888889       1 1.000000       1 0.818182       1     0.454545
    868   h1       1 0.562500       1 0.666667       1 0.654971       1 0.575758       1     0.141414
    869   h1       1 1.000000       1 1.000000       1 0.888889       1 0.727273       1     0.646465
    870   h1       1 1.000000       1 1.000000       1 0.888889       1 0.727273       1     0.646465
    871   h1       1 1.000000       1 1.000000       1 0.888889       1 0.727273       1     0.646465
    872   h1       1 0.468750       1 0.586420       1 0.625731       1 0.647727       1     0.111411
    873   h1       1 0.625000       1 0.666667       1 0.666667       1 0.818182       1     0.227273
    874   h1       1 0.625000       1 0.666667       1 0.666667       1 0.818182       1     0.227273
    875   h1       1 0.625000       1 0.666667       1 0.666667       1 0.818182       1     0.227273
    876   h1       1 0.812500       1 0.888889       1 0.947368       1 0.791667       1     0.541667
    877   h1       1 1.000000       1 1.000000       1 1.000000       1 1.000000       1     1.000000
    878   h1       1 1.000000       1 1.000000       1 1.000000       1 1.000000       1     1.000000
    879   h1       1 1.000000       1 1.000000       1 1.000000       1 1.000000       1     1.000000
    880   h1       1 0.484375       1 0.580247       1 0.643275       1 0.568182       1     0.102726
    881   h1       1 0.625000       1 0.666667       1 0.666667       1 0.727273       1     0.202020
    882   h1       1 0.625000       1 0.666667       1 0.666667       1 0.727273       1     0.202020
    883   h1       1 0.625000       1 0.666667       1 0.666667       1 0.727273       1     0.202020
    884   h1       1 0.562500       1 0.611111       1 0.684211       1 0.500000       1     0.117599
    885   h1       1 1.000000       1 1.000000       1 1.000000       1 0.727273       1     0.727273
    886   h1       1 1.000000       1 1.000000       1 1.000000       1 0.727273       1     0.727273
    887   h1       1 1.000000       1 1.000000       1 1.000000       1 0.727273       1     0.727273
    888   h1       1 0.585938       1 0.629630       1 0.947368       1 0.727273       1     0.254187
    889   h1       1 0.625000       1 0.666667       1 1.000000       1 0.727273       1     0.303030
    890   h1       1 0.625000       1 0.666667       1 1.000000       1 0.727273       1     0.303030
    891   h1       1 0.625000       1 0.666667       1 1.000000       1 0.727273       1     0.303030
    892   h1       1 0.937500       1 0.944444       1 0.526316       1 0.727273       1     0.338915
    893   h1       1 1.000000       1 1.000000       1 0.578947       1 0.727273       1     0.421053
    894   h1       1 1.000000       1 1.000000       1 0.666667       1 0.727273       1     0.484848
    895   h1       1 1.000000       1 1.000000       1 0.619883       1 0.727273       1     0.450824
    916   h1       1 0.937500       1 0.691358       1 0.631579       1 1.000000       1     0.409357
    917   h1       1 1.000000       1 0.777778       1 0.666667       1 1.000000       1     0.518519
    918   h1       1 1.000000       1 0.777778       1 0.666667       1 1.000000       1     0.518519
    919   h1       1 1.000000       1 0.777778       1 0.666667       1 1.000000       1     0.518519
    920   h1       1 1.000000       1 0.777778       1 0.666667       1 1.000000       1     0.518519
    921   h1       1 0.468750       1 0.691358       1 0.736842       1 0.117424       1     0.028040
    922   h1       1 0.578125       1 0.777778       1 0.777778       1 0.700758       1     0.245076
    923   h1       1 0.625000       1 0.777778       1 0.777778       1 0.727273       1     0.274972
    924   h1       1 0.625000       1 0.777778       1 0.777778       1 0.727273       1     0.274972
    925   h1       1 0.625000       1 0.777778       1 0.777778       1 0.727273       1     0.274972
    926   h1       1 0.000000       1 0.419753       1 0.631579       1 0.227273       1     0.000000
    927   h1       1 0.500000       1 0.617284       1 0.666667       1 0.909091       1     0.187056
    928   h1       1 0.625000       1 0.666667       1 0.666667       1 0.909091       1     0.252525
    929   h1       1 0.625000       1 0.666667       1 0.666667       1 0.909091       1     0.252525
    930   h1       1 0.625000       1 0.666667       1 0.666667       1 0.909091       1     0.252525
    931   h1       1 0.937500       1 0.944444       1 0.736842       1 1.000000       1     0.652412
    932   h1       1 1.000000       1 1.000000       1 0.777778       1 1.000000       1     0.777778
    933   h1       1 1.000000       1 1.000000       1 0.777778       1 1.000000       1     0.777778
    934   h1       1 1.000000       1 1.000000       1 0.777778       1 1.000000       1     0.777778
    935   h1       1 1.000000       1 1.000000       1 0.777778       1 1.000000       1     0.777778