 ChipID Half  Layer0   Layer1  Layer2  Layer3   Layer4   Layer5   Layer6  Layer7  Layer8  Pseaudo_Eff
    344   h0       1 0.937500       1       1 0.839506 0.631579 0.695652       1       1     0.345792
    345   h0       1 1.000000       1       1 0.888889 0.666667 0.727273       1       1     0.430976
    346   h0       1 1.000000       1       1 0.888889 0.666667 0.727273       1       1     0.430976
    347   h0       1 0.585938       1       1 0.629630 0.947368 0.782609       1       1     0.273527
    348   h0       1 0.625000       1       1 0.666667 1.000000 0.818182       1       1     0.340909
    349   h0       1 0.625000       1       1 0.666667 1.000000 0.727273       1       1     0.303030
    350   h0       1 0.585938       1       1 0.839506 0.894737 0.695652       1       1     0.306170
    351   h0       1 0.625000       1       1 0.888889 1.000000 0.727273       1       1     0.404040
    352   h0       1 0.625000       1       1 0.888889 1.000000 0.727273       1       1     0.404040
    353   h0       1 0.937500       1       1 0.839506 0.596491 0.956522       1       1     0.449049
    354   h0       1 1.000000       1       1 0.888889 0.666667 1.000000       1       1     0.592593
    355   h0       1 1.000000       1       1 0.888889 0.666667 1.000000       1       1     0.592593
    392   h0       1 0.937500       1       1 0.944444 0.631579 0.956522       1       1     0.534897
    393   h0       1 1.000000       1       1 1.000000 0.666667 1.000000       1       1     0.666667
    394   h0       1 1.000000       1       1 1.000000 0.666667 1.000000       1       1     0.666667
    395   h0       1 1.000000       1       1 1.000000 0.666667 1.000000       1       1     0.666667
    396   h0       1 0.585938       1       1 0.629630 0.947368 0.695652       1       1     0.243135
    397   h0       1 0.625000       1       1 0.666667 1.000000 0.727273       1       1     0.303030
    398   h0       1 0.625000       1       1 0.666667 1.000000 0.727273       1       1     0.303030
    399   h0       1 0.625000       1       1 0.666667 1.000000 0.727273       1       1     0.303030
    400   h0       1 0.562500       1       1 0.777778 0.654971 0.513834       1       1     0.147239
    401   h0       1 1.000000       1       1 1.000000 0.888889 0.909091       1       1     0.808081
    402   h0       1 1.000000       1       1 1.000000 0.888889 0.909091       1       1     0.808081
    403   h0       1 1.000000       1       1 1.000000 0.888889 0.909091       1       1     0.808081
    404   h0       1 0.460938       1       1 0.691358 0.625731 0.529644       1       1     0.105613
    405   h0       1 0.625000       1       1 0.777778 0.666667 0.727273       1       1     0.235690
    406   h0       1 0.625000       1       1 0.777778 0.666667 0.727273       1       1     0.235690
    407   h0       1 0.625000       1       1 0.777778 0.666667 0.727273       1       1     0.235690
    408   h0       1 0.750000       1       1 0.691358 0.947368 0.509881       1       1     0.250468
    409   h0       1 1.000000       1       1 0.777778 1.000000 0.727273       1       1     0.565657
    410   h0       1 1.000000       1       1 0.777778 1.000000 0.727273       1       1     0.565657
    411   h0       1 1.000000       1       1 0.777778 1.000000 0.727273       1       1     0.565657
    412   h0       1 0.445312       1       1 0.888889 0.631579 0.695652       1       1     0.173913
    413   h0       1 0.625000       1       1 1.000000 0.666667 1.000000       1       1     0.416667
    414   h0       1 0.625000       1       1 1.000000 0.666667 1.000000       1       1     0.416667
    415   h0       1 0.625000       1       1 1.000000 0.666667 1.000000       1       1     0.416667
    416   h0       1 0.500000       1       1 0.450617 0.684211 0.537549       1       1     0.082868
    417   h0       1 1.000000       1       1 0.666667 1.000000 0.727273       1       1     0.484848
    418   h0       1 1.000000       1       1 0.666667 1.000000 0.727273       1       1     0.484848
    419   h0       1 1.000000       1       1 0.666667 1.000000 0.727273       1       1     0.484848
    420   h0       1 0.585938       1       1 0.944444 0.842105 0.956522       1       1     0.445748
    421   h0       1 0.625000       1       1 1.000000 0.888889 1.000000       1       1     0.555556
    422   h0       1 0.625000       1       1 1.000000 0.888889 1.000000       1       1     0.555556
    423   h0       1 0.625000       1       1 1.000000 0.888889 1.000000       1       1     0.555556
    424   h0       1 0.937500       1       1 0.629630 0.625731 0.695652       1       1     0.256943
    425   h0       1 1.000000       1       1 0.666667 0.666667 0.727273       1       1     0.323232
    426   h0       1 1.000000       1       1 0.666667 0.666667 0.727273       1       1     0.323232
    427   h0       1 1.000000       1       1 0.666667 0.666667 0.727273       1       1     0.323232
    448   h0       1 0.937500       1       1 0.944444 0.631579 0.482213       1       1     0.269659
    449   h0       1 1.000000       1       1 1.000000 0.666667 0.727273       1       1     0.484848
    450   h0       1 1.000000       1       1 1.000000 0.666667 0.727273       1       1     0.484848
    451   h0       1 1.000000       1       1 1.000000 0.666667 0.727273       1       1     0.484848
    452   h0       1 1.000000       1       1 1.000000 0.666667 0.727273       1       1     0.484848
    453   h0       1 0.468750       1       1 0.104938 0.842105 0.158103       1       1     0.006549
    454   h0       1 0.578125       1       1 0.574074 0.888889 0.909091       1       1     0.268191
    455   h0       1 0.625000       1       1 0.666667 0.888889 0.909091       1       1     0.336700
    456   h0       1 0.625000       1       1 0.666667 0.888889 0.909091       1       1     0.336700
    457   h0       1 0.625000       1       1 0.666667 0.888889 0.909091       1       1     0.336700
    458   h0       1 0.117188       1       1 0.944444 0.631579 0.347826       1       1     0.024314
    459   h0       1 0.468750       1       1 1.000000 0.666667 0.695652       1       1     0.217391
    460   h0       1 0.625000       1       1 1.000000 0.666667 0.727273       1       1     0.303030
    461   h0       1 0.625000       1       1 1.000000 0.666667 0.727273       1       1     0.303030
    462   h0       1 0.625000       1       1 1.000000 0.666667 0.727273       1       1     0.303030
    463   h0       1 0.937500       1       1 0.629630 0.842105 0.782609       1       1     0.389016
    464   h0       1 1.000000       1       1 0.666667 0.888889 0.818182       1       1     0.484848
    465   h0       1 1.000000       1       1 0.666667 0.888889 0.818182       1       1     0.484848
    466   h0       1 1.000000       1       1 0.666667 0.888889 0.818182       1       1     0.484848
    467   h0       1 1.000000       1       1 0.666667 0.888889 0.818182       1       1     0.484848
    812   h1       1 0.937500       1       1 0.888889 0.631579 0.727273       1       1     0.382775
    813   h1       1 1.000000       1       1 0.777778 0.666667 0.727273       1       1     0.377104
    814   h1       1 1.000000       1       1 0.777778 0.666667 0.727273       1       1     0.377104
    815   h1       1 0.585938       1       1 0.666667 0.947368 0.818182       1       1     0.302781
    816   h1       1 0.625000       1       1 0.666667 1.000000 0.818182       1       1     0.340909
    817   h1       1 0.625000       1       1 0.666667 1.000000 0.818182       1       1     0.340909
    818   h1       1 0.585938       1       1 0.888889 0.947368 0.727273       1       1     0.358852
    819   h1       1 0.625000       1       1 0.888889 1.000000 0.727273       1       1     0.404040
    820   h1       1 0.625000       1       1 0.888889 1.000000 0.727273       1       1     0.404040
    821   h1       1 0.937500       1       1 0.777778 0.736842 1.000000       1       1     0.537281
    822   h1       1 1.000000       1       1 0.777778 0.754386 1.000000       1       1     0.586745
    823   h1       1 1.000000       1       1 0.777778 0.666667 1.000000       1       1     0.518519
    860   h1       1 0.937500       1       1 1.000000 0.631579 1.000000       1       1     0.592105
    861   h1       1 1.000000       1       1 1.000000 0.666667 1.000000       1       1     0.666667
    862   h1       1 1.000000       1       1 1.000000 0.666667 1.000000       1       1     0.666667
    863   h1       1 1.000000       1       1 1.000000 0.666667 1.000000       1       1     0.666667
    864   h1       1 0.585938       1       1 0.666667 0.947368 0.727273       1       1     0.269139
    865   h1       1 0.625000       1       1 0.666667 1.000000 0.727273       1       1     0.303030
    866   h1       1 0.625000       1       1 0.666667 1.000000 0.727273       1       1     0.303030
    867   h1       1 0.625000       1       1 0.666667 1.000000 0.727273       1       1     0.303030
    868   h1       1 0.562500       1       1 0.833333 0.654971 0.513834       1       1     0.157756
    869   h1       1 1.000000       1       1 1.000000 0.888889 0.909091       1       1     0.808081
    870   h1       1 1.000000       1       1 1.000000 0.888889 0.909091       1       1     0.808081
    871   h1       1 1.000000       1       1 1.000000 0.888889 0.909091       1       1     0.808081
    872   h1       1 0.468750       1       1 0.629630 0.625731 0.561265       1       1     0.103653
    873   h1       1 0.625000       1       1 0.666667 0.666667 0.727273       1       1     0.202020
    874   h1       1 0.625000       1       1 0.666667 0.666667 0.727273       1       1     0.202020
    875   h1       1 0.625000       1       1 0.666667 0.666667 0.727273       1       1     0.202020
    876   h1       1 0.812500       1       1 0.734568 0.947368 0.537549       1       1     0.303943
    877   h1       1 1.000000       1       1 0.777778 1.000000 0.727273       1       1     0.565657
    878   h1       1 1.000000       1       1 0.777778 1.000000 0.727273       1       1     0.565657
    879   h1       1 1.000000       1       1 0.777778 1.000000 0.727273       1       1     0.565657
    880   h1       1 0.484375       1       1 0.839506 0.643275 0.739130       1       1     0.193341
    881   h1       1 0.625000       1       1 0.888889 0.666667 1.000000       1       1     0.370370
    882   h1       1 0.625000       1       1 0.888889 0.666667 1.000000       1       1     0.370370
    883   h1       1 0.625000       1       1 0.888889 0.666667 1.000000       1       1     0.370370
    884   h1       1 0.562500       1       1 0.450617 0.684211 0.569170       1       1     0.098710
    885   h1       1 1.000000       1       1 0.666667 1.000000 0.727273       1       1     0.484848
    886   h1       1 1.000000       1       1 0.666667 1.000000 0.727273       1       1     0.484848
    887   h1       1 1.000000       1       1 0.666667 1.000000 0.727273       1       1     0.484848
    888   h1       1 0.585938       1       1 1.000000 0.947368 1.000000       1       1     0.555099
    889   h1       1 0.625000       1       1 1.000000 1.000000 1.000000       1       1     0.625000
    890   h1       1 0.625000       1       1 1.000000 1.000000 1.000000       1       1     0.625000
    891   h1       1 0.625000       1       1 1.000000 1.000000 1.000000       1       1     0.625000
    892   h1       1 0.937500       1       1 0.666667 0.526316 0.727273       1       1     0.239234
    893   h1       1 1.000000       1       1 0.666667 0.578947 0.727273       1       1     0.280702
    894   h1       1 1.000000       1       1 0.666667 0.666667 0.727273       1       1     0.323232
    895   h1       1 1.000000       1       1 0.666667 0.619883 0.727273       1       1     0.300549
    916   h1       1 0.937500       1       1 1.000000 0.631579 0.584980       1       1     0.346370
    917   h1       1 1.000000       1       1 1.000000 0.666667 0.727273       1       1     0.484848
    918   h1       1 1.000000       1       1 1.000000 0.666667 0.727273       1       1     0.484848
    919   h1       1 1.000000       1       1 1.000000 0.666667 0.727273       1       1     0.484848
    920   h1       1 1.000000       1       1 1.000000 0.666667 0.727273       1       1     0.484848
    921   h1       1 0.468750       1       1 0.222222 0.736842 0.217391       1       1     0.016686
    922   h1       1 0.578125       1       1 0.617284 0.777778 1.000000       1       1     0.277563
    923   h1       1 0.625000       1       1 0.666667 0.777778 1.000000       1       1     0.324074
    924   h1       1 0.625000       1       1 0.666667 0.777778 1.000000       1       1     0.324074
    925   h1       1 0.625000       1       1 0.666667 0.777778 1.000000       1       1     0.324074
    926   h1       1 0.000000       1       1 1.000000 0.631579 0.272727       1       1     0.000000
    927   h1       1 0.500000       1       1 1.000000 0.666667 0.707510       1       1     0.235837
    928   h1       1 0.625000       1       1 1.000000 0.666667 0.727273       1       1     0.303030
    929   h1       1 0.625000       1       1 1.000000 0.666667 0.727273       1       1     0.303030
    930   h1       1 0.625000       1       1 1.000000 0.666667 0.727273       1       1     0.303030
    931   h1       1 0.937500       1       1 0.666667 0.736842 0.818182       1       1     0.376794
    932   h1       1 1.000000       1       1 0.666667 0.777778 0.818182       1       1     0.424242
    933   h1       1 1.000000       1       1 0.666667 0.777778 0.818182       1       1     0.424242
    934   h1       1 1.000000       1       1 0.666667 0.777778 0.818182       1       1     0.424242
    935   h1       1 1.000000       1       1 0.666667 0.777778 0.818182       1       1     0.424242