 ChipID Half  Layer0   Layer1   Layer2  Layer3   Layer4   Layer5  Layer6  Layer7  Layer8  Pseaudo_Eff
    344   h0       1 0.937500 0.941176       1 0.839506 0.631579       1       1       1     0.467836
    345   h0       1 1.000000 1.000000       1 0.888889 0.666667       1       1       1     0.592593
    346   h0       1 1.000000 1.000000       1 0.888889 0.666667       1       1       1     0.592593
    347   h0       1 0.585938 0.588235       1 0.629630 0.947368       1       1       1     0.205592
    348   h0       1 0.625000 0.625000       1 0.666667 1.000000       1       1       1     0.260417
    349   h0       1 0.625000 0.625000       1 0.666667 1.000000       1       1       1     0.260417
    350   h0       1 0.585938 0.941176       1 0.839506 0.894737       1       1       1     0.414230
    351   h0       1 0.625000 1.000000       1 0.888889 1.000000       1       1       1     0.555556
    352   h0       1 0.625000 1.000000       1 0.888889 1.000000       1       1       1     0.555556
    353   h0       1 0.937500 0.588235       1 0.839506 0.596491       1       1       1     0.276153
    354   h0       1 1.000000 0.625000       1 0.888889 0.666667       1       1       1     0.370370
    355   h0       1 1.000000 0.625000       1 0.888889 0.666667       1       1       1     0.370370
    392   h0       1 0.937500 0.941176       1 0.944444 0.631579       1       1       1     0.526316
    393   h0       1 1.000000 1.000000       1 1.000000 0.666667       1       1       1     0.666667
    394   h0       1 1.000000 1.000000       1 1.000000 0.666667       1       1       1     0.666667
    395   h0       1 1.000000 1.000000       1 1.000000 0.666667       1       1       1     0.666667
    396   h0       1 0.585938 0.705882       1 0.629630 0.947368       1       1       1     0.246711
    397   h0       1 0.625000 0.750000       1 0.666667 1.000000       1       1       1     0.312500
    398   h0       1 0.625000 0.750000       1 0.666667 1.000000       1       1       1     0.312500
    399   h0       1 0.625000 0.750000       1 0.666667 1.000000       1       1       1     0.312500
    400   h0       1 0.562500 0.566176       1 0.777778 0.654971       1       1       1     0.162238
    401   h0       1 1.000000 0.875000       1 1.000000 0.888889       1       1       1     0.777778
    402   h0       1 1.000000 0.875000       1 1.000000 0.888889       1       1       1     0.777778
    403   h0       1 1.000000 0.875000       1 1.000000 0.888889       1       1       1     0.777778
    404   h0       1 0.460938 0.669118       1 0.691358 0.625731       1       1       1     0.133424
    405   h0       1 0.625000 0.875000       1 0.777778 0.666667       1       1       1     0.283565
    406   h0       1 0.625000 0.875000       1 0.777778 0.666667       1       1       1     0.283565
    407   h0       1 0.625000 0.875000       1 0.777778 0.666667       1       1       1     0.283565
    408   h0       1 0.750000 0.617647       1 0.691358 0.947368       1       1       1     0.303406
    409   h0       1 1.000000 0.750000       1 0.777778 1.000000       1       1       1     0.583333
    410   h0       1 1.000000 0.750000       1 0.777778 1.000000       1       1       1     0.583333
    411   h0       1 1.000000 0.750000       1 0.777778 1.000000       1       1       1     0.583333
    412   h0       1 0.445312 0.823529       1 0.888889 0.631579       1       1       1     0.205882
    413   h0       1 0.625000 1.000000       1 1.000000 0.666667       1       1       1     0.416667
    414   h0       1 0.625000 1.000000       1 1.000000 0.666667       1       1       1     0.416667
    415   h0       1 0.625000 1.000000       1 1.000000 0.666667       1       1       1     0.416667
    416   h0       1 0.500000 0.352941       1 0.450617 0.684211       1       1       1     0.054409
    417   h0       1 1.000000 0.625000       1 0.666667 1.000000       1       1       1     0.416667
    418   h0       1 1.000000 0.625000       1 0.666667 1.000000       1       1       1     0.416667
    419   h0       1 1.000000 0.625000       1 0.666667 1.000000       1       1       1     0.416667
    420   h0       1 0.585938 0.941176       1 0.944444 0.842105       1       1       1     0.438596
    421   h0       1 0.625000 1.000000       1 1.000000 0.888889       1       1       1     0.555556
    422   h0       1 0.625000 1.000000       1 1.000000 0.888889       1       1       1     0.555556
    423   h0       1 0.625000 1.000000       1 1.000000 0.888889       1       1       1     0.555556
    424   h0       1 0.937500 0.588235       1 0.629630 0.625731       1       1       1     0.217268
    425   h0       1 1.000000 0.625000       1 0.666667 0.666667       1       1       1     0.277778
    426   h0       1 1.000000 0.625000       1 0.666667 0.666667       1       1       1     0.277778
    427   h0       1 1.000000 0.625000       1 0.666667 0.666667       1       1       1     0.277778
    448   h0       1 0.937500 0.823529       1 0.944444 0.631579       1       1       1     0.460526
    449   h0       1 1.000000 0.875000       1 1.000000 0.666667       1       1       1     0.583333
    450   h0       1 1.000000 0.875000       1 1.000000 0.666667       1       1       1     0.583333
    451   h0       1 1.000000 0.875000       1 1.000000 0.666667       1       1       1     0.583333
    452   h0       1 1.000000 0.875000       1 1.000000 0.666667       1       1       1     0.583333
    453   h0       1 0.468750 0.000000       1 0.104938 0.842105       1       1       1     0.000000
    454   h0       1 0.578125 0.573529       1 0.574074 0.888889       1       1       1     0.169197
    455   h0       1 0.625000 0.750000       1 0.666667 0.888889       1       1       1     0.277778
    456   h0       1 0.625000 0.750000       1 0.666667 0.888889       1       1       1     0.277778
    457   h0       1 0.625000 0.750000       1 0.666667 0.888889       1       1       1     0.277778
    458   h0       1 0.117188 0.941176       1 0.944444 0.631579       1       1       1     0.065789
    459   h0       1 0.468750 1.000000       1 1.000000 0.666667       1       1       1     0.312500
    460   h0       1 0.625000 1.000000       1 1.000000 0.666667       1       1       1     0.416667
    461   h0       1 0.625000 1.000000       1 1.000000 0.666667       1       1       1     0.416667
    462   h0       1 0.625000 1.000000       1 1.000000 0.666667       1       1       1     0.416667
    463   h0       1 0.937500 0.588235       1 0.629630 0.842105       1       1       1     0.292398
    464   h0       1 1.000000 0.625000       1 0.666667 0.888889       1       1       1     0.370370
    465   h0       1 1.000000 0.625000       1 0.666667 0.888889       1       1       1     0.370370
    466   h0       1 1.000000 0.625000       1 0.666667 0.888889       1       1       1     0.370370
    467   h0       1 1.000000 0.625000       1 0.666667 0.888889       1       1       1     0.370370
    812   h1       1 0.937500 0.882353       1 0.888889 0.631579       1       1       1     0.464396
    813   h1       1 1.000000 1.000000       1 0.777778 0.666667       1       1       1     0.518519
    814   h1       1 1.000000 1.000000       1 0.777778 0.666667       1       1       1     0.518519
    815   h1       1 0.585938 0.551471       1 0.666667 0.947368       1       1       1     0.204080
    816   h1       1 0.625000 0.625000       1 0.666667 1.000000       1       1       1     0.260417
    817   h1       1 0.625000 0.625000       1 0.666667 1.000000       1       1       1     0.260417
    818   h1       1 0.585938 0.941176       1 0.888889 0.947368       1       1       1     0.464396
    819   h1       1 0.625000 1.000000       1 0.888889 1.000000       1       1       1     0.555556
    820   h1       1 0.625000 1.000000       1 0.888889 1.000000       1       1       1     0.555556
    821   h1       1 0.937500 0.588235       1 0.777778 0.736842       1       1       1     0.316047
    822   h1       1 1.000000 0.625000       1 0.777778 0.754386       1       1       1     0.366715
    823   h1       1 1.000000 0.625000       1 0.777778 0.666667       1       1       1     0.324074
    860   h1       1 0.937500 0.882353       1 1.000000 0.631579       1       1       1     0.522446
    861   h1       1 1.000000 1.000000       1 1.000000 0.666667       1       1       1     0.666667
    862   h1       1 1.000000 1.000000       1 1.000000 0.666667       1       1       1     0.666667
    863   h1       1 1.000000 1.000000       1 1.000000 0.666667       1       1       1     0.666667
    864   h1       1 0.585938 0.588235       1 0.666667 0.947368       1       1       1     0.217686
    865   h1       1 0.625000 0.625000       1 0.666667 1.000000       1       1       1     0.260417
    866   h1       1 0.625000 0.625000       1 0.666667 1.000000       1       1       1     0.260417
    867   h1       1 0.625000 0.625000       1 0.666667 1.000000       1       1       1     0.260417
    868   h1       1 0.562500 0.705882       1 0.833333 0.654971       1       1       1     0.216718
    869   h1       1 1.000000 1.000000       1 1.000000 0.888889       1       1       1     0.888889
    870   h1       1 1.000000 1.000000       1 1.000000 0.888889       1       1       1     0.888889
    871   h1       1 1.000000 1.000000       1 1.000000 0.888889       1       1       1     0.888889
    872   h1       1 0.468750 0.617647       1 0.629630 0.625731       1       1       1     0.114066
    873   h1       1 0.625000 0.750000       1 0.666667 0.666667       1       1       1     0.208333
    874   h1       1 0.625000 0.750000       1 0.666667 0.666667       1       1       1     0.208333
    875   h1       1 0.625000 0.750000       1 0.666667 0.666667       1       1       1     0.208333
    876   h1       1 0.812500 0.720588       1 0.734568 0.947368       1       1       1     0.407438
    877   h1       1 1.000000 0.875000       1 0.777778 1.000000       1       1       1     0.680556
    878   h1       1 1.000000 0.875000       1 0.777778 1.000000       1       1       1     0.680556
    879   h1       1 1.000000 0.875000       1 0.777778 1.000000       1       1       1     0.680556
    880   h1       1 0.484375 0.720588       1 0.839506 0.643275       1       1       1     0.188490
    881   h1       1 0.625000 0.875000       1 0.888889 0.666667       1       1       1     0.324074
    882   h1       1 0.625000 0.875000       1 0.888889 0.666667       1       1       1     0.324074
    883   h1       1 0.625000 0.875000       1 0.888889 0.666667       1       1       1     0.324074
    884   h1       1 0.562500 0.397059       1 0.450617 0.684211       1       1       1     0.068861
    885   h1       1 1.000000 0.750000       1 0.666667 1.000000       1       1       1     0.500000
    886   h1       1 1.000000 0.750000       1 0.666667 1.000000       1       1       1     0.500000
    887   h1       1 1.000000 0.750000       1 0.666667 1.000000       1       1       1     0.500000
    888   h1       1 0.585938 0.941176       1 1.000000 0.947368       1       1       1     0.522446
    889   h1       1 0.625000 1.000000       1 1.000000 1.000000       1       1       1     0.625000
    890   h1       1 0.625000 1.000000       1 1.000000 1.000000       1       1       1     0.625000
    891   h1       1 0.625000 1.000000       1 1.000000 1.000000       1       1       1     0.625000
    892   h1       1 0.937500 0.588235       1 0.666667 0.526316       1       1       1     0.193498
    893   h1       1 1.000000 0.625000       1 0.666667 0.578947       1       1       1     0.241228
    894   h1       1 1.000000 0.625000       1 0.666667 0.666667       1       1       1     0.277778
    895   h1       1 1.000000 0.625000       1 0.666667 0.619883       1       1       1     0.258285
    916   h1       1 0.937500 0.941176       1 1.000000 0.631579       1       1       1     0.557276
    917   h1       1 1.000000 1.000000       1 1.000000 0.666667       1       1       1     0.666667
    918   h1       1 1.000000 1.000000       1 1.000000 0.666667       1       1       1     0.666667
    919   h1       1 1.000000 1.000000       1 1.000000 0.666667       1       1       1     0.666667
    920   h1       1 1.000000 1.000000       1 1.000000 0.666667       1       1       1     0.666667
    921   h1       1 0.468750 0.000000       1 0.222222 0.736842       1       1       1     0.000000
    922   h1       1 0.578125 0.573529       1 0.617284 0.777778       1       1       1     0.159191
    923   h1       1 0.625000 0.750000       1 0.666667 0.777778       1       1       1     0.243056
    924   h1       1 0.625000 0.750000       1 0.666667 0.777778       1       1       1     0.243056
    925   h1       1 0.625000 0.750000       1 0.666667 0.777778       1       1       1     0.243056
    926   h1       1 0.000000 0.875000       1 1.000000 0.631579       1       1       1     0.000000
    927   h1       1 0.500000 1.000000       1 1.000000 0.666667       1       1       1     0.333333
    928   h1       1 0.625000 1.000000       1 1.000000 0.666667       1       1       1     0.416667
    929   h1       1 0.625000 1.000000       1 1.000000 0.666667       1       1       1     0.416667
    930   h1       1 0.625000 1.000000       1 1.000000 0.666667       1       1       1     0.416667
    931   h1       1 0.937500 0.750000       1 0.666667 0.736842       1       1       1     0.345395
    932   h1       1 1.000000 0.750000       1 0.666667 0.777778       1       1       1     0.388889
    933   h1       1 1.000000 0.750000       1 0.666667 0.777778       1       1       1     0.388889
    934   h1       1 1.000000 0.750000       1 0.666667 0.777778       1       1       1     0.388889
    935   h1       1 1.000000 0.750000       1 0.666667 0.777778       1       1       1     0.388889