 ChipID Half  Layer0   Layer1  Layer2   Layer3   Layer4  Layer5   Layer6  Layer7  Layer8  Pseaudo_Eff
    332   h0       1 0.705882       1 0.629630 0.631579       1 0.784091       1       1     0.220096
    333   h0       1 0.750000       1 0.666667 0.666667       1 0.818182       1       1     0.272727
    334   h0       1 0.750000       1 0.666667 0.666667       1 0.818182       1       1     0.272727
    335   h0       1 0.823529       1 0.944444 0.947368       1 0.958333       1       1     0.706140
    336   h0       1 0.875000       1 1.000000 1.000000       1 1.000000       1       1     0.875000
    337   h0       1 0.875000       1 1.000000 1.000000       1 1.000000       1       1     0.875000
    338   h0       1 0.705882       1 0.629630 0.947368       1 0.696970       1       1     0.293461
    339   h0       1 0.750000       1 0.666667 1.000000       1 0.727273       1       1     0.363636
    340   h0       1 0.750000       1 0.666667 1.000000       1 0.818182       1       1     0.409091
    341   h0       1 0.941176       1 0.944444 0.631579       1 0.958333       1       1     0.538012
    342   h0       1 1.000000       1 1.000000 0.666667       1 1.000000       1       1     0.666667
    343   h0       1 1.000000       1 1.000000 0.666667       1 1.000000       1       1     0.666667
    356   h0       1 0.705882       1 0.629630 0.631579       1 0.696970       1       1     0.195641
    357   h0       1 0.750000       1 0.666667 0.666667       1 0.727273       1       1     0.242424
    358   h0       1 0.750000       1 0.666667 0.666667       1 0.727273       1       1     0.242424
    359   h0       1 0.750000       1 0.666667 0.666667       1 0.727273       1       1     0.242424
    360   h0       1 0.823529       1 0.944444 0.736842       1 0.696970       1       1     0.399433
    361   h0       1 0.875000       1 1.000000 0.777778       1 0.727273       1       1     0.494949
    362   h0       1 0.875000       1 1.000000 0.777778       1 0.727273       1       1     0.494949
    363   h0       1 0.875000       1 1.000000 0.777778       1 0.727273       1       1     0.494949
    364   h0       1 0.411765       1 0.419753 0.684211       1 0.424242       1       1     0.050170
    365   h0       1 0.875000       1 0.666667 1.000000       1 0.727273       1       1     0.424242
    366   h0       1 0.875000       1 0.666667 1.000000       1 0.727273       1       1     0.424242
    367   h0       1 0.875000       1 0.666667 1.000000       1 0.727273       1       1     0.424242
    368   h0       1 0.669118       1 0.790123 0.619883       1 0.537879       1       1     0.176275
    369   h0       1 0.875000       1 0.888889 0.666667       1 0.727273       1       1     0.377104
    370   h0       1 0.875000       1 0.888889 0.666667       1 0.727273       1       1     0.377104
    371   h0       1 0.875000       1 0.888889 0.666667       1 0.727273       1       1     0.377104
    372   h0       1 0.669118       1 0.691358 0.894737       1 0.750000       1       1     0.310429
    373   h0       1 0.875000       1 0.777778 1.000000       1 1.000000       1       1     0.680556
    374   h0       1 0.875000       1 0.777778 1.000000       1 1.000000       1       1     0.680556
    375   h0       1 0.875000       1 0.777778 1.000000       1 1.000000       1       1     0.680556
    376   h0       1 0.573529       1 0.648148 0.631579       1 0.613636       1       1     0.144068
    377   h0       1 0.750000       1 0.777778 0.666667       1 0.818182       1       1     0.318182
    378   h0       1 0.750000       1 0.777778 0.666667       1 0.818182       1       1     0.318182
    379   h0       1 0.750000       1 0.777778 0.666667       1 0.818182       1       1     0.318182
    380   h0       1 0.566176       1 0.722222 0.573099       1 0.545455       1       1     0.127824
    381   h0       1 0.875000       1 1.000000 0.777778       1 0.727273       1       1     0.494949
    382   h0       1 0.875000       1 1.000000 0.777778       1 0.727273       1       1     0.494949
    383   h0       1 0.875000       1 1.000000 0.777778       1 0.727273       1       1     0.494949
    384   h0       1 0.705882       1 0.629630 0.947368       1 0.784091       1       1     0.330144
    385   h0       1 0.750000       1 0.666667 1.000000       1 0.727273       1       1     0.363636
    386   h0       1 0.750000       1 0.666667 1.000000       1 0.727273       1       1     0.363636
    387   h0       1 0.750000       1 0.666667 1.000000       1 0.727273       1       1     0.363636
    388   h0       1 0.941176       1 0.944444 0.631579       1 0.696970       1       1     0.391281
    389   h0       1 1.000000       1 1.000000 0.666667       1 0.727273       1       1     0.484848
    390   h0       1 1.000000       1 1.000000 0.666667       1 0.727273       1       1     0.484848
    391   h0       1 0.875000       1 1.000000 0.666667       1 0.727273       1       1     0.424242
    428   h0       1 0.823529       1 0.629630 0.842105       1 0.871212       1       1     0.380412
    429   h0       1 0.875000       1 0.666667 0.888889       1 0.909091       1       1     0.471380
    430   h0       1 0.875000       1 0.666667 0.888889       1 0.909091       1       1     0.471380
    431   h0       1 0.875000       1 0.666667 0.888889       1 0.909091       1       1     0.471380
    432   h0       1 0.875000       1 0.666667 0.888889       1 0.909091       1       1     0.471380
    433   h0       1 0.823529       1 0.944444 0.526316       1 0.189394       1       1     0.077530
    434   h0       1 0.875000       1 1.000000 0.649123       1 0.909091       1       1     0.516348
    435   h0       1 0.875000       1 1.000000 0.666667       1 0.909091       1       1     0.530303
    436   h0       1 0.875000       1 1.000000 0.666667       1 0.909091       1       1     0.530303
    437   h0       1 0.875000       1 1.000000 0.666667       1 0.909091       1       1     0.530303
    438   h0       1 0.000000       1 0.104938 0.842105       1 0.000000       1       1     0.000000
    439   h0       1 0.529412       1 0.543210 0.888889       1 0.666667       1       1     0.170419
    440   h0       1 0.750000       1 0.666667 0.888889       1 0.727273       1       1     0.323232
    441   h0       1 0.750000       1 0.666667 0.888889       1 0.727273       1       1     0.323232
    442   h0       1 0.750000       1 0.666667 0.888889       1 0.727273       1       1     0.323232
    443   h0       1 0.823529       1 0.944444 0.631579       1 0.958333       1       1     0.470760
    444   h0       1 0.875000       1 1.000000 0.666667       1 1.000000       1       1     0.583333
    445   h0       1 0.875000       1 1.000000 0.666667       1 1.000000       1       1     0.583333
    446   h0       1 0.875000       1 1.000000 0.666667       1 1.000000       1       1     0.583333
    447   h0       1 0.875000       1 1.000000 0.666667       1 1.000000       1       1     0.583333
    800   h1       1 0.661765       1 0.592593 0.631579       1 0.871212       1       1     0.215780
    801   h1       1 0.750000       1 0.666667 0.666667       1 0.909091       1       1     0.303030
    802   h1       1 0.750000       1 0.666667 0.666667       1 0.909091       1       1     0.303030
    803   h1       1 0.882353       1 0.944444 0.947368       1 0.958333       1       1     0.756579
    804   h1       1 1.000000       1 1.000000 1.000000       1 1.000000       1       1     1.000000
    805   h1       1 1.000000       1 1.000000 1.000000       1 1.000000       1       1     1.000000
    806   h1       1 0.661765       1 0.629630 0.947368       1 0.784091       1       1     0.309510
    807   h1       1 0.750000       1 0.666667 1.000000       1 0.818182       1       1     0.409091
    808   h1       1 0.750000       1 0.666667 1.000000       1 0.818182       1       1     0.409091
    809   h1       1 0.772059       1 0.944444 0.631579       1 0.958333       1       1     0.441338
    810   h1       1 0.875000       1 1.000000 0.666667       1 1.000000       1       1     0.583333
    811   h1       1 0.875000       1 1.000000 0.666667       1 1.000000       1       1     0.583333
    824   h1       1 0.661765       1 0.629630 0.631579       1 0.696970       1       1     0.183413
    825   h1       1 0.750000       1 0.666667 0.666667       1 0.727273       1       1     0.242424
    826   h1       1 0.750000       1 0.666667 0.666667       1 0.727273       1       1     0.242424
    827   h1       1 0.750000       1 0.666667 0.666667       1 0.727273       1       1     0.242424
    828   h1       1 0.772059       1 0.944444 0.842105       1 0.696970       1       1     0.427964
    829   h1       1 1.000000       1 1.000000 0.888889       1 0.727273       1       1     0.646465
    830   h1       1 1.000000       1 1.000000 0.888889       1 0.727273       1       1     0.646465
    831   h1       1 1.000000       1 1.000000 0.888889       1 0.727273       1       1     0.646465
    832   h1       1 0.308824       1 0.450617 0.684211       1 0.469697       1       1     0.044722
    833   h1       1 0.750000       1 0.666667 1.000000       1 0.727273       1       1     0.363636
    834   h1       1 0.750000       1 0.666667 1.000000       1 0.727273       1       1     0.363636
    835   h1       1 0.750000       1 0.666667 1.000000       1 0.727273       1       1     0.363636
    836   h1       1 0.617647       1 0.790123 0.631579       1 0.568182       1       1     0.175126
    837   h1       1 0.875000       1 0.888889 0.666667       1 0.727273       1       1     0.377104
    838   h1       1 0.875000       1 0.888889 0.666667       1 0.727273       1       1     0.377104
    839   h1       1 0.875000       1 0.888889 0.666667       1 0.727273       1       1     0.377104
    840   h1       1 0.573529       1 0.691358 0.947368       1 0.750000       1       1     0.281734
    841   h1       1 0.750000       1 0.777778 1.000000       1 1.000000       1       1     0.583333
    842   h1       1 0.750000       1 0.777778 1.000000       1 1.000000       1       1     0.583333
    843   h1       1 0.750000       1 0.777778 1.000000       1 1.000000       1       1     0.583333
    844   h1       1 0.669118       1 0.691358 0.631579       1 0.613636       1       1     0.179285
    845   h1       1 0.875000       1 0.777778 0.666667       1 0.818182       1       1     0.371212
    846   h1       1 0.875000       1 0.777778 0.666667       1 0.818182       1       1     0.371212
    847   h1       1 0.875000       1 0.777778 0.666667       1 0.818182       1       1     0.371212
    848   h1       1 0.566176       1 0.777778 0.654971       1 0.515152       1       1     0.148581
    849   h1       1 0.875000       1 1.000000 0.888889       1 0.727273       1       1     0.565657
    850   h1       1 0.875000       1 1.000000 0.888889       1 0.727273       1       1     0.565657
    851   h1       1 0.875000       1 1.000000 0.888889       1 0.727273       1       1     0.565657
    852   h1       1 0.772059       1 0.629630 0.947368       1 0.696970       1       1     0.320973
    853   h1       1 0.875000       1 0.666667 1.000000       1 0.727273       1       1     0.424242
    854   h1       1 0.875000       1 0.666667 1.000000       1 0.727273       1       1     0.424242
    855   h1       1 0.875000       1 0.666667 1.000000       1 0.727273       1       1     0.424242
    856   h1       1 0.772059       1 0.944444 0.631579       1 0.696970       1       1     0.320973
    857   h1       1 0.875000       1 1.000000 0.666667       1 0.727273       1       1     0.424242
    858   h1       1 0.875000       1 1.000000 0.666667       1 0.727273       1       1     0.424242
    859   h1       1 0.875000       1 1.000000 0.666667       1 0.727273       1       1     0.424242
    896   h1       1 0.661765       1 0.604938 0.842105       1 0.958333       1       1     0.323071
    897   h1       1 0.750000       1 0.666667 0.888889       1 1.000000       1       1     0.444444
    898   h1       1 0.750000       1 0.666667 0.888889       1 1.000000       1       1     0.444444
    899   h1       1 0.750000       1 0.666667 0.888889       1 1.000000       1       1     0.444444
    900   h1       1 0.750000       1 0.666667 0.888889       1 1.000000       1       1     0.444444
    901   h1       1 0.772059       1 0.888889 0.526316       1 0.189394       1       1     0.068409
    902   h1       1 0.875000       1 1.000000 0.649123       1 0.909091       1       1     0.516348
    903   h1       1 0.875000       1 1.000000 0.666667       1 0.909091       1       1     0.530303
    904   h1       1 0.875000       1 1.000000 0.666667       1 0.909091       1       1     0.530303
    905   h1       1 0.875000       1 1.000000 0.666667       1 0.909091       1       1     0.530303
    906   h1       1 0.000000       1 0.104938 0.842105       1 0.000000       1       1     0.000000
    907   h1       1 0.617647       1 0.574074 0.888889       1 0.666667       1       1     0.210119
    908   h1       1 0.875000       1 0.666667 0.888889       1 0.727273       1       1     0.377104
    909   h1       1 0.875000       1 0.666667 0.888889       1 0.727273       1       1     0.377104
    910   h1       1 0.875000       1 0.666667 0.888889       1 0.727273       1       1     0.377104
    911   h1       1 0.772059       1 0.944444 0.631579       1 0.958333       1       1     0.441338
    912   h1       1 0.875000       1 1.000000 0.666667       1 1.000000       1       1     0.583333
    913   h1       1 0.875000       1 1.000000 0.666667       1 1.000000       1       1     0.583333
    914   h1       1 0.875000       1 1.000000 0.666667       1 1.000000       1       1     0.583333
    915   h1       1 0.875000       1 1.000000 0.666667       1 1.000000       1       1     0.583333