 ChipID Half  Layer0   Layer1  Layer2  Layer3   Layer4  Layer5   Layer6   Layer7  Layer8  Pseaudo_Eff
    344   h0       1 0.937500       1       1 0.839506       1 0.695652 0.958333       1     0.524691
    345   h0       1 1.000000       1       1 0.888889       1 0.727273 1.000000       1     0.646465
    346   h0       1 1.000000       1       1 0.888889       1 0.727273 1.000000       1     0.646465
    347   h0       1 0.585938       1       1 0.629630       1 0.782609 0.696970       1     0.201231
    348   h0       1 0.625000       1       1 0.666667       1 0.818182 0.727273       1     0.247934
    349   h0       1 0.625000       1       1 0.666667       1 0.727273 0.727273       1     0.220386
    350   h0       1 0.585938       1       1 0.839506       1 0.695652 0.784091       1     0.268308
    351   h0       1 0.625000       1       1 0.888889       1 0.727273 0.818182       1     0.330579
    352   h0       1 0.625000       1       1 0.888889       1 0.727273 0.818182       1     0.330579
    353   h0       1 0.937500       1       1 0.839506       1 0.956522 0.958333       1     0.721451
    354   h0       1 1.000000       1       1 0.888889       1 1.000000 1.000000       1     0.888889
    355   h0       1 1.000000       1       1 0.888889       1 1.000000 1.000000       1     0.888889
    392   h0       1 0.937500       1       1 0.944444       1 0.956522 0.696970       1     0.590278
    393   h0       1 1.000000       1       1 1.000000       1 1.000000 0.727273       1     0.727273
    394   h0       1 1.000000       1       1 1.000000       1 1.000000 0.727273       1     0.727273
    395   h0       1 1.000000       1       1 1.000000       1 1.000000 0.727273       1     0.727273
    396   h0       1 0.585938       1       1 0.629630       1 0.695652 0.696970       1     0.178872
    397   h0       1 0.625000       1       1 0.666667       1 0.727273 0.727273       1     0.220386
    398   h0       1 0.625000       1       1 0.666667       1 0.727273 0.727273       1     0.220386
    399   h0       1 0.625000       1       1 0.666667       1 0.727273 0.727273       1     0.220386
    400   h0       1 0.562500       1       1 0.777778       1 0.513834 0.515152       1     0.115807
    401   h0       1 1.000000       1       1 1.000000       1 0.909091 0.727273       1     0.661157
    402   h0       1 1.000000       1       1 1.000000       1 0.909091 0.727273       1     0.661157
    403   h0       1 1.000000       1       1 1.000000       1 0.909091 0.727273       1     0.661157
    404   h0       1 0.460938       1       1 0.691358       1 0.529644 0.647727       1     0.109326
    405   h0       1 0.625000       1       1 0.777778       1 0.727273 0.818182       1     0.289256
    406   h0       1 0.625000       1       1 0.777778       1 0.727273 0.818182       1     0.289256
    407   h0       1 0.625000       1       1 0.777778       1 0.727273 0.818182       1     0.289256
    408   h0       1 0.750000       1       1 0.691358       1 0.509881 0.750000       1     0.198287
    409   h0       1 1.000000       1       1 0.777778       1 0.727273 1.000000       1     0.565657
    410   h0       1 1.000000       1       1 0.777778       1 0.727273 1.000000       1     0.565657
    411   h0       1 1.000000       1       1 0.777778       1 0.727273 1.000000       1     0.565657
    412   h0       1 0.445312       1       1 0.888889       1 0.695652 0.575758       1     0.158542
    413   h0       1 0.625000       1       1 1.000000       1 1.000000 0.727273       1     0.454545
    414   h0       1 0.625000       1       1 1.000000       1 1.000000 0.727273       1     0.454545
    415   h0       1 0.625000       1       1 1.000000       1 1.000000 0.727273       1     0.454545
    416   h0       1 0.500000       1       1 0.450617       1 0.537549 0.469697       1     0.056887
    417   h0       1 1.000000       1       1 0.666667       1 0.727273 0.727273       1     0.352617
    418   h0       1 1.000000       1       1 0.666667       1 0.727273 0.727273       1     0.352617
    419   h0       1 1.000000       1       1 0.666667       1 0.727273 0.727273       1     0.352617
    420   h0       1 0.585938       1       1 0.944444       1 0.956522 0.696970       1     0.368924
    421   h0       1 0.625000       1       1 1.000000       1 1.000000 0.727273       1     0.454545
    422   h0       1 0.625000       1       1 1.000000       1 1.000000 0.727273       1     0.454545
    423   h0       1 0.625000       1       1 1.000000       1 1.000000 0.727273       1     0.454545
    424   h0       1 0.937500       1       1 0.629630       1 0.695652 0.696970       1     0.286195
    425   h0       1 1.000000       1       1 0.666667       1 0.727273 0.727273       1     0.352617
    426   h0       1 1.000000       1       1 0.666667       1 0.727273 0.727273       1     0.352617
    427   h0       1 1.000000       1       1 0.666667       1 0.727273 0.727273       1     0.352617
    448   h0       1 0.937500       1       1 0.944444       1 0.482213 0.958333       1     0.409170
    449   h0       1 1.000000       1       1 1.000000       1 0.727273 1.000000       1     0.727273
    450   h0       1 1.000000       1       1 1.000000       1 0.727273 1.000000       1     0.727273
    451   h0       1 1.000000       1       1 1.000000       1 0.727273 1.000000       1     0.727273
    452   h0       1 1.000000       1       1 1.000000       1 0.727273 1.000000       1     0.727273
    453   h0       1 0.468750       1       1 0.104938       1 0.158103 0.000000       1     0.000000
    454   h0       1 0.578125       1       1 0.574074       1 0.909091 0.696970       1     0.210286
    455   h0       1 0.625000       1       1 0.666667       1 0.909091 0.727273       1     0.275482
    456   h0       1 0.625000       1       1 0.666667       1 0.909091 0.727273       1     0.275482
    457   h0       1 0.625000       1       1 0.666667       1 0.909091 0.727273       1     0.275482
    458   h0       1 0.117188       1       1 0.944444       1 0.347826 0.170455       1     0.006562
    459   h0       1 0.468750       1       1 1.000000       1 0.695652 0.818182       1     0.266798
    460   h0       1 0.625000       1       1 1.000000       1 0.727273 0.818182       1     0.371901
    461   h0       1 0.625000       1       1 1.000000       1 0.727273 0.818182       1     0.371901
    462   h0       1 0.625000       1       1 1.000000       1 0.727273 0.818182       1     0.371901
    463   h0       1 0.937500       1       1 0.629630       1 0.782609 0.958333       1     0.442708
    464   h0       1 1.000000       1       1 0.666667       1 0.818182 1.000000       1     0.545455
    465   h0       1 1.000000       1       1 0.666667       1 0.818182 1.000000       1     0.545455
    466   h0       1 1.000000       1       1 0.666667       1 0.818182 1.000000       1     0.545455
    467   h0       1 1.000000       1       1 0.666667       1 0.818182 1.000000       1     0.545455
    812   h1       1 0.937500       1       1 0.888889       1 0.727273 1.000000       1     0.606061
    813   h1       1 1.000000       1       1 0.777778       1 0.727273 1.000000       1     0.565657
    814   h1       1 1.000000       1       1 0.777778       1 0.727273 1.000000       1     0.565657
    815   h1       1 0.585938       1       1 0.666667       1 0.818182 0.727273       1     0.232438
    816   h1       1 0.625000       1       1 0.666667       1 0.818182 0.727273       1     0.247934
    817   h1       1 0.625000       1       1 0.666667       1 0.818182 0.727273       1     0.247934
    818   h1       1 0.585938       1       1 0.888889       1 0.727273 0.909091       1     0.344353
    819   h1       1 0.625000       1       1 0.888889       1 0.727273 0.909091       1     0.367309
    820   h1       1 0.625000       1       1 0.888889       1 0.727273 0.909091       1     0.367309
    821   h1       1 0.937500       1       1 0.777778       1 1.000000 1.000000       1     0.729167
    822   h1       1 1.000000       1       1 0.777778       1 1.000000 1.000000       1     0.777778
    823   h1       1 1.000000       1       1 0.777778       1 1.000000 1.000000       1     0.777778
    860   h1       1 0.937500       1       1 1.000000       1 1.000000 0.727273       1     0.681818
    861   h1       1 1.000000       1       1 1.000000       1 1.000000 0.727273       1     0.727273
    862   h1       1 1.000000       1       1 1.000000       1 1.000000 0.727273       1     0.727273
    863   h1       1 1.000000       1       1 1.000000       1 1.000000 0.727273       1     0.727273
    864   h1       1 0.585938       1       1 0.666667       1 0.727273 0.818182       1     0.232438
    865   h1       1 0.625000       1       1 0.666667       1 0.727273 0.818182       1     0.247934
    866   h1       1 0.625000       1       1 0.666667       1 0.727273 0.818182       1     0.247934
    867   h1       1 0.625000       1       1 0.666667       1 0.727273 0.818182       1     0.247934
    868   h1       1 0.562500       1       1 0.833333       1 0.513834 0.575758       1     0.138677
    869   h1       1 1.000000       1       1 1.000000       1 0.909091 0.727273       1     0.661157
    870   h1       1 1.000000       1       1 1.000000       1 0.909091 0.727273       1     0.661157
    871   h1       1 1.000000       1       1 1.000000       1 0.909091 0.727273       1     0.661157
    872   h1       1 0.468750       1       1 0.629630       1 0.561265 0.647727       1     0.107297
    873   h1       1 0.625000       1       1 0.666667       1 0.727273 0.818182       1     0.247934
    874   h1       1 0.625000       1       1 0.666667       1 0.727273 0.818182       1     0.247934
    875   h1       1 0.625000       1       1 0.666667       1 0.727273 0.818182       1     0.247934
    876   h1       1 0.812500       1       1 0.734568       1 0.537549 0.791667       1     0.253990
    877   h1       1 1.000000       1       1 0.777778       1 0.727273 1.000000       1     0.565657
    878   h1       1 1.000000       1       1 0.777778       1 0.727273 1.000000       1     0.565657
    879   h1       1 1.000000       1       1 0.777778       1 0.727273 1.000000       1     0.565657
    880   h1       1 0.484375       1       1 0.839506       1 0.739130 0.568182       1     0.170771
    881   h1       1 0.625000       1       1 0.888889       1 1.000000 0.727273       1     0.404040
    882   h1       1 0.625000       1       1 0.888889       1 1.000000 0.727273       1     0.404040
    883   h1       1 0.625000       1       1 0.888889       1 1.000000 0.727273       1     0.404040
    884   h1       1 0.562500       1       1 0.450617       1 0.569170 0.500000       1     0.072134
    885   h1       1 1.000000       1       1 0.666667       1 0.727273 0.727273       1     0.352617
    886   h1       1 1.000000       1       1 0.666667       1 0.727273 0.727273       1     0.352617
    887   h1       1 1.000000       1       1 0.666667       1 0.727273 0.727273       1     0.352617
    888   h1       1 0.585938       1       1 1.000000       1 1.000000 0.727273       1     0.426136
    889   h1       1 0.625000       1       1 1.000000       1 1.000000 0.727273       1     0.454545
    890   h1       1 0.625000       1       1 1.000000       1 1.000000 0.727273       1     0.454545
    891   h1       1 0.625000       1       1 1.000000       1 1.000000 0.727273       1     0.454545
    892   h1       1 0.937500       1       1 0.666667       1 0.727273 0.727273       1     0.330579
    893   h1       1 1.000000       1       1 0.666667       1 0.727273 0.727273       1     0.352617
    894   h1       1 1.000000       1       1 0.666667       1 0.727273 0.727273       1     0.352617
    895   h1       1 1.000000       1       1 0.666667       1 0.727273 0.727273       1     0.352617
    916   h1       1 0.937500       1       1 1.000000       1 0.584980 1.000000       1     0.548419
    917   h1       1 1.000000       1       1 1.000000       1 0.727273 1.000000       1     0.727273
    918   h1       1 1.000000       1       1 1.000000       1 0.727273 1.000000       1     0.727273
    919   h1       1 1.000000       1       1 1.000000       1 0.727273 1.000000       1     0.727273
    920   h1       1 1.000000       1       1 1.000000       1 0.727273 1.000000       1     0.727273
    921   h1       1 0.468750       1       1 0.222222       1 0.217391 0.117424       1     0.002659
    922   h1       1 0.578125       1       1 0.617284       1 1.000000 0.700758       1     0.250077
    923   h1       1 0.625000       1       1 0.666667       1 1.000000 0.727273       1     0.303030
    924   h1       1 0.625000       1       1 0.666667       1 1.000000 0.727273       1     0.303030
    925   h1       1 0.625000       1       1 0.666667       1 1.000000 0.727273       1     0.303030
    926   h1       1 0.000000       1       1 1.000000       1 0.272727 0.227273       1     0.000000
    927   h1       1 0.500000       1       1 1.000000       1 0.707510 0.909091       1     0.321595
    928   h1       1 0.625000       1       1 1.000000       1 0.727273 0.909091       1     0.413223
    929   h1       1 0.625000       1       1 1.000000       1 0.727273 0.909091       1     0.413223
    930   h1       1 0.625000       1       1 1.000000       1 0.727273 0.909091       1     0.413223
    931   h1       1 0.937500       1       1 0.666667       1 0.818182 1.000000       1     0.511364
    932   h1       1 1.000000       1       1 0.666667       1 0.818182 1.000000       1     0.545455
    933   h1       1 1.000000       1       1 0.666667       1 0.818182 1.000000       1     0.545455
    934   h1       1 1.000000       1       1 0.666667       1 0.818182 1.000000       1     0.545455
    935   h1       1 1.000000       1       1 0.666667       1 0.818182 1.000000       1     0.545455