 ChipID Half  Layer0   Layer1  Layer2   Layer3  Layer4   Layer5   Layer6  Layer7  Layer8  Pseaudo_Eff
    344   h0       1 0.937500       1 0.629630       1 0.631579 0.695652       1       1     0.259344
    345   h0       1 1.000000       1 0.666667       1 0.666667 0.727273       1       1     0.323232
    346   h0       1 1.000000       1 0.666667       1 0.666667 0.727273       1       1     0.323232
    347   h0       1 0.585938       1 0.944444       1 0.947368 0.782609       1       1     0.410290
    348   h0       1 0.625000       1 1.000000       1 1.000000 0.818182       1       1     0.511364
    349   h0       1 0.625000       1 1.000000       1 1.000000 0.727273       1       1     0.454545
    350   h0       1 0.585938       1 0.629630       1 0.894737 0.695652       1       1     0.229628
    351   h0       1 0.625000       1 0.666667       1 1.000000 0.727273       1       1     0.303030
    352   h0       1 0.625000       1 0.666667       1 1.000000 0.727273       1       1     0.303030
    353   h0       1 0.937500       1 0.734568       1 0.596491 0.956522       1       1     0.392918
    354   h0       1 1.000000       1 0.777778       1 0.666667 1.000000       1       1     0.518519
    355   h0       1 1.000000       1 0.777778       1 0.666667 1.000000       1       1     0.518519
    392   h0       1 0.937500       1 0.629630       1 0.631579 0.956522       1       1     0.356598
    393   h0       1 1.000000       1 0.666667       1 0.666667 1.000000       1       1     0.444444
    394   h0       1 1.000000       1 0.666667       1 0.666667 1.000000       1       1     0.444444
    395   h0       1 1.000000       1 0.666667       1 0.666667 1.000000       1       1     0.444444
    396   h0       1 0.585938       1 0.839506       1 0.947368 0.695652       1       1     0.324180
    397   h0       1 0.625000       1 0.888889       1 1.000000 0.727273       1       1     0.404040
    398   h0       1 0.625000       1 0.888889       1 1.000000 0.727273       1       1     0.404040
    399   h0       1 0.625000       1 0.888889       1 1.000000 0.727273       1       1     0.404040
    400   h0       1 0.562500       1 0.666667       1 0.654971 0.513834       1       1     0.126205
    401   h0       1 1.000000       1 1.000000       1 0.888889 0.909091       1       1     0.808081
    402   h0       1 1.000000       1 1.000000       1 0.888889 0.909091       1       1     0.808081
    403   h0       1 1.000000       1 1.000000       1 0.888889 0.909091       1       1     0.808081
    404   h0       1 0.460938       1 0.586420       1 0.625731 0.529644       1       1     0.089582
    405   h0       1 0.625000       1 0.666667       1 0.666667 0.727273       1       1     0.202020
    406   h0       1 0.625000       1 0.666667       1 0.666667 0.727273       1       1     0.202020
    407   h0       1 0.625000       1 0.666667       1 0.666667 0.727273       1       1     0.202020
    408   h0       1 0.750000       1 0.833333       1 0.947368 0.509881       1       1     0.301903
    409   h0       1 1.000000       1 1.000000       1 1.000000 0.727273       1       1     0.727273
    410   h0       1 1.000000       1 1.000000       1 1.000000 0.727273       1       1     0.727273
    411   h0       1 1.000000       1 1.000000       1 1.000000 0.727273       1       1     0.727273
    412   h0       1 0.445312       1 0.580247       1 0.631579 0.695652       1       1     0.113527
    413   h0       1 0.625000       1 0.666667       1 0.666667 1.000000       1       1     0.277778
    414   h0       1 0.625000       1 0.666667       1 0.666667 1.000000       1       1     0.277778
    415   h0       1 0.625000       1 0.666667       1 0.666667 1.000000       1       1     0.277778
    416   h0       1 0.500000       1 0.611111       1 0.684211 0.537549       1       1     0.112382
    417   h0       1 1.000000       1 1.000000       1 1.000000 0.727273       1       1     0.727273
    418   h0       1 1.000000       1 1.000000       1 1.000000 0.727273       1       1     0.727273
    419   h0       1 1.000000       1 1.000000       1 1.000000 0.727273       1       1     0.727273
    420   h0       1 0.585938       1 0.629630       1 0.842105 0.956522       1       1     0.297165
    421   h0       1 0.625000       1 0.666667       1 0.888889 1.000000       1       1     0.370370
    422   h0       1 0.625000       1 0.666667       1 0.888889 1.000000       1       1     0.370370
    423   h0       1 0.625000       1 0.666667       1 0.888889 1.000000       1       1     0.370370
    424   h0       1 0.937500       1 0.944444       1 0.625731 0.695652       1       1     0.385414
    425   h0       1 1.000000       1 1.000000       1 0.666667 0.727273       1       1     0.484848
    426   h0       1 1.000000       1 1.000000       1 0.666667 0.727273       1       1     0.484848
    427   h0       1 1.000000       1 1.000000       1 0.666667 0.727273       1       1     0.484848
    448   h0       1 0.937500       1 0.734568       1 0.631579 0.482213       1       1     0.209735
    449   h0       1 1.000000       1 0.777778       1 0.666667 0.727273       1       1     0.377104
    450   h0       1 1.000000       1 0.777778       1 0.666667 0.727273       1       1     0.377104
    451   h0       1 1.000000       1 0.777778       1 0.666667 0.727273       1       1     0.377104
    452   h0       1 1.000000       1 0.777778       1 0.666667 0.727273       1       1     0.377104
    453   h0       1 0.468750       1 0.629630       1 0.842105 0.158103       1       1     0.039295
    454   h0       1 0.578125       1 0.666667       1 0.888889 0.909091       1       1     0.311448
    455   h0       1 0.625000       1 0.666667       1 0.888889 0.909091       1       1     0.336700
    456   h0       1 0.625000       1 0.666667       1 0.888889 0.909091       1       1     0.336700
    457   h0       1 0.625000       1 0.666667       1 0.888889 0.909091       1       1     0.336700
    458   h0       1 0.117188       1 0.419753       1 0.631579 0.347826       1       1     0.010806
    459   h0       1 0.468750       1 0.617284       1 0.666667 0.695652       1       1     0.134192
    460   h0       1 0.625000       1 0.666667       1 0.666667 0.727273       1       1     0.202020
    461   h0       1 0.625000       1 0.666667       1 0.666667 0.727273       1       1     0.202020
    462   h0       1 0.625000       1 0.666667       1 0.666667 0.727273       1       1     0.202020
    463   h0       1 0.937500       1 0.944444       1 0.842105 0.782609       1       1     0.583524
    464   h0       1 1.000000       1 1.000000       1 0.888889 0.818182       1       1     0.727273
    465   h0       1 1.000000       1 1.000000       1 0.888889 0.818182       1       1     0.727273
    466   h0       1 1.000000       1 1.000000       1 0.888889 0.818182       1       1     0.727273
    467   h0       1 1.000000       1 1.000000       1 0.888889 0.818182       1       1     0.727273
    812   h1       1 0.937500       1 0.623457       1 0.631579 0.727273       1       1     0.268474
    813   h1       1 1.000000       1 0.666667       1 0.666667 0.727273       1       1     0.323232
    814   h1       1 1.000000       1 0.666667       1 0.666667 0.727273       1       1     0.323232
    815   h1       1 0.585938       1 0.944444       1 0.947368 0.818182       1       1     0.428940
    816   h1       1 0.625000       1 1.000000       1 1.000000 0.818182       1       1     0.511364
    817   h1       1 0.625000       1 1.000000       1 1.000000 0.818182       1       1     0.511364
    818   h1       1 0.585938       1 0.629630       1 0.947368 0.727273       1       1     0.254187
    819   h1       1 0.625000       1 0.666667       1 1.000000 0.727273       1       1     0.303030
    820   h1       1 0.625000       1 0.666667       1 1.000000 0.727273       1       1     0.303030
    821   h1       1 0.937500       1 0.839506       1 0.736842 1.000000       1       1     0.579922
    822   h1       1 1.000000       1 0.777778       1 0.754386 1.000000       1       1     0.586745
    823   h1       1 1.000000       1 0.777778       1 0.666667 1.000000       1       1     0.518519
    860   h1       1 0.937500       1 0.629630       1 0.631579 1.000000       1       1     0.372807
    861   h1       1 1.000000       1 0.666667       1 0.666667 1.000000       1       1     0.444444
    862   h1       1 1.000000       1 0.666667       1 0.666667 1.000000       1       1     0.444444
    863   h1       1 1.000000       1 0.666667       1 0.666667 1.000000       1       1     0.444444
    864   h1       1 0.585938       1 0.839506       1 0.947368 0.727273       1       1     0.338915
    865   h1       1 0.625000       1 0.888889       1 1.000000 0.727273       1       1     0.404040
    866   h1       1 0.625000       1 0.888889       1 1.000000 0.727273       1       1     0.404040
    867   h1       1 0.625000       1 0.888889       1 1.000000 0.727273       1       1     0.404040
    868   h1       1 0.562500       1 0.666667       1 0.654971 0.513834       1       1     0.126205
    869   h1       1 1.000000       1 1.000000       1 0.888889 0.909091       1       1     0.808081
    870   h1       1 1.000000       1 1.000000       1 0.888889 0.909091       1       1     0.808081
    871   h1       1 1.000000       1 1.000000       1 0.888889 0.909091       1       1     0.808081
    872   h1       1 0.468750       1 0.586420       1 0.625731 0.561265       1       1     0.096540
    873   h1       1 0.625000       1 0.666667       1 0.666667 0.727273       1       1     0.202020
    874   h1       1 0.625000       1 0.666667       1 0.666667 0.727273       1       1     0.202020
    875   h1       1 0.625000       1 0.666667       1 0.666667 0.727273       1       1     0.202020
    876   h1       1 0.812500       1 0.888889       1 0.947368 0.537549       1       1     0.367797
    877   h1       1 1.000000       1 1.000000       1 1.000000 0.727273       1       1     0.727273
    878   h1       1 1.000000       1 1.000000       1 1.000000 0.727273       1       1     0.727273
    879   h1       1 1.000000       1 1.000000       1 1.000000 0.727273       1       1     0.727273
    880   h1       1 0.484375       1 0.580247       1 0.643275 0.739130       1       1     0.133633
    881   h1       1 0.625000       1 0.666667       1 0.666667 1.000000       1       1     0.277778
    882   h1       1 0.625000       1 0.666667       1 0.666667 1.000000       1       1     0.277778
    883   h1       1 0.625000       1 0.666667       1 0.666667 1.000000       1       1     0.277778
    884   h1       1 0.562500       1 0.611111       1 0.684211 0.569170       1       1     0.133867
    885   h1       1 1.000000       1 1.000000       1 1.000000 0.727273       1       1     0.727273
    886   h1       1 1.000000       1 1.000000       1 1.000000 0.727273       1       1     0.727273
    887   h1       1 1.000000       1 1.000000       1 1.000000 0.727273       1       1     0.727273
    888   h1       1 0.585938       1 0.629630       1 0.947368 1.000000       1       1     0.349507
    889   h1       1 0.625000       1 0.666667       1 1.000000 1.000000       1       1     0.416667
    890   h1       1 0.625000       1 0.666667       1 1.000000 1.000000       1       1     0.416667
    891   h1       1 0.625000       1 0.666667       1 1.000000 1.000000       1       1     0.416667
    892   h1       1 0.937500       1 0.944444       1 0.526316 0.727273       1       1     0.338915
    893   h1       1 1.000000       1 1.000000       1 0.578947 0.727273       1       1     0.421053
    894   h1       1 1.000000       1 1.000000       1 0.666667 0.727273       1       1     0.484848
    895   h1       1 1.000000       1 1.000000       1 0.619883 0.727273       1       1     0.450824
    916   h1       1 0.937500       1 0.691358       1 0.631579 0.584980       1       1     0.239466
    917   h1       1 1.000000       1 0.777778       1 0.666667 0.727273       1       1     0.377104
    918   h1       1 1.000000       1 0.777778       1 0.666667 0.727273       1       1     0.377104
    919   h1       1 1.000000       1 0.777778       1 0.666667 0.727273       1       1     0.377104
    920   h1       1 1.000000       1 0.777778       1 0.666667 0.727273       1       1     0.377104
    921   h1       1 0.468750       1 0.691358       1 0.736842 0.217391       1       1     0.051911
    922   h1       1 0.578125       1 0.777778       1 0.777778 1.000000       1       1     0.349730
    923   h1       1 0.625000       1 0.777778       1 0.777778 1.000000       1       1     0.378086
    924   h1       1 0.625000       1 0.777778       1 0.777778 1.000000       1       1     0.378086
    925   h1       1 0.625000       1 0.777778       1 0.777778 1.000000       1       1     0.378086
    926   h1       1 0.000000       1 0.419753       1 0.631579 0.272727       1       1     0.000000
    927   h1       1 0.500000       1 0.617284       1 0.666667 0.707510       1       1     0.145578
    928   h1       1 0.625000       1 0.666667       1 0.666667 0.727273       1       1     0.202020
    929   h1       1 0.625000       1 0.666667       1 0.666667 0.727273       1       1     0.202020
    930   h1       1 0.625000       1 0.666667       1 0.666667 0.727273       1       1     0.202020
    931   h1       1 0.937500       1 0.944444       1 0.736842 0.818182       1       1     0.533792
    932   h1       1 1.000000       1 1.000000       1 0.777778 0.818182       1       1     0.636364
    933   h1       1 1.000000       1 1.000000       1 0.777778 0.818182       1       1     0.636364
    934   h1       1 1.000000       1 1.000000       1 0.777778 0.818182       1       1     0.636364
    935   h1       1 1.000000       1 1.000000       1 0.777778 0.818182       1       1     0.636364