 ChipID Half   Layer0  Layer1  Layer2   Layer3  Layer4  Layer5   Layer6  Layer7  Layer8  Pseaudo_Eff
    229   h0 0.944444       1       1 0.842105       1   0.950 0.960000       1       1     0.725333
    230   h0 1.000000       1       1 0.888889       1   1.000 1.000000       1       1     0.888889
    231   h0 1.000000       1       1 0.888889       1   1.000 1.000000       1       1     0.888889
    232   h0 0.590278       1       1 0.842105       1   0.665 0.720000       1       1     0.238000
    233   h0 0.625000       1       1 0.888889       1   0.700 0.750000       1       1     0.291667
    234   h0 0.625000       1       1 0.888889       1   0.700 0.750000       1       1     0.291667
    235   h0 0.944444       1       1 0.631579       1   0.855 0.720000       1       1     0.367200
    236   h0 1.000000       1       1 0.666667       1   0.900 0.750000       1       1     0.450000
    237   h0 1.000000       1       1 0.666667       1   0.900 0.750000       1       1     0.450000
    238   h0 0.590278       1       1 0.631579       1   0.630 0.880000       1       1     0.206684
    239   h0 0.625000       1       1 0.666667       1   0.700 0.916667       1       1     0.267361
    240   h0 0.625000       1       1 0.666667       1   0.700 0.916667       1       1     0.267361
    241   h0 0.944444       1       1 0.947368       1   0.630 0.880000       1       1     0.496042
    242   h0 1.000000       1       1 1.000000       1   0.700 0.916667       1       1     0.641667
    243   h0 1.000000       1       1 1.000000       1   0.700 0.916667       1       1     0.641667
    288   h0 0.590278       1       1 0.947368       1   0.760 0.720000       1       1     0.306000
    289   h0 0.625000       1       1 1.000000       1   0.800 0.750000       1       1     0.375000
    290   h0 0.625000       1       1 1.000000       1   0.800 0.750000       1       1     0.375000
    291   h0 0.625000       1       1 1.000000       1   0.800 0.750000       1       1     0.375000
    292   h0 0.944444       1       1 0.631579       1   0.665 0.880000       1       1     0.349067
    293   h0 1.000000       1       1 0.666667       1   0.700 0.916667       1       1     0.427778
    294   h0 1.000000       1       1 0.666667       1   0.700 0.916667       1       1     0.427778
    295   h0 1.000000       1       1 0.666667       1   0.700 0.916667       1       1     0.427778
    296   h0 0.000000       1       1 0.947368       1   0.950 0.240000       1       1     0.000000
    297   h0 0.583333       1       1 1.000000       1   1.000 1.000000       1       1     0.583333
    298   h0 0.750000       1       1 1.000000       1   1.000 1.000000       1       1     0.750000
    299   h0 0.750000       1       1 1.000000       1   1.000 1.000000       1       1     0.750000
    300   h0 0.486111       1       1 0.450292       1   0.455 0.400000       1       1     0.039838
    301   h0 0.875000       1       1 0.777778       1   0.700 0.750000       1       1     0.357292
    302   h0 0.875000       1       1 0.777778       1   0.700 0.750000       1       1     0.357292
    303   h0 0.875000       1       1 0.777778       1   0.700 0.750000       1       1     0.357292
    304   h0 0.631944       1       1 0.596491       1   0.665 0.536667       1       1     0.134527
    305   h0 0.875000       1       1 0.666667       1   0.700 0.750000       1       1     0.306250
    306   h0 0.875000       1       1 0.666667       1   0.700 0.750000       1       1     0.306250
    307   h0 0.875000       1       1 0.666667       1   0.700 0.750000       1       1     0.306250
    308   h0 0.541667       1       1 0.842105       1   0.900 0.543333       1       1     0.223053
    309   h0 0.750000       1       1 1.000000       1   1.000 0.750000       1       1     0.562500
    310   h0 0.750000       1       1 1.000000       1   1.000 0.750000       1       1     0.562500
    311   h0 0.750000       1       1 1.000000       1   1.000 0.750000       1       1     0.562500
    312   h0 0.722222       1       1 0.573099       1   0.645 0.623333       1       1     0.166411
    313   h0 1.000000       1       1 0.666667       1   0.700 0.916667       1       1     0.427778
    314   h0 1.000000       1       1 0.666667       1   0.700 0.916667       1       1     0.427778
    315   h0 1.000000       1       1 0.666667       1   0.700 0.916667       1       1     0.427778
    316   h0 0.208333       1       1 0.526316       1   0.495 0.550000       1       1     0.029852
    317   h0 0.625000       1       1 1.000000       1   0.900 0.916667       1       1     0.515625
    318   h0 0.625000       1       1 1.000000       1   0.900 0.916667       1       1     0.515625
    319   h0 0.625000       1       1 1.000000       1   0.900 0.916667       1       1     0.515625
    320   h0 0.944444       1       1 0.736842       1   0.855 0.643333       1       1     0.382783
    321   h0 1.000000       1       1 0.777778       1   0.900 0.750000       1       1     0.525000
    322   h0 1.000000       1       1 0.777778       1   0.900 0.750000       1       1     0.525000
    323   h0 1.000000       1       1 0.777778       1   0.900 0.750000       1       1     0.525000
    324   h0 0.590278       1       1 0.631579       1   0.665 0.720000       1       1     0.178500
    325   h0 0.625000       1       1 0.666667       1   0.700 0.750000       1       1     0.218750
    326   h0 0.625000       1       1 0.666667       1   0.700 0.750000       1       1     0.218750
    327   h0 0.625000       1       1 0.666667       1   0.700 0.750000       1       1     0.218750
    328   h0 0.944444       1       1 0.947368       1   0.950 0.720000       1       1     0.612000
    329   h0 1.000000       1       1 1.000000       1   1.000 0.750000       1       1     0.750000
    330   h0 1.000000       1       1 1.000000       1   1.000 0.750000       1       1     0.750000
    331   h0 1.000000       1       1 1.000000       1   1.000 0.750000       1       1     0.750000
    697   h1 0.888889       1       1 0.947368       1   1.000 1.000000       1       1     0.842105
    698   h1 1.000000       1       1 1.000000       1   1.000 1.000000       1       1     1.000000
    699   h1 1.000000       1       1 1.000000       1   1.000 1.000000       1       1     1.000000
    700   h1 0.555556       1       1 0.777778       1   0.700 0.750000       1       1     0.226852
    701   h1 0.625000       1       1 0.777778       1   0.700 0.750000       1       1     0.255208
    702   h1 0.625000       1       1 0.777778       1   0.700 0.750000       1       1     0.255208
    703   h1 0.888889       1       1 0.666667       1   0.900 0.750000       1       1     0.400000
    704   h1 1.000000       1       1 0.666667       1   0.900 0.750000       1       1     0.450000
    705   h1 1.000000       1       1 0.666667       1   0.900 0.750000       1       1     0.450000
    706   h1 0.576389       1       1 0.666667       1   0.700 1.000000       1       1     0.268981
    707   h1 0.625000       1       1 0.666667       1   0.740 1.000000       1       1     0.308333
    708   h1 0.625000       1       1 0.666667       1   0.800 1.000000       1       1     0.333333
    709   h1 0.888889       1       1 1.000000       1   0.800 0.916667       1       1     0.651852
    710   h1 1.000000       1       1 1.000000       1   0.760 0.916667       1       1     0.696667
    711   h1 1.000000       1       1 1.000000       1   0.700 0.916667       1       1     0.641667
    756   h1 0.555556       1       1 1.000000       1   0.900 0.750000       1       1     0.375000
    757   h1 0.625000       1       1 1.000000       1   0.900 0.750000       1       1     0.421875
    758   h1 0.625000       1       1 1.000000       1   0.900 0.750000       1       1     0.421875
    759   h1 0.625000       1       1 1.000000       1   0.900 0.750000       1       1     0.421875
    760   h1 0.888889       1       1 0.649123       1   0.700 0.916667       1       1     0.370240
    761   h1 1.000000       1       1 0.666667       1   0.700 0.916667       1       1     0.427778
    762   h1 1.000000       1       1 0.666667       1   0.700 0.916667       1       1     0.427778
    763   h1 1.000000       1       1 0.666667       1   0.700 0.916667       1       1     0.427778
    764   h1 0.000000       1       1 0.947368       1   1.000 0.256667       1       1     0.000000
    765   h1 0.486111       1       1 1.000000       1   1.000 0.916667       1       1     0.445602
    766   h1 0.625000       1       1 1.000000       1   1.000 0.916667       1       1     0.572917
    767   h1 0.625000       1       1 1.000000       1   1.000 0.916667       1       1     0.572917
    768   h1 0.555556       1       1 0.491228       1   0.490 0.430000       1       1     0.057501
    769   h1 1.000000       1       1 0.777778       1   0.700 0.750000       1       1     0.408333
    770   h1 1.000000       1       1 0.777778       1   0.700 0.750000       1       1     0.408333
    771   h1 1.000000       1       1 0.777778       1   0.700 0.750000       1       1     0.408333
    772   h1 0.500000       1       1 0.596491       1   0.695 0.573333       1       1     0.118841
    773   h1 0.750000       1       1 0.666667       1   0.700 0.750000       1       1     0.262500
    774   h1 0.750000       1       1 0.666667       1   0.700 0.750000       1       1     0.262500
    775   h1 0.750000       1       1 0.666667       1   0.700 0.750000       1       1     0.262500
    776   h1 0.583333       1       1 0.894737       1   0.950 0.573333       1       1     0.284278
    777   h1 0.875000       1       1 1.000000       1   1.000 0.750000       1       1     0.656250
    778   h1 0.875000       1       1 1.000000       1   1.000 0.750000       1       1     0.656250
    779   h1 0.875000       1       1 1.000000       1   1.000 0.750000       1       1     0.656250
    780   h1 0.583333       1       1 0.596491       1   0.680 0.660000       1       1     0.156161
    781   h1 0.875000       1       1 0.666667       1   0.700 0.916667       1       1     0.374306
    782   h1 0.875000       1       1 0.666667       1   0.700 0.916667       1       1     0.374306
    783   h1 0.875000       1       1 0.666667       1   0.700 0.916667       1       1     0.374306
    784   h1 0.208333       1       1 0.526316       1   0.480 0.586667       1       1     0.030877
    785   h1 0.750000       1       1 1.000000       1   0.800 0.916667       1       1     0.550000
    786   h1 0.750000       1       1 1.000000       1   0.800 0.916667       1       1     0.550000
    787   h1 0.750000       1       1 1.000000       1   0.800 0.916667       1       1     0.550000
    788   h1 0.888889       1       1 0.666667       1   1.000 0.673333       1       1     0.399012
    789   h1 1.000000       1       1 0.666667       1   1.000 0.750000       1       1     0.500000
    790   h1 1.000000       1       1 0.666667       1   1.000 0.750000       1       1     0.500000
    791   h1 1.000000       1       1 0.666667       1   1.000 0.750000       1       1     0.500000
    792   h1 0.555556       1       1 0.777778       1   0.700 0.750000       1       1     0.226852
    793   h1 0.625000       1       1 0.777778       1   0.700 0.750000       1       1     0.255208
    794   h1 0.625000       1       1 0.777778       1   0.700 0.750000       1       1     0.255208
    795   h1 0.625000       1       1 0.777778       1   0.700 0.750000       1       1     0.255208
    796   h1 0.944444       1       1 1.000000       1   1.000 0.750000       1       1     0.708333
    797   h1 1.000000       1       1 1.000000       1   1.000 0.750000       1       1     0.750000
    798   h1 1.000000       1       1 1.000000       1   1.000 0.750000       1       1     0.750000
    799   h1 1.000000       1       1 1.000000       1   1.000 0.750000       1       1     0.750000