 ChipID Half  Layer0   Layer1  Layer2   Layer3  Layer4  Layer5   Layer6  Layer7  Layer8  Pseaudo_Eff
    229   h0       1 0.629630       1 0.842105   0.665       1 0.960000       1       1     0.338489
    230   h0       1 0.666667       1 0.888889   0.700       1 1.000000       1       1     0.414815
    231   h0       1 0.666667       1 0.888889   0.700       1 1.000000       1       1     0.414815
    232   h0       1 0.944444       1 0.842105   0.950       1 0.720000       1       1     0.544000
    233   h0       1 1.000000       1 0.888889   1.000       1 0.750000       1       1     0.666667
    234   h0       1 1.000000       1 0.888889   1.000       1 0.750000       1       1     0.666667
    235   h0       1 0.629630       1 0.631579   0.665       1 0.720000       1       1     0.190400
    236   h0       1 0.666667       1 0.666667   0.700       1 0.750000       1       1     0.233333
    237   h0       1 0.666667       1 0.666667   0.700       1 0.750000       1       1     0.233333
    238   h0       1 0.839506       1 0.631579   0.950       1 0.880000       1       1     0.443259
    239   h0       1 0.888889       1 0.666667   1.000       1 0.916667       1       1     0.543210
    240   h0       1 0.888889       1 0.666667   1.000       1 0.916667       1       1     0.543210
    241   h0       1 0.734568       1 0.947368   0.665       1 0.880000       1       1     0.407244
    242   h0       1 0.777778       1 1.000000   0.700       1 0.916667       1       1     0.499074
    243   h0       1 0.777778       1 1.000000   0.700       1 0.916667       1       1     0.499074
    288   h0       1 0.839506       1 0.947368   0.855       1 0.720000       1       1     0.489600
    289   h0       1 0.888889       1 1.000000   0.900       1 0.750000       1       1     0.600000
    290   h0       1 0.888889       1 1.000000   0.900       1 0.750000       1       1     0.600000
    291   h0       1 0.888889       1 1.000000   0.900       1 0.750000       1       1     0.600000
    292   h0       1 0.734568       1 0.631579   0.855       1 0.880000       1       1     0.349067
    293   h0       1 0.777778       1 0.666667   0.900       1 0.916667       1       1     0.427778
    294   h0       1 0.777778       1 0.666667   0.900       1 0.916667       1       1     0.427778
    295   h0       1 0.777778       1 0.666667   0.900       1 0.916667       1       1     0.427778
    296   h0       1 0.734568       1 0.947368   0.475       1 0.240000       1       1     0.079333
    297   h0       1 0.777778       1 1.000000   0.690       1 1.000000       1       1     0.536667
    298   h0       1 0.777778       1 1.000000   0.700       1 1.000000       1       1     0.544444
    299   h0       1 0.777778       1 1.000000   0.700       1 1.000000       1       1     0.544444
    300   h0       1 0.500000       1 0.450292   0.700       1 0.400000       1       1     0.063041
    301   h0       1 1.000000       1 0.777778   1.000       1 0.750000       1       1     0.583333
    302   h0       1 1.000000       1 0.777778   1.000       1 0.750000       1       1     0.583333
    303   h0       1 1.000000       1 0.777778   1.000       1 0.750000       1       1     0.583333
    304   h0       1 0.512346       1 0.596491   0.605       1 0.536667       1       1     0.099226
    305   h0       1 0.666667       1 0.666667   0.700       1 0.750000       1       1     0.233333
    306   h0       1 0.666667       1 0.666667   0.700       1 0.750000       1       1     0.233333
    307   h0       1 0.666667       1 0.666667   0.700       1 0.750000       1       1     0.233333
    308   h0       1 0.722222       1 0.842105   0.630       1 0.543333       1       1     0.208182
    309   h0       1 1.000000       1 1.000000   0.700       1 0.750000       1       1     0.525000
    310   h0       1 1.000000       1 1.000000   0.700       1 0.750000       1       1     0.525000
    311   h0       1 1.000000       1 1.000000   0.700       1 0.750000       1       1     0.525000
    312   h0       1 0.469136       1 0.573099   0.900       1 0.623333       1       1     0.150831
    313   h0       1 0.666667       1 0.666667   1.000       1 0.916667       1       1     0.407407
    314   h0       1 0.666667       1 0.666667   1.000       1 0.916667       1       1     0.407407
    315   h0       1 0.666667       1 0.666667   1.000       1 0.916667       1       1     0.407407
    316   h0       1 0.444444       1 0.526316   0.550       1 0.550000       1       1     0.070760
    317   h0       1 1.000000       1 1.000000   0.700       1 0.916667       1       1     0.641667
    318   h0       1 1.000000       1 1.000000   0.700       1 0.916667       1       1     0.641667
    319   h0       1 1.000000       1 1.000000   0.700       1 0.916667       1       1     0.641667
    320   h0       1 0.419753       1 0.736842   0.950       1 0.643333       1       1     0.189029
    321   h0       1 0.617284       1 0.777778   1.000       1 0.750000       1       1     0.360082
    322   h0       1 0.666667       1 0.777778   1.000       1 0.750000       1       1     0.388889
    323   h0       1 0.666667       1 0.777778   1.000       1 0.750000       1       1     0.388889
    324   h0       1 0.944444       1 0.631579   0.760       1 0.720000       1       1     0.326400
    325   h0       1 1.000000       1 0.666667   0.800       1 0.750000       1       1     0.400000
    326   h0       1 1.000000       1 0.666667   0.800       1 0.750000       1       1     0.400000
    327   h0       1 1.000000       1 0.666667   0.800       1 0.750000       1       1     0.400000
    328   h0       1 0.629630       1 0.947368   0.665       1 0.720000       1       1     0.285600
    329   h0       1 0.666667       1 1.000000   0.700       1 0.750000       1       1     0.350000
    330   h0       1 0.666667       1 1.000000   0.700       1 0.750000       1       1     0.350000
    331   h0       1 0.666667       1 1.000000   0.700       1 0.750000       1       1     0.350000
    697   h1       1 0.592593       1 0.947368   0.665       1 1.000000       1       1     0.373333
    698   h1       1 0.666667       1 1.000000   0.700       1 1.000000       1       1     0.466667
    699   h1       1 0.666667       1 1.000000   0.700       1 1.000000       1       1     0.466667
    700   h1       1 0.888889       1 0.777778   0.950       1 0.750000       1       1     0.492593
    701   h1       1 1.000000       1 0.777778   1.000       1 0.750000       1       1     0.583333
    702   h1       1 1.000000       1 0.777778   1.000       1 0.750000       1       1     0.583333
    703   h1       1 0.592593       1 0.666667   0.665       1 0.750000       1       1     0.197037
    704   h1       1 0.666667       1 0.666667   0.700       1 0.750000       1       1     0.233333
    705   h1       1 0.666667       1 0.666667   0.700       1 0.750000       1       1     0.233333
    706   h1       1 0.790123       1 0.666667   1.000       1 1.000000       1       1     0.526749
    707   h1       1 0.888889       1 0.666667   1.000       1 1.000000       1       1     0.592593
    708   h1       1 0.888889       1 0.666667   1.000       1 1.000000       1       1     0.592593
    709   h1       1 0.691358       1 1.000000   0.665       1 0.916667       1       1     0.421440
    710   h1       1 0.777778       1 1.000000   0.700       1 0.916667       1       1     0.499074
    711   h1       1 0.777778       1 1.000000   0.700       1 0.916667       1       1     0.499074
    756   h1       1 0.888889       1 1.000000   0.855       1 0.750000       1       1     0.570000
    757   h1       1 1.000000       1 1.000000   0.900       1 0.750000       1       1     0.675000
    758   h1       1 1.000000       1 1.000000   0.900       1 0.750000       1       1     0.675000
    759   h1       1 1.000000       1 1.000000   0.900       1 0.750000       1       1     0.675000
    760   h1       1 0.691358       1 0.649123   0.855       1 0.916667       1       1     0.351728
    761   h1       1 0.777778       1 0.666667   0.900       1 0.916667       1       1     0.427778
    762   h1       1 0.777778       1 0.666667   0.900       1 0.916667       1       1     0.427778
    763   h1       1 0.777778       1 0.666667   0.900       1 0.916667       1       1     0.427778
    764   h1       1 0.691358       1 0.947368   0.475       1 0.256667       1       1     0.079852
    765   h1       1 0.777778       1 1.000000   0.690       1 0.916667       1       1     0.491944
    766   h1       1 0.777778       1 1.000000   0.700       1 0.916667       1       1     0.499074
    767   h1       1 0.777778       1 1.000000   0.700       1 0.916667       1       1     0.499074
    768   h1       1 0.444444       1 0.491228   0.750       1 0.430000       1       1     0.070409
    769   h1       1 0.888889       1 0.777778   1.000       1 0.750000       1       1     0.518519
    770   h1       1 0.888889       1 0.777778   1.000       1 0.750000       1       1     0.518519
    771   h1       1 0.888889       1 0.777778   1.000       1 0.750000       1       1     0.518519
    772   h1       1 0.481481       1 0.596491   0.640       1 0.573333       1       1     0.105383
    773   h1       1 0.666667       1 0.666667   0.700       1 0.750000       1       1     0.233333
    774   h1       1 0.666667       1 0.666667   0.700       1 0.750000       1       1     0.233333
    775   h1       1 0.666667       1 0.666667   0.700       1 0.750000       1       1     0.233333
    776   h1       1 0.777778       1 0.894737   0.630       1 0.573333       1       1     0.251361
    777   h1       1 1.000000       1 1.000000   0.700       1 0.750000       1       1     0.525000
    778   h1       1 1.000000       1 1.000000   0.700       1 0.750000       1       1     0.525000
    779   h1       1 1.000000       1 1.000000   0.700       1 0.750000       1       1     0.525000
    780   h1       1 0.506173       1 0.596491   0.900       1 0.660000       1       1     0.179345
    781   h1       1 0.666667       1 0.666667   1.000       1 0.916667       1       1     0.407407
    782   h1       1 0.666667       1 0.666667   1.000       1 0.916667       1       1     0.407407
    783   h1       1 0.666667       1 0.666667   1.000       1 0.916667       1       1     0.407407
    784   h1       1 0.444444       1 0.526316   0.565       1 0.586667       1       1     0.077536
    785   h1       1 1.000000       1 1.000000   0.700       1 0.916667       1       1     0.641667
    786   h1       1 1.000000       1 1.000000   0.700       1 0.916667       1       1     0.641667
    787   h1       1 1.000000       1 1.000000   0.700       1 0.916667       1       1     0.641667
    788   h1       1 0.395062       1 0.666667   0.950       1 0.673333       1       1     0.168472
    789   h1       1 0.629630       1 0.666667   1.000       1 0.750000       1       1     0.314815
    790   h1       1 0.666667       1 0.666667   1.000       1 0.750000       1       1     0.333333
    791   h1       1 0.666667       1 0.666667   1.000       1 0.750000       1       1     0.333333
    792   h1       1 0.888889       1 0.777778   0.760       1 0.750000       1       1     0.394074
    793   h1       1 1.000000       1 0.777778   0.800       1 0.750000       1       1     0.466667
    794   h1       1 1.000000       1 0.777778   0.800       1 0.750000       1       1     0.466667
    795   h1       1 1.000000       1 0.777778   0.800       1 0.750000       1       1     0.466667
    796   h1       1 0.592593       1 1.000000   0.665       1 0.750000       1       1     0.295556
    797   h1       1 0.666667       1 1.000000   0.700       1 0.750000       1       1     0.350000
    798   h1       1 0.666667       1 1.000000   0.700       1 0.750000       1       1     0.350000
    799   h1       1 0.666667       1 1.000000   0.700       1 0.750000       1       1     0.350000