 ChipID Half  Layer0   Layer1  Layer2   Layer3  Layer4   Layer5  Layer6  Layer7   Layer8  Pseaudo_Eff
    344   h0       1 0.937500       1 0.629630       1 0.631579       1       1 0.641026     0.238979
    345   h0       1 1.000000       1 0.666667       1 0.666667       1       1 0.666667     0.296296
    346   h0       1 1.000000       1 0.666667       1 0.666667       1       1 0.714744     0.317664
    347   h0       1 0.585938       1 0.944444       1 0.947368       1       1 0.801282     0.420080
    348   h0       1 0.625000       1 1.000000       1 1.000000       1       1 0.833333     0.520833
    349   h0       1 0.625000       1 1.000000       1 1.000000       1       1 0.788462     0.492788
    350   h0       1 0.585938       1 0.629630       1 0.894737       1       1 0.961538     0.317394
    351   h0       1 0.625000       1 0.666667       1 1.000000       1       1 1.000000     0.416667
    352   h0       1 0.625000       1 0.666667       1 1.000000       1       1 1.000000     0.416667
    353   h0       1 0.937500       1 0.734568       1 0.596491       1       1 0.801282     0.329149
    354   h0       1 1.000000       1 0.777778       1 0.666667       1       1 0.833333     0.432099
    355   h0       1 1.000000       1 0.777778       1 0.666667       1       1 0.833333     0.432099
    392   h0       1 0.937500       1 0.629630       1 0.631579       1       1 0.721154     0.268851
    393   h0       1 1.000000       1 0.666667       1 0.666667       1       1 0.750000     0.333333
    394   h0       1 1.000000       1 0.666667       1 0.666667       1       1 0.750000     0.333333
    395   h0       1 1.000000       1 0.666667       1 0.666667       1       1 0.750000     0.333333
    396   h0       1 0.585938       1 0.839506       1 0.947368       1       1 0.721154     0.336064
    397   h0       1 0.625000       1 0.888889       1 1.000000       1       1 0.750000     0.416667
    398   h0       1 0.625000       1 0.888889       1 1.000000       1       1 0.750000     0.416667
    399   h0       1 0.625000       1 0.888889       1 1.000000       1       1 0.750000     0.416667
    400   h0       1 0.562500       1 0.666667       1 0.654971       1       1 0.435897     0.107063
    401   h0       1 1.000000       1 1.000000       1 0.888889       1       1 0.750000     0.666667
    402   h0       1 1.000000       1 1.000000       1 0.888889       1       1 0.750000     0.666667
    403   h0       1 1.000000       1 1.000000       1 0.888889       1       1 0.750000     0.666667
    404   h0       1 0.460938       1 0.586420       1 0.625731       1       1 0.544872     0.092158
    405   h0       1 0.625000       1 0.666667       1 0.666667       1       1 0.750000     0.208333
    406   h0       1 0.625000       1 0.666667       1 0.666667       1       1 0.750000     0.208333
    407   h0       1 0.625000       1 0.666667       1 0.666667       1       1 0.750000     0.208333
    408   h0       1 0.750000       1 0.833333       1 0.947368       1       1 0.554487     0.328315
    409   h0       1 1.000000       1 1.000000       1 1.000000       1       1 0.750000     0.750000
    410   h0       1 1.000000       1 1.000000       1 1.000000       1       1 0.750000     0.750000
    411   h0       1 1.000000       1 1.000000       1 1.000000       1       1 0.750000     0.750000
    412   h0       1 0.445312       1 0.580247       1 0.631579       1       1 0.608974     0.099381
    413   h0       1 0.625000       1 0.666667       1 0.666667       1       1 0.833333     0.231481
    414   h0       1 0.625000       1 0.666667       1 0.666667       1       1 0.833333     0.231481
    415   h0       1 0.625000       1 0.666667       1 0.666667       1       1 0.833333     0.231481
    416   h0       1 0.500000       1 0.611111       1 0.684211       1       1 0.653846     0.136696
    417   h0       1 1.000000       1 1.000000       1 1.000000       1       1 1.000000     1.000000
    418   h0       1 1.000000       1 1.000000       1 1.000000       1       1 1.000000     1.000000
    419   h0       1 1.000000       1 1.000000       1 1.000000       1       1 1.000000     1.000000
    420   h0       1 0.585938       1 0.629630       1 0.842105       1       1 0.721154     0.224043
    421   h0       1 0.625000       1 0.666667       1 0.888889       1       1 0.750000     0.277778
    422   h0       1 0.625000       1 0.666667       1 0.888889       1       1 0.750000     0.277778
    423   h0       1 0.625000       1 0.666667       1 0.888889       1       1 0.750000     0.277778
    424   h0       1 0.937500       1 0.944444       1 0.625731       1       1 0.801282     0.443936
    425   h0       1 1.000000       1 1.000000       1 0.666667       1       1 0.833333     0.555556
    426   h0       1 1.000000       1 1.000000       1 0.666667       1       1 0.750000     0.500000
    427   h0       1 1.000000       1 1.000000       1 0.666667       1       1 0.782051     0.521368
    448   h0       1 0.937500       1 0.734568       1 0.631579       1       1 0.961538     0.418213
    449   h0       1 1.000000       1 0.777778       1 0.666667       1       1 1.000000     0.518519
    450   h0       1 1.000000       1 0.777778       1 0.666667       1       1 1.000000     0.518519
    451   h0       1 1.000000       1 0.777778       1 0.666667       1       1 1.000000     0.518519
    452   h0       1 1.000000       1 0.777778       1 0.666667       1       1 1.000000     0.518519
    453   h0       1 0.468750       1 0.629630       1 0.842105       1       1 0.035256     0.008763
    454   h0       1 0.578125       1 0.666667       1 0.888889       1       1 0.916667     0.314043
    455   h0       1 0.625000       1 0.666667       1 0.888889       1       1 0.916667     0.339506
    456   h0       1 0.625000       1 0.666667       1 0.888889       1       1 0.916667     0.339506
    457   h0       1 0.625000       1 0.666667       1 0.888889       1       1 0.916667     0.339506
    458   h0       1 0.117188       1 0.419753       1 0.631579       1       1 0.801282     0.024894
    459   h0       1 0.468750       1 0.617284       1 0.666667       1       1 0.833333     0.160751
    460   h0       1 0.625000       1 0.666667       1 0.666667       1       1 0.833333     0.231481
    461   h0       1 0.625000       1 0.666667       1 0.666667       1       1 0.833333     0.231481
    462   h0       1 0.625000       1 0.666667       1 0.666667       1       1 0.833333     0.231481
    463   h0       1 0.937500       1 0.944444       1 0.842105       1       1 0.641026     0.477958
    464   h0       1 1.000000       1 1.000000       1 0.888889       1       1 0.666667     0.592593
    465   h0       1 1.000000       1 1.000000       1 0.888889       1       1 0.666667     0.592593
    466   h0       1 1.000000       1 1.000000       1 0.888889       1       1 0.666667     0.592593
    467   h0       1 1.000000       1 1.000000       1 0.888889       1       1 0.676282     0.601140
    812   h1       1 0.937500       1 0.623457       1 0.631579       1       1 0.750000     0.276864
    813   h1       1 1.000000       1 0.666667       1 0.666667       1       1 0.750000     0.333333
    814   h1       1 1.000000       1 0.666667       1 0.666667       1       1 0.750000     0.333333
    815   h1       1 0.585938       1 0.944444       1 0.947368       1       1 0.750000     0.393195
    816   h1       1 0.625000       1 1.000000       1 1.000000       1       1 0.750000     0.468750
    817   h1       1 0.625000       1 1.000000       1 1.000000       1       1 0.750000     0.468750
    818   h1       1 0.585938       1 0.629630       1 0.947368       1       1 1.000000     0.349507
    819   h1       1 0.625000       1 0.666667       1 1.000000       1       1 1.000000     0.416667
    820   h1       1 0.625000       1 0.666667       1 1.000000       1       1 1.000000     0.416667
    821   h1       1 0.937500       1 0.839506       1 0.736842       1       1 0.833333     0.483268
    822   h1       1 1.000000       1 0.777778       1 0.754386       1       1 0.833333     0.488954
    823   h1       1 1.000000       1 0.777778       1 0.666667       1       1 0.833333     0.432099
    860   h1       1 0.937500       1 0.629630       1 0.631579       1       1 0.750000     0.279605
    861   h1       1 1.000000       1 0.666667       1 0.666667       1       1 0.750000     0.333333
    862   h1       1 1.000000       1 0.666667       1 0.666667       1       1 0.750000     0.333333
    863   h1       1 1.000000       1 0.666667       1 0.666667       1       1 0.750000     0.333333
    864   h1       1 0.585938       1 0.839506       1 0.947368       1       1 0.833333     0.388341
    865   h1       1 0.625000       1 0.888889       1 1.000000       1       1 0.833333     0.462963
    866   h1       1 0.625000       1 0.888889       1 1.000000       1       1 0.833333     0.462963
    867   h1       1 0.625000       1 0.888889       1 1.000000       1       1 0.833333     0.462963
    868   h1       1 0.562500       1 0.666667       1 0.654971       1       1 0.474359     0.116509
    869   h1       1 1.000000       1 1.000000       1 0.888889       1       1 0.750000     0.666667
    870   h1       1 1.000000       1 1.000000       1 0.888889       1       1 0.750000     0.666667
    871   h1       1 1.000000       1 1.000000       1 0.888889       1       1 0.750000     0.666667
    872   h1       1 0.468750       1 0.586420       1 0.625731       1       1 0.564103     0.097028
    873   h1       1 0.625000       1 0.666667       1 0.666667       1       1 0.750000     0.208333
    874   h1       1 0.625000       1 0.666667       1 0.666667       1       1 0.750000     0.208333
    875   h1       1 0.625000       1 0.666667       1 0.666667       1       1 0.750000     0.208333
    876   h1       1 0.812500       1 0.888889       1 0.947368       1       1 0.576923     0.394737
    877   h1       1 1.000000       1 1.000000       1 1.000000       1       1 0.750000     0.750000
    878   h1       1 1.000000       1 1.000000       1 1.000000       1       1 0.750000     0.750000
    879   h1       1 1.000000       1 1.000000       1 1.000000       1       1 0.750000     0.750000
    880   h1       1 0.484375       1 0.580247       1 0.643275       1       1 0.634615     0.114737
    881   h1       1 0.625000       1 0.666667       1 0.666667       1       1 0.916667     0.254630
    882   h1       1 0.625000       1 0.666667       1 0.666667       1       1 0.916667     0.254630
    883   h1       1 0.625000       1 0.666667       1 0.666667       1       1 0.916667     0.254630
    884   h1       1 0.562500       1 0.611111       1 0.684211       1       1 0.692308     0.162829
    885   h1       1 1.000000       1 1.000000       1 1.000000       1       1 1.000000     1.000000
    886   h1       1 1.000000       1 1.000000       1 1.000000       1       1 1.000000     1.000000
    887   h1       1 1.000000       1 1.000000       1 1.000000       1       1 1.000000     1.000000
    888   h1       1 0.585938       1 0.629630       1 0.947368       1       1 0.750000     0.262130
    889   h1       1 0.625000       1 0.666667       1 1.000000       1       1 0.750000     0.312500
    890   h1       1 0.625000       1 0.666667       1 1.000000       1       1 0.801282     0.333868
    891   h1       1 0.625000       1 0.666667       1 1.000000       1       1 0.804487     0.335203
    892   h1       1 0.937500       1 0.944444       1 0.526316       1       1 0.833333     0.388341
    893   h1       1 1.000000       1 1.000000       1 0.578947       1       1 0.833333     0.482456
    894   h1       1 1.000000       1 1.000000       1 0.666667       1       1 0.785256     0.523504
    895   h1       1 1.000000       1 1.000000       1 0.619883       1       1 0.750000     0.464912
    916   h1       1 0.937500       1 0.691358       1 0.631579       1       1 1.000000     0.409357
    917   h1       1 1.000000       1 0.777778       1 0.666667       1       1 1.000000     0.518519
    918   h1       1 1.000000       1 0.777778       1 0.666667       1       1 1.000000     0.518519
    919   h1       1 1.000000       1 0.777778       1 0.666667       1       1 1.000000     0.518519
    920   h1       1 1.000000       1 0.777778       1 0.666667       1       1 1.000000     0.518519
    921   h1       1 0.468750       1 0.691358       1 0.736842       1       1 0.064103     0.015307
    922   h1       1 0.578125       1 0.777778       1 0.777778       1       1 0.833333     0.291442
    923   h1       1 0.625000       1 0.777778       1 0.777778       1       1 0.833333     0.315072
    924   h1       1 0.625000       1 0.777778       1 0.777778       1       1 0.833333     0.315072
    925   h1       1 0.625000       1 0.777778       1 0.777778       1       1 0.833333     0.315072
    926   h1       1 0.000000       1 0.419753       1 0.631579       1       1 0.750000     0.000000
    927   h1       1 0.500000       1 0.617284       1 0.666667       1       1 0.750000     0.154321
    928   h1       1 0.625000       1 0.666667       1 0.666667       1       1 0.750000     0.208333
    929   h1       1 0.625000       1 0.666667       1 0.666667       1       1 0.750000     0.208333
    930   h1       1 0.625000       1 0.666667       1 0.666667       1       1 0.750000     0.208333
    931   h1       1 0.937500       1 0.944444       1 0.736842       1       1 0.666667     0.434942
    932   h1       1 1.000000       1 1.000000       1 0.777778       1       1 0.666667     0.518519
    933   h1       1 1.000000       1 1.000000       1 0.777778       1       1 0.666667     0.518519
    934   h1       1 1.000000       1 1.000000       1 0.777778       1       1 0.695513     0.540954
    935   h1       1 1.000000       1 1.000000       1 0.777778       1       1 0.750000     0.583333