 ChipID Half  Layer0   Layer1  Layer2   Layer3   Layer4   Layer5  Layer6  Layer7  Layer8  Pseaudo_Eff
    332   h0       1 0.705882       1 0.629630 0.631579 0.947368       1       1       1     0.265928
    333   h0       1 0.750000       1 0.666667 0.666667 1.000000       1       1       1     0.333333
    334   h0       1 0.750000       1 0.666667 0.666667 1.000000       1       1       1     0.333333
    335   h0       1 0.823529       1 0.944444 0.947368 0.631579       1       1       1     0.465374
    336   h0       1 0.875000       1 1.000000 1.000000 0.666667       1       1       1     0.583333
    337   h0       1 0.875000       1 1.000000 1.000000 0.666667       1       1       1     0.583333
    338   h0       1 0.705882       1 0.629630 0.947368 0.894737       1       1       1     0.376731
    339   h0       1 0.750000       1 0.666667 1.000000 1.000000       1       1       1     0.500000
    340   h0       1 0.750000       1 0.666667 1.000000 1.000000       1       1       1     0.500000
    341   h0       1 0.941176       1 0.944444 0.631579 0.596491       1       1       1     0.334872
    342   h0       1 1.000000       1 1.000000 0.666667 0.666667       1       1       1     0.444444
    343   h0       1 1.000000       1 1.000000 0.666667 0.666667       1       1       1     0.444444
    356   h0       1 0.705882       1 0.629630 0.631579 0.736842       1       1       1     0.206833
    357   h0       1 0.750000       1 0.666667 0.666667 0.777778       1       1       1     0.259259
    358   h0       1 0.750000       1 0.666667 0.666667 0.777778       1       1       1     0.259259
    359   h0       1 0.750000       1 0.666667 0.666667 0.777778       1       1       1     0.259259
    360   h0       1 0.823529       1 0.944444 0.736842 0.947368       1       1       1     0.542936
    361   h0       1 0.875000       1 1.000000 0.777778 1.000000       1       1       1     0.680556
    362   h0       1 0.875000       1 1.000000 0.777778 1.000000       1       1       1     0.680556
    363   h0       1 0.875000       1 1.000000 0.777778 1.000000       1       1       1     0.680556
    364   h0       1 0.411765       1 0.419753 0.684211 0.502924       1       1       1     0.059475
    365   h0       1 0.875000       1 0.666667 1.000000 0.666667       1       1       1     0.388889
    366   h0       1 0.875000       1 0.666667 1.000000 0.666667       1       1       1     0.388889
    367   h0       1 0.875000       1 0.666667 1.000000 0.666667       1       1       1     0.388889
    368   h0       1 0.669118       1 0.790123 0.619883 0.947368       1       1       1     0.310475
    369   h0       1 0.875000       1 0.888889 0.666667 1.000000       1       1       1     0.518519
    370   h0       1 0.875000       1 0.888889 0.666667 1.000000       1       1       1     0.518519
    371   h0       1 0.875000       1 0.888889 0.666667 1.000000       1       1       1     0.518519
    372   h0       1 0.669118       1 0.691358 0.894737 0.736842       1       1       1     0.304983
    373   h0       1 0.875000       1 0.777778 1.000000 0.777778       1       1       1     0.529321
    374   h0       1 0.875000       1 0.777778 1.000000 0.777778       1       1       1     0.529321
    375   h0       1 0.875000       1 0.777778 1.000000 0.777778       1       1       1     0.529321
    376   h0       1 0.573529       1 0.648148 0.631579 0.631579       1       1       1     0.148281
    377   h0       1 0.750000       1 0.777778 0.666667 0.666667       1       1       1     0.259259
    378   h0       1 0.750000       1 0.777778 0.666667 0.666667       1       1       1     0.259259
    379   h0       1 0.750000       1 0.777778 0.666667 0.666667       1       1       1     0.259259
    380   h0       1 0.566176       1 0.722222 0.573099 0.789474       1       1       1     0.185008
    381   h0       1 0.875000       1 1.000000 0.777778 1.000000       1       1       1     0.680556
    382   h0       1 0.875000       1 1.000000 0.777778 1.000000       1       1       1     0.680556
    383   h0       1 0.875000       1 1.000000 0.777778 1.000000       1       1       1     0.680556
    384   h0       1 0.705882       1 0.629630 0.947368 0.631579       1       1       1     0.265928
    385   h0       1 0.750000       1 0.666667 1.000000 0.666667       1       1       1     0.333333
    386   h0       1 0.750000       1 0.666667 1.000000 0.666667       1       1       1     0.333333
    387   h0       1 0.750000       1 0.666667 1.000000 0.666667       1       1       1     0.333333
    388   h0       1 0.941176       1 0.944444 0.631579 0.736842       1       1       1     0.413666
    389   h0       1 1.000000       1 1.000000 0.666667 0.777778       1       1       1     0.518519
    390   h0       1 1.000000       1 1.000000 0.666667 0.777778       1       1       1     0.518519
    391   h0       1 0.875000       1 1.000000 0.666667 0.777778       1       1       1     0.453704
    428   h0       1 0.823529       1 0.629630 0.842105 0.631579       1       1       1     0.275777
    429   h0       1 0.875000       1 0.666667 0.888889 0.666667       1       1       1     0.345679
    430   h0       1 0.875000       1 0.666667 0.888889 0.666667       1       1       1     0.345679
    431   h0       1 0.875000       1 0.666667 0.888889 0.666667       1       1       1     0.345679
    432   h0       1 0.875000       1 0.666667 0.888889 0.666667       1       1       1     0.345679
    433   h0       1 0.823529       1 0.944444 0.526316 0.947368       1       1       1     0.387812
    434   h0       1 0.875000       1 1.000000 0.649123 1.000000       1       1       1     0.567982
    435   h0       1 0.875000       1 1.000000 0.666667 1.000000       1       1       1     0.583333
    436   h0       1 0.875000       1 1.000000 0.666667 1.000000       1       1       1     0.583333
    437   h0       1 0.875000       1 1.000000 0.666667 1.000000       1       1       1     0.583333
    438   h0       1 0.000000       1 0.104938 0.842105 0.315789       1       1       1     0.000000
    439   h0       1 0.529412       1 0.543210 0.888889 0.614035       1       1       1     0.156965
    440   h0       1 0.750000       1 0.666667 0.888889 0.666667       1       1       1     0.296296
    441   h0       1 0.750000       1 0.666667 0.888889 0.666667       1       1       1     0.296296
    442   h0       1 0.750000       1 0.666667 0.888889 0.666667       1       1       1     0.296296
    443   h0       1 0.823529       1 0.944444 0.631579 0.947368       1       1       1     0.465374
    444   h0       1 0.875000       1 1.000000 0.666667 1.000000       1       1       1     0.583333
    445   h0       1 0.875000       1 1.000000 0.666667 1.000000       1       1       1     0.583333
    446   h0       1 0.875000       1 1.000000 0.666667 1.000000       1       1       1     0.583333
    447   h0       1 0.875000       1 1.000000 0.666667 1.000000       1       1       1     0.583333
    800   h1       1 0.661765       1 0.592593 0.631579 0.947368       1       1       1     0.234642
    801   h1       1 0.750000       1 0.666667 0.666667 1.000000       1       1       1     0.333333
    802   h1       1 0.750000       1 0.666667 0.666667 1.000000       1       1       1     0.333333
    803   h1       1 0.882353       1 0.944444 0.947368 0.631579       1       1       1     0.498615
    804   h1       1 1.000000       1 1.000000 1.000000 0.666667       1       1       1     0.666667
    805   h1       1 1.000000       1 1.000000 1.000000 0.666667       1       1       1     0.666667
    806   h1       1 0.661765       1 0.629630 0.947368 0.842105       1       1       1     0.332410
    807   h1       1 0.750000       1 0.666667 1.000000 0.918129       1       1       1     0.459064
    808   h1       1 0.750000       1 0.666667 1.000000 1.000000       1       1       1     0.500000
    809   h1       1 0.772059       1 0.944444 0.631579 0.736842       1       1       1     0.339335
    810   h1       1 0.875000       1 1.000000 0.666667 0.748538       1       1       1     0.436647
    811   h1       1 0.875000       1 1.000000 0.666667 0.666667       1       1       1     0.388889
    824   h1       1 0.661765       1 0.629630 0.631579 0.736842       1       1       1     0.193906
    825   h1       1 0.750000       1 0.666667 0.666667 0.777778       1       1       1     0.259259
    826   h1       1 0.750000       1 0.666667 0.666667 0.777778       1       1       1     0.259259
    827   h1       1 0.750000       1 0.666667 0.666667 0.777778       1       1       1     0.259259
    828   h1       1 0.772059       1 0.944444 0.842105 0.947368       1       1       1     0.581717
    829   h1       1 1.000000       1 1.000000 0.888889 1.000000       1       1       1     0.888889
    830   h1       1 1.000000       1 1.000000 0.888889 1.000000       1       1       1     0.888889
    831   h1       1 1.000000       1 1.000000 0.888889 1.000000       1       1       1     0.888889
    832   h1       1 0.308824       1 0.450617 0.684211 0.461988       1       1       1     0.043988
    833   h1       1 0.750000       1 0.666667 1.000000 0.666667       1       1       1     0.333333
    834   h1       1 0.750000       1 0.666667 1.000000 0.666667       1       1       1     0.333333
    835   h1       1 0.750000       1 0.666667 1.000000 0.666667       1       1       1     0.333333
    836   h1       1 0.617647       1 0.790123 0.631579 0.842105       1       1       1     0.259555
    837   h1       1 0.875000       1 0.888889 0.666667 0.888889       1       1       1     0.460905
    838   h1       1 0.875000       1 0.888889 0.666667 0.888889       1       1       1     0.460905
    839   h1       1 0.875000       1 0.888889 0.666667 0.888889       1       1       1     0.460905
    840   h1       1 0.573529       1 0.691358 0.947368 0.842105       1       1       1     0.316333
    841   h1       1 0.750000       1 0.777778 1.000000 0.888889       1       1       1     0.518519
    842   h1       1 0.750000       1 0.777778 1.000000 0.888889       1       1       1     0.518519
    843   h1       1 0.750000       1 0.777778 1.000000 0.888889       1       1       1     0.518519
    844   h1       1 0.669118       1 0.691358 0.631579 0.637427       1       1       1     0.186236
    845   h1       1 0.875000       1 0.777778 0.666667 0.666667       1       1       1     0.302469
    846   h1       1 0.875000       1 0.777778 0.666667 0.666667       1       1       1     0.302469
    847   h1       1 0.875000       1 0.777778 0.666667 0.666667       1       1       1     0.302469
    848   h1       1 0.566176       1 0.777778 0.654971 0.842105       1       1       1     0.242882
    849   h1       1 0.875000       1 1.000000 0.888889 1.000000       1       1       1     0.777778
    850   h1       1 0.875000       1 1.000000 0.888889 1.000000       1       1       1     0.777778
    851   h1       1 0.875000       1 1.000000 0.888889 1.000000       1       1       1     0.777778
    852   h1       1 0.772059       1 0.629630 0.947368 0.631579       1       1       1     0.290859
    853   h1       1 0.875000       1 0.666667 1.000000 0.666667       1       1       1     0.388889
    854   h1       1 0.875000       1 0.666667 1.000000 0.666667       1       1       1     0.388889
    855   h1       1 0.875000       1 0.666667 1.000000 0.666667       1       1       1     0.388889
    856   h1       1 0.772059       1 0.944444 0.631579 0.736842       1       1       1     0.339335
    857   h1       1 0.875000       1 1.000000 0.666667 0.777778       1       1       1     0.453704
    858   h1       1 0.875000       1 1.000000 0.666667 0.777778       1       1       1     0.453704
    859   h1       1 0.875000       1 1.000000 0.666667 0.777778       1       1       1     0.453704
    896   h1       1 0.661765       1 0.604938 0.842105 0.631579       1       1       1     0.212916
    897   h1       1 0.750000       1 0.666667 0.888889 0.666667       1       1       1     0.296296
    898   h1       1 0.750000       1 0.666667 0.888889 0.666667       1       1       1     0.296296
    899   h1       1 0.750000       1 0.666667 0.888889 0.666667       1       1       1     0.296296
    900   h1       1 0.750000       1 0.666667 0.888889 0.666667       1       1       1     0.296296
    901   h1       1 0.772059       1 0.888889 0.526316 0.947368       1       1       1     0.342187
    902   h1       1 0.875000       1 1.000000 0.649123 1.000000       1       1       1     0.567982
    903   h1       1 0.875000       1 1.000000 0.666667 1.000000       1       1       1     0.583333
    904   h1       1 0.875000       1 1.000000 0.666667 1.000000       1       1       1     0.583333
    905   h1       1 0.875000       1 1.000000 0.666667 1.000000       1       1       1     0.583333
    906   h1       1 0.000000       1 0.104938 0.842105 0.315789       1       1       1     0.000000
    907   h1       1 0.617647       1 0.574074 0.888889 0.631579       1       1       1     0.199060
    908   h1       1 0.875000       1 0.666667 0.888889 0.666667       1       1       1     0.345679
    909   h1       1 0.875000       1 0.666667 0.888889 0.666667       1       1       1     0.345679
    910   h1       1 0.875000       1 0.666667 0.888889 0.666667       1       1       1     0.345679
    911   h1       1 0.772059       1 0.944444 0.631579 0.947368       1       1       1     0.436288
    912   h1       1 0.875000       1 1.000000 0.666667 1.000000       1       1       1     0.583333
    913   h1       1 0.875000       1 1.000000 0.666667 1.000000       1       1       1     0.583333
    914   h1       1 0.875000       1 1.000000 0.666667 1.000000       1       1       1     0.583333
    915   h1       1 0.875000       1 1.000000 0.666667 1.000000       1       1       1     0.583333