 ChipID Half   Layer0  Layer1   Layer2  Layer3   Layer4  Layer5   Layer6  Layer7  Layer8  Pseaudo_Eff
    332   h0 0.937500       1 0.941176       1 0.631579       1 0.784091       1       1     0.436955
    333   h0 1.000000       1 1.000000       1 0.666667       1 0.818182       1       1     0.545455
    334   h0 1.000000       1 1.000000       1 0.666667       1 0.818182       1       1     0.545455
    335   h0 0.585938       1 0.588235       1 0.947368       1 0.958333       1       1     0.312923
    336   h0 0.625000       1 0.625000       1 1.000000       1 1.000000       1       1     0.390625
    337   h0 0.625000       1 0.625000       1 1.000000       1 1.000000       1       1     0.390625
    338   h0 0.585938       1 0.941176       1 0.947368       1 0.696970       1       1     0.364129
    339   h0 0.625000       1 1.000000       1 1.000000       1 0.727273       1       1     0.454545
    340   h0 0.625000       1 1.000000       1 1.000000       1 0.818182       1       1     0.511364
    341   h0 0.937500       1 0.588235       1 0.631579       1 0.958333       1       1     0.333785
    342   h0 1.000000       1 0.625000       1 0.666667       1 1.000000       1       1     0.416667
    343   h0 1.000000       1 0.625000       1 0.666667       1 1.000000       1       1     0.416667
    356   h0 0.937500       1 0.941176       1 0.631579       1 0.696970       1       1     0.388404
    357   h0 1.000000       1 1.000000       1 0.666667       1 0.727273       1       1     0.484848
    358   h0 1.000000       1 1.000000       1 0.666667       1 0.727273       1       1     0.484848
    359   h0 1.000000       1 1.000000       1 0.666667       1 0.727273       1       1     0.484848
    360   h0 0.585938       1 0.588235       1 0.736842       1 0.696970       1       1     0.177007
    361   h0 0.625000       1 0.625000       1 0.777778       1 0.727273       1       1     0.220960
    362   h0 0.625000       1 0.625000       1 0.777778       1 0.727273       1       1     0.220960
    363   h0 0.625000       1 0.625000       1 0.777778       1 0.727273       1       1     0.220960
    364   h0 0.500000       1 0.588235       1 0.684211       1 0.424242       1       1     0.085374
    365   h0 1.000000       1 1.000000       1 1.000000       1 0.727273       1       1     0.727273
    366   h0 1.000000       1 1.000000       1 1.000000       1 0.727273       1       1     0.727273
    367   h0 1.000000       1 1.000000       1 1.000000       1 0.727273       1       1     0.727273
    368   h0 0.429688       1 0.492647       1 0.619883       1 0.537879       1       1     0.070580
    369   h0 0.625000       1 0.625000       1 0.666667       1 0.727273       1       1     0.189394
    370   h0 0.625000       1 0.625000       1 0.666667       1 0.727273       1       1     0.189394
    371   h0 0.625000       1 0.625000       1 0.666667       1 0.727273       1       1     0.189394
    372   h0 0.750000       1 0.823529       1 0.894737       1 0.750000       1       1     0.414474
    373   h0 1.000000       1 1.000000       1 1.000000       1 1.000000       1       1     1.000000
    374   h0 1.000000       1 1.000000       1 1.000000       1 1.000000       1       1     1.000000
    375   h0 1.000000       1 1.000000       1 1.000000       1 1.000000       1       1     1.000000
    376   h0 0.460938       1 0.514706       1 0.631579       1 0.613636       1       1     0.091947
    377   h0 0.625000       1 0.625000       1 0.666667       1 0.818182       1       1     0.213068
    378   h0 0.625000       1 0.625000       1 0.666667       1 0.818182       1       1     0.213068
    379   h0 0.625000       1 0.625000       1 0.666667       1 0.818182       1       1     0.213068
    380   h0 0.562500       1 0.647059       1 0.573099       1 0.545455       1       1     0.113777
    381   h0 1.000000       1 1.000000       1 0.777778       1 0.727273       1       1     0.565657
    382   h0 1.000000       1 1.000000       1 0.777778       1 0.727273       1       1     0.565657
    383   h0 1.000000       1 1.000000       1 0.777778       1 0.727273       1       1     0.565657
    384   h0 0.585938       1 0.823529       1 0.947368       1 0.784091       1       1     0.358439
    385   h0 0.625000       1 0.875000       1 1.000000       1 0.727273       1       1     0.397727
    386   h0 0.625000       1 0.875000       1 1.000000       1 0.727273       1       1     0.397727
    387   h0 0.625000       1 0.875000       1 1.000000       1 0.727273       1       1     0.397727
    388   h0 0.937500       1 0.705882       1 0.631579       1 0.696970       1       1     0.291303
    389   h0 1.000000       1 0.750000       1 0.666667       1 0.727273       1       1     0.363636
    390   h0 1.000000       1 0.750000       1 0.666667       1 0.727273       1       1     0.363636
    391   h0 1.000000       1 0.750000       1 0.666667       1 0.727273       1       1     0.363636
    428   h0 0.937500       1 0.941176       1 0.842105       1 0.871212       1       1     0.647340
    429   h0 1.000000       1 1.000000       1 0.888889       1 0.909091       1       1     0.808081
    430   h0 1.000000       1 1.000000       1 0.888889       1 0.909091       1       1     0.808081
    431   h0 1.000000       1 1.000000       1 0.888889       1 0.909091       1       1     0.808081
    432   h0 1.000000       1 1.000000       1 0.888889       1 0.909091       1       1     0.808081
    433   h0 0.000000       1 0.235294       1 0.526316       1 0.189394       1       1     0.000000
    434   h0 0.429688       1 0.536765       1 0.649123       1 0.909091       1       1     0.136104
    435   h0 0.625000       1 0.625000       1 0.666667       1 0.909091       1       1     0.236742
    436   h0 0.625000       1 0.625000       1 0.666667       1 0.909091       1       1     0.236742
    437   h0 0.625000       1 0.625000       1 0.666667       1 0.909091       1       1     0.236742
    438   h0 0.468750       1 0.705882       1 0.842105       1 0.000000       1       1     0.000000
    439   h0 0.578125       1 0.750000       1 0.888889       1 0.666667       1       1     0.256944
    440   h0 0.625000       1 0.750000       1 0.888889       1 0.727273       1       1     0.303030
    441   h0 0.625000       1 0.750000       1 0.888889       1 0.727273       1       1     0.303030
    442   h0 0.625000       1 0.750000       1 0.888889       1 0.727273       1       1     0.303030
    443   h0 0.937500       1 0.823529       1 0.631579       1 0.958333       1       1     0.467299
    444   h0 1.000000       1 0.875000       1 0.666667       1 1.000000       1       1     0.583333
    445   h0 1.000000       1 0.875000       1 0.666667       1 1.000000       1       1     0.583333
    446   h0 1.000000       1 0.875000       1 0.666667       1 1.000000       1       1     0.583333
    447   h0 1.000000       1 0.875000       1 0.666667       1 1.000000       1       1     0.583333
    800   h1 0.937500       1 0.941176       1 0.631579       1 0.871212       1       1     0.485505
    801   h1 1.000000       1 1.000000       1 0.666667       1 0.909091       1       1     0.606061
    802   h1 1.000000       1 1.000000       1 0.666667       1 0.909091       1       1     0.606061
    803   h1 0.585938       1 0.588235       1 0.947368       1 0.958333       1       1     0.312923
    804   h1 0.625000       1 0.625000       1 1.000000       1 1.000000       1       1     0.390625
    805   h1 0.625000       1 0.625000       1 1.000000       1 1.000000       1       1     0.390625
    806   h1 0.601562       1 0.875000       1 0.947368       1 0.784091       1       1     0.390998
    807   h1 0.625000       1 0.875000       1 1.000000       1 0.818182       1       1     0.447443
    808   h1 0.625000       1 0.875000       1 1.000000       1 0.818182       1       1     0.447443
    809   h1 0.937500       1 0.750000       1 0.631579       1 0.958333       1       1     0.425576
    810   h1 1.000000       1 0.750000       1 0.666667       1 1.000000       1       1     0.500000
    811   h1 1.000000       1 0.750000       1 0.666667       1 1.000000       1       1     0.500000
    824   h1 0.937500       1 0.941176       1 0.631579       1 0.696970       1       1     0.388404
    825   h1 1.000000       1 1.000000       1 0.666667       1 0.727273       1       1     0.484848
    826   h1 1.000000       1 1.000000       1 0.666667       1 0.727273       1       1     0.484848
    827   h1 1.000000       1 1.000000       1 0.666667       1 0.727273       1       1     0.484848
    828   h1 0.585938       1 0.595588       1 0.842105       1 0.696970       1       1     0.204823
    829   h1 0.625000       1 0.625000       1 0.888889       1 0.727273       1       1     0.252525
    830   h1 0.625000       1 0.625000       1 0.888889       1 0.727273       1       1     0.252525
    831   h1 0.625000       1 0.625000       1 0.888889       1 0.727273       1       1     0.252525
    832   h1 0.562500       1 0.588235       1 0.684211       1 0.469697       1       1     0.106336
    833   h1 1.000000       1 1.000000       1 1.000000       1 0.727273       1       1     0.727273
    834   h1 1.000000       1 1.000000       1 1.000000       1 0.727273       1       1     0.727273
    835   h1 1.000000       1 1.000000       1 1.000000       1 0.727273       1       1     0.727273
    836   h1 0.453125       1 0.544118       1 0.631579       1 0.568182       1       1     0.088476
    837   h1 0.625000       1 0.625000       1 0.666667       1 0.727273       1       1     0.189394
    838   h1 0.625000       1 0.625000       1 0.666667       1 0.727273       1       1     0.189394
    839   h1 0.625000       1 0.625000       1 0.666667       1 0.727273       1       1     0.189394
    840   h1 0.687500       1 0.882353       1 0.947368       1 0.750000       1       1     0.431018
    841   h1 1.000000       1 1.000000       1 1.000000       1 1.000000       1       1     1.000000
    842   h1 1.000000       1 1.000000       1 1.000000       1 1.000000       1       1     1.000000
    843   h1 1.000000       1 1.000000       1 1.000000       1 1.000000       1       1     1.000000
    844   h1 0.460938       1 0.544118       1 0.631579       1 0.613636       1       1     0.097202
    845   h1 0.625000       1 0.625000       1 0.666667       1 0.818182       1       1     0.213068
    846   h1 0.625000       1 0.625000       1 0.666667       1 0.818182       1       1     0.213068
    847   h1 0.625000       1 0.625000       1 0.666667       1 0.818182       1       1     0.213068
    848   h1 0.500000       1 0.647059       1 0.654971       1 0.515152       1       1     0.109162
    849   h1 1.000000       1 1.000000       1 0.888889       1 0.727273       1       1     0.646465
    850   h1 1.000000       1 1.000000       1 0.888889       1 0.727273       1       1     0.646465
    851   h1 1.000000       1 1.000000       1 0.888889       1 0.727273       1       1     0.646465
    852   h1 0.617188       1 0.750000       1 0.947368       1 0.696970       1       1     0.305641
    853   h1 0.625000       1 0.750000       1 1.000000       1 0.727273       1       1     0.340909
    854   h1 0.625000       1 0.750000       1 1.000000       1 0.727273       1       1     0.340909
    855   h1 0.625000       1 0.750000       1 1.000000       1 0.727273       1       1     0.340909
    856   h1 1.000000       1 0.875000       1 0.631579       1 0.696970       1       1     0.385167
    857   h1 1.000000       1 0.875000       1 0.666667       1 0.727273       1       1     0.424242
    858   h1 1.000000       1 0.875000       1 0.666667       1 0.727273       1       1     0.424242
    859   h1 1.000000       1 0.875000       1 0.666667       1 0.727273       1       1     0.424242
    896   h1 0.937500       1 1.000000       1 0.842105       1 0.958333       1       1     0.756579
    897   h1 1.000000       1 1.000000       1 0.888889       1 1.000000       1       1     0.888889
    898   h1 1.000000       1 1.000000       1 0.888889       1 1.000000       1       1     0.888889
    899   h1 1.000000       1 1.000000       1 0.888889       1 1.000000       1       1     0.888889
    900   h1 1.000000       1 1.000000       1 0.888889       1 1.000000       1       1     0.888889
    901   h1 0.117188       1 0.375000       1 0.526316       1 0.189394       1       1     0.004381
    902   h1 0.468750       1 0.580882       1 0.649123       1 0.909091       1       1     0.160681
    903   h1 0.625000       1 0.625000       1 0.666667       1 0.909091       1       1     0.236742
    904   h1 0.625000       1 0.625000       1 0.666667       1 0.909091       1       1     0.236742
    905   h1 0.625000       1 0.625000       1 0.666667       1 0.909091       1       1     0.236742
    906   h1 0.468750       1 0.625000       1 0.842105       1 0.000000       1       1     0.000000
    907   h1 0.578125       1 0.625000       1 0.888889       1 0.666667       1       1     0.214120
    908   h1 0.625000       1 0.625000       1 0.888889       1 0.727273       1       1     0.252525
    909   h1 0.625000       1 0.625000       1 0.888889       1 0.727273       1       1     0.252525
    910   h1 0.625000       1 0.625000       1 0.888889       1 0.727273       1       1     0.252525
    911   h1 0.937500       1 1.000000       1 0.631579       1 0.958333       1       1     0.567434
    912   h1 1.000000       1 1.000000       1 0.666667       1 1.000000       1       1     0.666667
    913   h1 1.000000       1 1.000000       1 0.666667       1 1.000000       1       1     0.666667
    914   h1 1.000000       1 1.000000       1 0.666667       1 1.000000       1       1     0.666667
    915   h1 1.000000       1 1.000000       1 0.666667       1 1.000000       1       1     0.666667