 ChipID Half   Layer0   Layer1  Layer2   Layer3  Layer4  Layer5  Layer6  Layer7  Layer8  Pseaudo_Eff
    214   h0 0.734568 0.944444       1 0.633333   0.665       1       1       1       1     0.292188
    215   h0 0.777778 1.000000       1 0.666667   0.700       1       1       1       1     0.362963
    216   h0 0.777778 1.000000       1 0.666667   0.700       1       1       1       1     0.362963
    217   h0 0.944444 0.629630       1 0.950000   0.665       1       1       1       1     0.375670
    218   h0 1.000000 0.666667       1 1.000000   0.700       1       1       1       1     0.466667
    219   h0 1.000000 0.666667       1 1.000000   0.700       1       1       1       1     0.466667
    220   h0 0.629630 0.944444       1 0.633333   0.950       1       1       1       1     0.357781
    221   h0 0.666667 1.000000       1 0.666667   1.000       1       1       1       1     0.444444
    222   h0 0.666667 1.000000       1 0.666667   1.000       1       1       1       1     0.444444
    223   h0 0.944444 0.629630       1 0.950000   0.665       1       1       1       1     0.375670
    224   h0 1.000000 0.666667       1 1.000000   0.700       1       1       1       1     0.466667
    225   h0 1.000000 0.666667       1 1.000000   0.700       1       1       1       1     0.466667
    226   h0 0.629630 0.839506       1 0.633333   0.950       1       1       1       1     0.318028
    227   h0 0.666667 0.888889       1 0.666667   1.000       1       1       1       1     0.395062
    228   h0 0.666667 0.888889       1 0.666667   1.000       1       1       1       1     0.395062
    244   h0 0.629630 0.944444       1 0.738889   0.950       1       1       1       1     0.417411
    245   h0 0.666667 1.000000       1 0.777778   1.000       1       1       1       1     0.518519
    246   h0 0.666667 1.000000       1 0.777778   1.000       1       1       1       1     0.518519
    247   h0 0.666667 1.000000       1 0.777778   1.000       1       1       1       1     0.518519
    248   h0 0.944444 0.629630       1 0.633333   0.665       1       1       1       1     0.250447
    249   h0 1.000000 0.666667       1 0.666667   0.700       1       1       1       1     0.311111
    250   h0 1.000000 0.666667       1 0.666667   0.700       1       1       1       1     0.311111
    251   h0 1.000000 0.666667       1 0.666667   0.700       1       1       1       1     0.311111
    252   h0 0.419753 0.944444       1 0.950000   0.855       1       1       1       1     0.322003
    253   h0 0.617284 1.000000       1 1.000000   0.900       1       1       1       1     0.555556
    254   h0 0.666667 1.000000       1 1.000000   0.900       1       1       1       1     0.600000
    255   h0 0.666667 1.000000       1 1.000000   0.900       1       1       1       1     0.600000
    256   h0 0.444444 0.327160       1 0.444444   0.495       1       1       1       1     0.031989
    257   h0 1.000000 0.666667       1 0.666667   0.900       1       1       1       1     0.400000
    258   h0 1.000000 0.666667       1 0.666667   0.900       1       1       1       1     0.400000
    259   h0 1.000000 0.666667       1 0.666667   0.900       1       1       1       1     0.400000
    260   h0 0.469136 0.691358       1 0.850000   0.635       1       1       1       1     0.175063
    261   h0 0.666667 0.888889       1 1.000000   0.700       1       1       1       1     0.414815
    262   h0 0.666667 0.888889       1 1.000000   0.700       1       1       1       1     0.414815
    263   h0 0.666667 0.888889       1 1.000000   0.700       1       1       1       1     0.414815
    264   h0 0.722222 0.604938       1 0.661111   0.900       1       1       1       1     0.259955
    265   h0 1.000000 0.777778       1 0.777778   1.000       1       1       1       1     0.604938
    266   h0 1.000000 0.777778       1 0.777778   1.000       1       1       1       1     0.604938
    267   h0 1.000000 0.777778       1 0.777778   1.000       1       1       1       1     0.604938
    268   h0 0.512346 0.481481       1 0.577778   0.665       1       1       1       1     0.094782
    269   h0 0.666667 0.666667       1 0.666667   0.700       1       1       1       1     0.207407
    270   h0 0.666667 0.666667       1 0.666667   0.700       1       1       1       1     0.207407
    271   h0 0.666667 0.666667       1 0.666667   0.700       1       1       1       1     0.207407
    272   h0 0.444444 0.555556       1 0.700000   0.490       1       1       1       1     0.084691
    273   h0 0.888889 1.000000       1 1.000000   0.700       1       1       1       1     0.622222
    274   h0 0.888889 1.000000       1 1.000000   0.700       1       1       1       1     0.622222
    275   h0 0.888889 1.000000       1 1.000000   0.700       1       1       1       1     0.622222
    276   h0 0.734568 0.209877       1 0.422222   0.950       1       1       1       1     0.061839
    277   h0 0.777778 0.592593       1 0.644444   1.000       1       1       1       1     0.297028
    278   h0 0.777778 0.666667       1 0.666667   1.000       1       1       1       1     0.345679
    279   h0 0.777778 0.666667       1 0.666667   1.000       1       1       1       1     0.345679
    280   h0 0.734568 0.944444       1 0.950000   0.665       1       1       1       1     0.438282
    281   h0 0.777778 1.000000       1 1.000000   0.700       1       1       1       1     0.544444
    282   h0 0.777778 1.000000       1 1.000000   0.700       1       1       1       1     0.544444
    283   h0 0.777778 1.000000       1 1.000000   0.700       1       1       1       1     0.544444
    284   h0 0.839506 0.629630       1 0.844444   0.760       1       1       1       1     0.339230
    285   h0 0.888889 0.666667       1 0.888889   0.800       1       1       1       1     0.421399
    286   h0 0.888889 0.666667       1 0.888889   0.800       1       1       1       1     0.421399
    287   h0 0.888889 0.666667       1 0.888889   0.800       1       1       1       1     0.421399
    682   h1 0.691358 0.888889       1 0.616667   0.700       1       1       1       1     0.265277
    683   h1 0.777778 1.000000       1 0.666667   0.700       1       1       1       1     0.362963
    684   h1 0.777778 1.000000       1 0.666667   0.700       1       1       1       1     0.362963
    685   h1 0.888889 0.592593       1 0.950000   0.700       1       1       1       1     0.350288
    686   h1 0.888889 0.666667       1 1.000000   0.700       1       1       1       1     0.414815
    687   h1 1.000000 0.666667       1 1.000000   0.700       1       1       1       1     0.466667
    688   h1 0.623457 0.944444       1 0.633333   0.900       1       1       1       1     0.335628
    689   h1 0.666667 1.000000       1 0.666667   0.900       1       1       1       1     0.400000
    690   h1 0.666667 1.000000       1 0.666667   0.900       1       1       1       1     0.400000
    691   h1 0.888889 0.592593       1 0.950000   0.700       1       1       1       1     0.350288
    692   h1 1.000000 0.666667       1 1.000000   0.700       1       1       1       1     0.466667
    693   h1 1.000000 0.666667       1 1.000000   0.700       1       1       1       1     0.466667
    694   h1 0.592593 0.839506       1 0.633333   1.000       1       1       1       1     0.315074
    695   h1 0.666667 0.888889       1 0.666667   1.000       1       1       1       1     0.395062
    696   h1 0.666667 0.888889       1 0.666667   1.000       1       1       1       1     0.395062
    712   h1 0.592593 0.944444       1 0.633333   1.000       1       1       1       1     0.354458
    713   h1 0.666667 1.000000       1 0.666667   1.000       1       1       1       1     0.444444
    714   h1 0.666667 1.000000       1 0.666667   1.000       1       1       1       1     0.444444
    715   h1 0.666667 1.000000       1 0.666667   1.000       1       1       1       1     0.444444
    716   h1 0.888889 0.629630       1 0.738889   0.700       1       1       1       1     0.289474
    717   h1 1.000000 0.666667       1 0.777778   0.700       1       1       1       1     0.362963
    718   h1 1.000000 0.666667       1 0.777778   0.700       1       1       1       1     0.362963
    719   h1 1.000000 0.666667       1 0.777778   0.700       1       1       1       1     0.362963
    720   h1 0.395062 0.944444       1 0.900000   0.900       1       1       1       1     0.302222
    721   h1 0.629630 1.000000       1 1.000000   0.900       1       1       1       1     0.566667
    722   h1 0.666667 1.000000       1 1.000000   0.900       1       1       1       1     0.600000
    723   h1 0.666667 1.000000       1 1.000000   0.900       1       1       1       1     0.600000
    724   h1 0.444444 0.327160       1 0.500000   0.540       1       1       1       1     0.039259
    725   h1 1.000000 0.666667       1 0.666667   0.900       1       1       1       1     0.400000
    726   h1 1.000000 0.666667       1 0.666667   0.900       1       1       1       1     0.400000
    727   h1 1.000000 0.666667       1 0.666667   0.900       1       1       1       1     0.400000
    728   h1 0.481481 0.722222       1 0.850000   0.670       1       1       1       1     0.198036
    729   h1 0.666667 1.000000       1 1.000000   0.700       1       1       1       1     0.466667
    730   h1 0.666667 1.000000       1 1.000000   0.700       1       1       1       1     0.466667
    731   h1 0.666667 1.000000       1 1.000000   0.700       1       1       1       1     0.466667
    732   h1 0.722222 0.604938       1 0.566667   0.950       1       1       1       1     0.235198
    733   h1 1.000000 0.777778       1 0.777778   1.000       1       1       1       1     0.604938
    734   h1 1.000000 0.777778       1 0.777778   1.000       1       1       1       1     0.604938
    735   h1 1.000000 0.777778       1 0.666667   1.000       1       1       1       1     0.518519
    736   h1 0.475309 0.604938       1 0.566667   0.700       1       1       1       1     0.114055
    737   h1 0.666667 0.777778       1 0.666667   0.700       1       1       1       1     0.241975
    738   h1 0.666667 0.777778       1 0.666667   0.700       1       1       1       1     0.241975
    739   h1 0.666667 0.777778       1 0.666667   0.700       1       1       1       1     0.241975
    740   h1 0.395062 0.611111       1 0.700000   0.520       1       1       1       1     0.087879
    741   h1 0.888889 1.000000       1 1.000000   0.700       1       1       1       1     0.622222
    742   h1 0.888889 1.000000       1 1.000000   0.700       1       1       1       1     0.622222
    743   h1 0.888889 1.000000       1 1.000000   0.700       1       1       1       1     0.622222
    744   h1 0.691358 0.104938       1 0.316667   1.000       1       1       1       1     0.022974
    745   h1 0.777778 0.574074       1 0.633333   1.000       1       1       1       1     0.282785
    746   h1 0.777778 0.666667       1 0.666667   1.000       1       1       1       1     0.345679
    747   h1 0.777778 0.666667       1 0.666667   1.000       1       1       1       1     0.345679
    748   h1 0.691358 0.888889       1 0.950000   0.700       1       1       1       1     0.408669
    749   h1 0.777778 1.000000       1 1.000000   0.700       1       1       1       1     0.544444
    750   h1 0.777778 1.000000       1 1.000000   0.700       1       1       1       1     0.544444
    751   h1 0.777778 1.000000       1 1.000000   0.700       1       1       1       1     0.544444
    752   h1 0.839506 0.592593       1 0.738889   0.800       1       1       1       1     0.294069
    753   h1 0.888889 0.666667       1 0.777778   0.800       1       1       1       1     0.368724
    754   h1 0.888889 0.666667       1 0.777778   0.800       1       1       1       1     0.368724
    755   h1 0.888889 0.666667       1 0.777778   0.800       1       1       1       1     0.368724