 ChipID Half  Layer0  Layer1  Layer2   Layer3  Layer4   Layer5   Layer6  Layer7   Layer8  Pseaudo_Eff
    344   h0       1       1       1 0.629630       1 0.631579 0.695652       1 0.641026     0.177329
    345   h0       1       1       1 0.666667       1 0.666667 0.727273       1 0.666667     0.215488
    346   h0       1       1       1 0.666667       1 0.666667 0.727273       1 0.714744     0.231028
    347   h0       1       1       1 0.944444       1 0.947368 0.782609       1 0.801282     0.561081
    348   h0       1       1       1 1.000000       1 1.000000 0.818182       1 0.833333     0.681818
    349   h0       1       1       1 1.000000       1 1.000000 0.727273       1 0.788462     0.573427
    350   h0       1       1       1 0.629630       1 0.894737 0.695652       1 0.961538     0.376825
    351   h0       1       1       1 0.666667       1 1.000000 0.727273       1 1.000000     0.484848
    352   h0       1       1       1 0.666667       1 1.000000 0.727273       1 1.000000     0.484848
    353   h0       1       1       1 0.734568       1 0.596491 0.956522       1 0.801282     0.335828
    354   h0       1       1       1 0.777778       1 0.666667 1.000000       1 0.833333     0.432099
    355   h0       1       1       1 0.777778       1 0.666667 1.000000       1 0.833333     0.432099
    392   h0       1       1       1 0.629630       1 0.631579 0.956522       1 0.721154     0.274306
    393   h0       1       1       1 0.666667       1 0.666667 1.000000       1 0.750000     0.333333
    394   h0       1       1       1 0.666667       1 0.666667 1.000000       1 0.750000     0.333333
    395   h0       1       1       1 0.666667       1 0.666667 1.000000       1 0.750000     0.333333
    396   h0       1       1       1 0.839506       1 0.947368 0.695652       1 0.721154     0.398991
    397   h0       1       1       1 0.888889       1 1.000000 0.727273       1 0.750000     0.484848
    398   h0       1       1       1 0.888889       1 1.000000 0.727273       1 0.750000     0.484848
    399   h0       1       1       1 0.888889       1 1.000000 0.727273       1 0.750000     0.484848
    400   h0       1       1       1 0.666667       1 0.654971 0.513834       1 0.435897     0.097800
    401   h0       1       1       1 1.000000       1 0.888889 0.909091       1 0.750000     0.606061
    402   h0       1       1       1 1.000000       1 0.888889 0.909091       1 0.750000     0.606061
    403   h0       1       1       1 1.000000       1 0.888889 0.909091       1 0.750000     0.606061
    404   h0       1       1       1 0.586420       1 0.625731 0.529644       1 0.544872     0.105895
    405   h0       1       1       1 0.666667       1 0.666667 0.727273       1 0.750000     0.242424
    406   h0       1       1       1 0.666667       1 0.666667 0.727273       1 0.750000     0.242424
    407   h0       1       1       1 0.666667       1 0.666667 0.727273       1 0.750000     0.242424
    408   h0       1       1       1 0.833333       1 0.947368 0.509881       1 0.554487     0.223202
    409   h0       1       1       1 1.000000       1 1.000000 0.727273       1 0.750000     0.545455
    410   h0       1       1       1 1.000000       1 1.000000 0.727273       1 0.750000     0.545455
    411   h0       1       1       1 1.000000       1 1.000000 0.727273       1 0.750000     0.545455
    412   h0       1       1       1 0.580247       1 0.631579 0.695652       1 0.608974     0.155250
    413   h0       1       1       1 0.666667       1 0.666667 1.000000       1 0.833333     0.370370
    414   h0       1       1       1 0.666667       1 0.666667 1.000000       1 0.833333     0.370370
    415   h0       1       1       1 0.666667       1 0.666667 1.000000       1 0.833333     0.370370
    416   h0       1       1       1 0.611111       1 0.684211 0.537549       1 0.653846     0.146962
    417   h0       1       1       1 1.000000       1 1.000000 0.727273       1 1.000000     0.727273
    418   h0       1       1       1 1.000000       1 1.000000 0.727273       1 1.000000     0.727273
    419   h0       1       1       1 1.000000       1 1.000000 0.727273       1 1.000000     0.727273
    420   h0       1       1       1 0.629630       1 0.842105 0.956522       1 0.721154     0.365742
    421   h0       1       1       1 0.666667       1 0.888889 1.000000       1 0.750000     0.444444
    422   h0       1       1       1 0.666667       1 0.888889 1.000000       1 0.750000     0.444444
    423   h0       1       1       1 0.666667       1 0.888889 1.000000       1 0.750000     0.444444
    424   h0       1       1       1 0.944444       1 0.625731 0.695652       1 0.801282     0.329414
    425   h0       1       1       1 1.000000       1 0.666667 0.727273       1 0.833333     0.404040
    426   h0       1       1       1 1.000000       1 0.666667 0.727273       1 0.750000     0.363636
    427   h0       1       1       1 1.000000       1 0.666667 0.727273       1 0.782051     0.379176
    448   h0       1       1       1 0.734568       1 0.631579 0.482213       1 0.961538     0.215112
    449   h0       1       1       1 0.777778       1 0.666667 0.727273       1 1.000000     0.377104
    450   h0       1       1       1 0.777778       1 0.666667 0.727273       1 1.000000     0.377104
    451   h0       1       1       1 0.777778       1 0.666667 0.727273       1 1.000000     0.377104
    452   h0       1       1       1 0.777778       1 0.666667 0.727273       1 1.000000     0.377104
    453   h0       1       1       1 0.629630       1 0.842105 0.158103       1 0.035256     0.002955
    454   h0       1       1       1 0.666667       1 0.888889 0.909091       1 0.916667     0.493827
    455   h0       1       1       1 0.666667       1 0.888889 0.909091       1 0.916667     0.493827
    456   h0       1       1       1 0.666667       1 0.888889 0.909091       1 0.916667     0.493827
    457   h0       1       1       1 0.666667       1 0.888889 0.909091       1 0.916667     0.493827
    458   h0       1       1       1 0.419753       1 0.631579 0.347826       1 0.801282     0.073887
    459   h0       1       1       1 0.617284       1 0.666667 0.695652       1 0.833333     0.238564
    460   h0       1       1       1 0.666667       1 0.666667 0.727273       1 0.833333     0.269360
    461   h0       1       1       1 0.666667       1 0.666667 0.727273       1 0.833333     0.269360
    462   h0       1       1       1 0.666667       1 0.666667 0.727273       1 0.833333     0.269360
    463   h0       1       1       1 0.944444       1 0.842105 0.782609       1 0.641026     0.398991
    464   h0       1       1       1 1.000000       1 0.888889 0.818182       1 0.666667     0.484848
    465   h0       1       1       1 1.000000       1 0.888889 0.818182       1 0.666667     0.484848
    466   h0       1       1       1 1.000000       1 0.888889 0.818182       1 0.666667     0.484848
    467   h0       1       1       1 1.000000       1 0.888889 0.818182       1 0.676282     0.491841
    812   h1       1       1       1 0.623457       1 0.631579 0.727273       1 0.750000     0.214779
    813   h1       1       1       1 0.666667       1 0.666667 0.727273       1 0.750000     0.242424
    814   h1       1       1       1 0.666667       1 0.666667 0.727273       1 0.750000     0.242424
    815   h1       1       1       1 0.944444       1 0.947368 0.818182       1 0.750000     0.549043
    816   h1       1       1       1 1.000000       1 1.000000 0.818182       1 0.750000     0.613636
    817   h1       1       1       1 1.000000       1 1.000000 0.818182       1 0.750000     0.613636
    818   h1       1       1       1 0.629630       1 0.947368 0.727273       1 1.000000     0.433812
    819   h1       1       1       1 0.666667       1 1.000000 0.727273       1 1.000000     0.484848
    820   h1       1       1       1 0.666667       1 1.000000 0.727273       1 1.000000     0.484848
    821   h1       1       1       1 0.839506       1 0.736842 1.000000       1 0.833333     0.515486
    822   h1       1       1       1 0.777778       1 0.754386 1.000000       1 0.833333     0.488954
    823   h1       1       1       1 0.777778       1 0.666667 1.000000       1 0.833333     0.432099
    860   h1       1       1       1 0.629630       1 0.631579 1.000000       1 0.750000     0.298246
    861   h1       1       1       1 0.666667       1 0.666667 1.000000       1 0.750000     0.333333
    862   h1       1       1       1 0.666667       1 0.666667 1.000000       1 0.750000     0.333333
    863   h1       1       1       1 0.666667       1 0.666667 1.000000       1 0.750000     0.333333
    864   h1       1       1       1 0.839506       1 0.947368 0.727273       1 0.833333     0.482013
    865   h1       1       1       1 0.888889       1 1.000000 0.727273       1 0.833333     0.538721
    866   h1       1       1       1 0.888889       1 1.000000 0.727273       1 0.833333     0.538721
    867   h1       1       1       1 0.888889       1 1.000000 0.727273       1 0.833333     0.538721
    868   h1       1       1       1 0.666667       1 0.654971 0.513834       1 0.474359     0.106429
    869   h1       1       1       1 1.000000       1 0.888889 0.909091       1 0.750000     0.606061
    870   h1       1       1       1 1.000000       1 0.888889 0.909091       1 0.750000     0.606061
    871   h1       1       1       1 1.000000       1 0.888889 0.909091       1 0.750000     0.606061
    872   h1       1       1       1 0.586420       1 0.625731 0.561265       1 0.564103     0.116178
    873   h1       1       1       1 0.666667       1 0.666667 0.727273       1 0.750000     0.242424
    874   h1       1       1       1 0.666667       1 0.666667 0.727273       1 0.750000     0.242424
    875   h1       1       1       1 0.666667       1 0.666667 0.727273       1 0.750000     0.242424
    876   h1       1       1       1 0.888889       1 0.947368 0.537549       1 0.576923     0.261158
    877   h1       1       1       1 1.000000       1 1.000000 0.727273       1 0.750000     0.545455
    878   h1       1       1       1 1.000000       1 1.000000 0.727273       1 0.750000     0.545455
    879   h1       1       1       1 1.000000       1 1.000000 0.727273       1 0.750000     0.545455
    880   h1       1       1       1 0.580247       1 0.643275 0.739130       1 0.634615     0.175082
    881   h1       1       1       1 0.666667       1 0.666667 1.000000       1 0.916667     0.407407
    882   h1       1       1       1 0.666667       1 0.666667 1.000000       1 0.916667     0.407407
    883   h1       1       1       1 0.666667       1 0.666667 1.000000       1 0.916667     0.407407
    884   h1       1       1       1 0.611111       1 0.684211 0.569170       1 0.692308     0.164760
    885   h1       1       1       1 1.000000       1 1.000000 0.727273       1 1.000000     0.727273
    886   h1       1       1       1 1.000000       1 1.000000 0.727273       1 1.000000     0.727273
    887   h1       1       1       1 1.000000       1 1.000000 0.727273       1 1.000000     0.727273
    888   h1       1       1       1 0.629630       1 0.947368 1.000000       1 0.750000     0.447368
    889   h1       1       1       1 0.666667       1 1.000000 1.000000       1 0.750000     0.500000
    890   h1       1       1       1 0.666667       1 1.000000 1.000000       1 0.801282     0.534188
    891   h1       1       1       1 0.666667       1 1.000000 1.000000       1 0.804487     0.536325
    892   h1       1       1       1 0.944444       1 0.526316 0.727273       1 0.833333     0.301258
    893   h1       1       1       1 1.000000       1 0.578947 0.727273       1 0.833333     0.350877
    894   h1       1       1       1 1.000000       1 0.666667 0.727273       1 0.785256     0.380730
    895   h1       1       1       1 1.000000       1 0.619883 0.727273       1 0.750000     0.338118
    916   h1       1       1       1 0.691358       1 0.631579 0.584980       1 1.000000     0.255430
    917   h1       1       1       1 0.777778       1 0.666667 0.727273       1 1.000000     0.377104
    918   h1       1       1       1 0.777778       1 0.666667 0.727273       1 1.000000     0.377104
    919   h1       1       1       1 0.777778       1 0.666667 0.727273       1 1.000000     0.377104
    920   h1       1       1       1 0.777778       1 0.666667 0.727273       1 1.000000     0.377104
    921   h1       1       1       1 0.691358       1 0.736842 0.217391       1 0.064103     0.007099
    922   h1       1       1       1 0.777778       1 0.777778 1.000000       1 0.833333     0.504115
    923   h1       1       1       1 0.777778       1 0.777778 1.000000       1 0.833333     0.504115
    924   h1       1       1       1 0.777778       1 0.777778 1.000000       1 0.833333     0.504115
    925   h1       1       1       1 0.777778       1 0.777778 1.000000       1 0.833333     0.504115
    926   h1       1       1       1 0.419753       1 0.631579 0.272727       1 0.750000     0.054226
    927   h1       1       1       1 0.617284       1 0.666667 0.707510       1 0.750000     0.218367
    928   h1       1       1       1 0.666667       1 0.666667 0.727273       1 0.750000     0.242424
    929   h1       1       1       1 0.666667       1 0.666667 0.727273       1 0.750000     0.242424
    930   h1       1       1       1 0.666667       1 0.666667 0.727273       1 0.750000     0.242424
    931   h1       1       1       1 0.944444       1 0.736842 0.818182       1 0.666667     0.379585
    932   h1       1       1       1 1.000000       1 0.777778 0.818182       1 0.666667     0.424242
    933   h1       1       1       1 1.000000       1 0.777778 0.818182       1 0.666667     0.424242
    934   h1       1       1       1 1.000000       1 0.777778 0.818182       1 0.695513     0.442599
    935   h1       1       1       1 1.000000       1 0.777778 0.818182       1 0.750000     0.477273