 ChipID Half  Layer0   Layer1   Layer2  Layer3   Layer4   Layer5  Layer6  Layer7  Layer8  Pseaudo_Eff
    332   h0       1 0.705882 0.941176       1 0.631579 0.947368       1       1       1     0.397512
    333   h0       1 0.750000 1.000000       1 0.666667 1.000000       1       1       1     0.500000
    334   h0       1 0.750000 1.000000       1 0.666667 1.000000       1       1       1     0.500000
    335   h0       1 0.823529 0.588235       1 0.947368 0.631579       1       1       1     0.289852
    336   h0       1 0.875000 0.625000       1 1.000000 0.666667       1       1       1     0.364583
    337   h0       1 0.875000 0.625000       1 1.000000 0.666667       1       1       1     0.364583
    338   h0       1 0.705882 0.941176       1 0.947368 0.894737       1       1       1     0.563142
    339   h0       1 0.750000 1.000000       1 1.000000 1.000000       1       1       1     0.750000
    340   h0       1 0.750000 1.000000       1 1.000000 1.000000       1       1       1     0.750000
    341   h0       1 0.941176 0.588235       1 0.631579 0.596491       1       1       1     0.208571
    342   h0       1 1.000000 0.625000       1 0.666667 0.666667       1       1       1     0.277778
    343   h0       1 1.000000 0.625000       1 0.666667 0.666667       1       1       1     0.277778
    356   h0       1 0.705882 0.941176       1 0.631579 0.736842       1       1       1     0.309176
    357   h0       1 0.750000 1.000000       1 0.666667 0.777778       1       1       1     0.388889
    358   h0       1 0.750000 1.000000       1 0.666667 0.777778       1       1       1     0.388889
    359   h0       1 0.750000 1.000000       1 0.666667 0.777778       1       1       1     0.388889
    360   h0       1 0.823529 0.588235       1 0.736842 0.947368       1       1       1     0.338161
    361   h0       1 0.875000 0.625000       1 0.777778 1.000000       1       1       1     0.425347
    362   h0       1 0.875000 0.625000       1 0.777778 1.000000       1       1       1     0.425347
    363   h0       1 0.875000 0.625000       1 0.777778 1.000000       1       1       1     0.425347
    364   h0       1 0.411765 0.588235       1 0.684211 0.502924       1       1       1     0.083347
    365   h0       1 0.875000 1.000000       1 1.000000 0.666667       1       1       1     0.583333
    366   h0       1 0.875000 1.000000       1 1.000000 0.666667       1       1       1     0.583333
    367   h0       1 0.875000 1.000000       1 1.000000 0.666667       1       1       1     0.583333
    368   h0       1 0.669118 0.492647       1 0.619883 0.947368       1       1       1     0.193583
    369   h0       1 0.875000 0.625000       1 0.666667 1.000000       1       1       1     0.364583
    370   h0       1 0.875000 0.625000       1 0.666667 1.000000       1       1       1     0.364583
    371   h0       1 0.875000 0.625000       1 0.666667 1.000000       1       1       1     0.364583
    372   h0       1 0.669118 0.823529       1 0.894737 0.736842       1       1       1     0.363288
    373   h0       1 0.875000 1.000000       1 1.000000 0.777778       1       1       1     0.680556
    374   h0       1 0.875000 1.000000       1 1.000000 0.777778       1       1       1     0.680556
    375   h0       1 0.875000 1.000000       1 1.000000 0.777778       1       1       1     0.680556
    376   h0       1 0.573529 0.514706       1 0.631579 0.631579       1       1       1     0.117752
    377   h0       1 0.750000 0.625000       1 0.666667 0.666667       1       1       1     0.208333
    378   h0       1 0.750000 0.625000       1 0.666667 0.666667       1       1       1     0.208333
    379   h0       1 0.750000 0.625000       1 0.666667 0.666667       1       1       1     0.208333
    380   h0       1 0.566176 0.647059       1 0.573099 0.789474       1       1       1     0.165754
    381   h0       1 0.875000 1.000000       1 0.777778 1.000000       1       1       1     0.680556
    382   h0       1 0.875000 1.000000       1 0.777778 1.000000       1       1       1     0.680556
    383   h0       1 0.875000 1.000000       1 0.777778 1.000000       1       1       1     0.680556
    384   h0       1 0.705882 0.823529       1 0.947368 0.631579       1       1       1     0.347823
    385   h0       1 0.750000 0.875000       1 1.000000 0.666667       1       1       1     0.437500
    386   h0       1 0.750000 0.875000       1 1.000000 0.666667       1       1       1     0.437500
    387   h0       1 0.750000 0.875000       1 1.000000 0.666667       1       1       1     0.437500
    388   h0       1 0.941176 0.705882       1 0.631579 0.736842       1       1       1     0.309176
    389   h0       1 1.000000 0.750000       1 0.666667 0.777778       1       1       1     0.388889
    390   h0       1 1.000000 0.750000       1 0.666667 0.777778       1       1       1     0.388889
    391   h0       1 0.875000 0.750000       1 0.666667 0.777778       1       1       1     0.340278
    428   h0       1 0.823529 0.941176       1 0.842105 0.631579       1       1       1     0.412234
    429   h0       1 0.875000 1.000000       1 0.888889 0.666667       1       1       1     0.518519
    430   h0       1 0.875000 1.000000       1 0.888889 0.666667       1       1       1     0.518519
    431   h0       1 0.875000 1.000000       1 0.888889 0.666667       1       1       1     0.518519
    432   h0       1 0.875000 1.000000       1 0.888889 0.666667       1       1       1     0.518519
    433   h0       1 0.823529 0.235294       1 0.526316 0.947368       1       1       1     0.096617
    434   h0       1 0.875000 0.536765       1 0.649123 1.000000       1       1       1     0.304873
    435   h0       1 0.875000 0.625000       1 0.666667 1.000000       1       1       1     0.364583
    436   h0       1 0.875000 0.625000       1 0.666667 1.000000       1       1       1     0.364583
    437   h0       1 0.875000 0.625000       1 0.666667 1.000000       1       1       1     0.364583
    438   h0       1 0.000000 0.705882       1 0.842105 0.315789       1       1       1     0.000000
    439   h0       1 0.529412 0.750000       1 0.888889 0.614035       1       1       1     0.216718
    440   h0       1 0.750000 0.750000       1 0.888889 0.666667       1       1       1     0.333333
    441   h0       1 0.750000 0.750000       1 0.888889 0.666667       1       1       1     0.333333
    442   h0       1 0.750000 0.750000       1 0.888889 0.666667       1       1       1     0.333333
    443   h0       1 0.823529 0.823529       1 0.631579 0.947368       1       1       1     0.405793
    444   h0       1 0.875000 0.875000       1 0.666667 1.000000       1       1       1     0.510417
    445   h0       1 0.875000 0.875000       1 0.666667 1.000000       1       1       1     0.510417
    446   h0       1 0.875000 0.875000       1 0.666667 1.000000       1       1       1     0.510417
    447   h0       1 0.875000 0.875000       1 0.666667 1.000000       1       1       1     0.510417
    800   h1       1 0.661765 0.941176       1 0.631579 0.947368       1       1       1     0.372667
    801   h1       1 0.750000 1.000000       1 0.666667 1.000000       1       1       1     0.500000
    802   h1       1 0.750000 1.000000       1 0.666667 1.000000       1       1       1     0.500000
    803   h1       1 0.882353 0.588235       1 0.947368 0.631579       1       1       1     0.310556
    804   h1       1 1.000000 0.625000       1 1.000000 0.666667       1       1       1     0.416667
    805   h1       1 1.000000 0.625000       1 1.000000 0.666667       1       1       1     0.416667
    806   h1       1 0.661765 0.875000       1 0.947368 0.842105       1       1       1     0.461952
    807   h1       1 0.750000 0.875000       1 1.000000 0.918129       1       1       1     0.602522
    808   h1       1 0.750000 0.875000       1 1.000000 1.000000       1       1       1     0.656250
    809   h1       1 0.772059 0.750000       1 0.631579 0.736842       1       1       1     0.269472
    810   h1       1 0.875000 0.750000       1 0.666667 0.748538       1       1       1     0.327485
    811   h1       1 0.875000 0.750000       1 0.666667 0.666667       1       1       1     0.291667
    824   h1       1 0.661765 0.941176       1 0.631579 0.736842       1       1       1     0.289852
    825   h1       1 0.750000 1.000000       1 0.666667 0.777778       1       1       1     0.388889
    826   h1       1 0.750000 1.000000       1 0.666667 0.777778       1       1       1     0.388889
    827   h1       1 0.750000 1.000000       1 0.666667 0.777778       1       1       1     0.388889
    828   h1       1 0.772059 0.595588       1 0.842105 0.947368       1       1       1     0.366844
    829   h1       1 1.000000 0.625000       1 0.888889 1.000000       1       1       1     0.555556
    830   h1       1 1.000000 0.625000       1 0.888889 1.000000       1       1       1     0.555556
    831   h1       1 1.000000 0.625000       1 0.888889 1.000000       1       1       1     0.555556
    832   h1       1 0.308824 0.588235       1 0.684211 0.461988       1       1       1     0.057423
    833   h1       1 0.750000 1.000000       1 1.000000 0.666667       1       1       1     0.500000
    834   h1       1 0.750000 1.000000       1 1.000000 0.666667       1       1       1     0.500000
    835   h1       1 0.750000 1.000000       1 1.000000 0.666667       1       1       1     0.500000
    836   h1       1 0.617647 0.544118       1 0.631579 0.842105       1       1       1     0.178742
    837   h1       1 0.875000 0.625000       1 0.666667 0.888889       1       1       1     0.324074
    838   h1       1 0.875000 0.625000       1 0.666667 0.888889       1       1       1     0.324074
    839   h1       1 0.875000 0.625000       1 0.666667 0.888889       1       1       1     0.324074
    840   h1       1 0.573529 0.882353       1 0.947368 0.842105       1       1       1     0.403723
    841   h1       1 0.750000 1.000000       1 1.000000 0.888889       1       1       1     0.666667
    842   h1       1 0.750000 1.000000       1 1.000000 0.888889       1       1       1     0.666667
    843   h1       1 0.750000 1.000000       1 1.000000 0.888889       1       1       1     0.666667
    844   h1       1 0.669118 0.544118       1 0.631579 0.637427       1       1       1     0.146573
    845   h1       1 0.875000 0.625000       1 0.666667 0.666667       1       1       1     0.243056
    846   h1       1 0.875000 0.625000       1 0.666667 0.666667       1       1       1     0.243056
    847   h1       1 0.875000 0.625000       1 0.666667 0.666667       1       1       1     0.243056
    848   h1       1 0.566176 0.647059       1 0.654971 0.842105       1       1       1     0.202062
    849   h1       1 0.875000 1.000000       1 0.888889 1.000000       1       1       1     0.777778
    850   h1       1 0.875000 1.000000       1 0.888889 1.000000       1       1       1     0.777778
    851   h1       1 0.875000 1.000000       1 0.888889 1.000000       1       1       1     0.777778
    852   h1       1 0.772059 0.750000       1 0.947368 0.631579       1       1       1     0.346464
    853   h1       1 0.875000 0.750000       1 1.000000 0.666667       1       1       1     0.437500
    854   h1       1 0.875000 0.750000       1 1.000000 0.666667       1       1       1     0.437500
    855   h1       1 0.875000 0.750000       1 1.000000 0.666667       1       1       1     0.437500
    856   h1       1 0.772059 0.875000       1 0.631579 0.736842       1       1       1     0.314384
    857   h1       1 0.875000 0.875000       1 0.666667 0.777778       1       1       1     0.396991
    858   h1       1 0.875000 0.875000       1 0.666667 0.777778       1       1       1     0.396991
    859   h1       1 0.875000 0.875000       1 0.666667 0.777778       1       1       1     0.396991
    896   h1       1 0.661765 1.000000       1 0.842105 0.631579       1       1       1     0.351964
    897   h1       1 0.750000 1.000000       1 0.888889 0.666667       1       1       1     0.444444
    898   h1       1 0.750000 1.000000       1 0.888889 0.666667       1       1       1     0.444444
    899   h1       1 0.750000 1.000000       1 0.888889 0.666667       1       1       1     0.444444
    900   h1       1 0.750000 1.000000       1 0.888889 0.666667       1       1       1     0.444444
    901   h1       1 0.772059 0.375000       1 0.526316 0.947368       1       1       1     0.144360
    902   h1       1 0.875000 0.580882       1 0.649123 1.000000       1       1       1     0.329931
    903   h1       1 0.875000 0.625000       1 0.666667 1.000000       1       1       1     0.364583
    904   h1       1 0.875000 0.625000       1 0.666667 1.000000       1       1       1     0.364583
    905   h1       1 0.875000 0.625000       1 0.666667 1.000000       1       1       1     0.364583
    906   h1       1 0.000000 0.625000       1 0.842105 0.315789       1       1       1     0.000000
    907   h1       1 0.617647 0.625000       1 0.888889 0.631579       1       1       1     0.216718
    908   h1       1 0.875000 0.625000       1 0.888889 0.666667       1       1       1     0.324074
    909   h1       1 0.875000 0.625000       1 0.888889 0.666667       1       1       1     0.324074
    910   h1       1 0.875000 0.625000       1 0.888889 0.666667       1       1       1     0.324074
    911   h1       1 0.772059 1.000000       1 0.631579 0.947368       1       1       1     0.461952
    912   h1       1 0.875000 1.000000       1 0.666667 1.000000       1       1       1     0.583333
    913   h1       1 0.875000 1.000000       1 0.666667 1.000000       1       1       1     0.583333
    914   h1       1 0.875000 1.000000       1 0.666667 1.000000       1       1       1     0.583333
    915   h1       1 0.875000 1.000000       1 0.666667 1.000000       1       1       1     0.583333