 ChipID Half   Layer0  Layer1  Layer2   Layer3  Layer4   Layer5   Layer6  Layer7  Layer8  Pseaudo_Eff
    344   h0 0.585938       1       1 0.629630       1 0.631579 0.695652       1       1     0.162090
    345   h0 0.625000       1       1 0.666667       1 0.666667 0.727273       1       1     0.202020
    346   h0 0.625000       1       1 0.666667       1 0.666667 0.727273       1       1     0.202020
    347   h0 0.937500       1       1 0.944444       1 0.947368 0.782609       1       1     0.656465
    348   h0 1.000000       1       1 1.000000       1 1.000000 0.818182       1       1     0.818182
    349   h0 1.000000       1       1 1.000000       1 1.000000 0.727273       1       1     0.727273
    350   h0 0.585938       1       1 0.629630       1 0.894737 0.695652       1       1     0.229628
    351   h0 0.625000       1       1 0.666667       1 1.000000 0.727273       1       1     0.303030
    352   h0 0.625000       1       1 0.666667       1 1.000000 0.727273       1       1     0.303030
    353   h0 0.937500       1       1 0.734568       1 0.596491 0.956522       1       1     0.392918
    354   h0 1.000000       1       1 0.777778       1 0.666667 1.000000       1       1     0.518519
    355   h0 1.000000       1       1 0.777778       1 0.666667 1.000000       1       1     0.518519
    392   h0 0.585938       1       1 0.629630       1 0.631579 0.956522       1       1     0.222874
    393   h0 0.625000       1       1 0.666667       1 0.666667 1.000000       1       1     0.277778
    394   h0 0.625000       1       1 0.666667       1 0.666667 1.000000       1       1     0.277778
    395   h0 0.625000       1       1 0.666667       1 0.666667 1.000000       1       1     0.277778
    396   h0 0.937500       1       1 0.839506       1 0.947368 0.695652       1       1     0.518688
    397   h0 1.000000       1       1 0.888889       1 1.000000 0.727273       1       1     0.646465
    398   h0 1.000000       1       1 0.888889       1 1.000000 0.727273       1       1     0.646465
    399   h0 1.000000       1       1 0.888889       1 1.000000 0.727273       1       1     0.646465
    400   h0 0.421875       1       1 0.666667       1 0.654971 0.513834       1       1     0.094654
    401   h0 0.750000       1       1 1.000000       1 0.888889 0.909091       1       1     0.606061
    402   h0 0.750000       1       1 1.000000       1 0.888889 0.909091       1       1     0.606061
    403   h0 0.750000       1       1 1.000000       1 0.888889 0.909091       1       1     0.606061
    404   h0 0.601562       1       1 0.586420       1 0.625731 0.529644       1       1     0.116913
    405   h0 0.875000       1       1 0.666667       1 0.666667 0.727273       1       1     0.282828
    406   h0 0.875000       1       1 0.666667       1 0.666667 0.727273       1       1     0.282828
    407   h0 0.875000       1       1 0.666667       1 0.666667 0.727273       1       1     0.282828
    408   h0 0.515625       1       1 0.833333       1 0.947368 0.509881       1       1     0.207559
    409   h0 0.750000       1       1 1.000000       1 1.000000 0.727273       1       1     0.545455
    410   h0 0.750000       1       1 1.000000       1 1.000000 0.727273       1       1     0.545455
    411   h0 0.750000       1       1 1.000000       1 1.000000 0.727273       1       1     0.545455
    412   h0 0.656250       1       1 0.580247       1 0.631579 0.695652       1       1     0.167302
    413   h0 0.875000       1       1 0.666667       1 0.666667 1.000000       1       1     0.388889
    414   h0 0.875000       1       1 0.666667       1 0.666667 1.000000       1       1     0.388889
    415   h0 0.875000       1       1 0.666667       1 0.666667 1.000000       1       1     0.388889
    416   h0 0.382812       1       1 0.611111       1 0.684211 0.537549       1       1     0.086043
    417   h0 0.875000       1       1 1.000000       1 1.000000 0.727273       1       1     0.636364
    418   h0 0.875000       1       1 1.000000       1 1.000000 0.727273       1       1     0.636364
    419   h0 0.875000       1       1 1.000000       1 1.000000 0.727273       1       1     0.636364
    420   h0 0.703125       1       1 0.629630       1 0.842105 0.956522       1       1     0.356598
    421   h0 0.750000       1       1 0.666667       1 0.888889 1.000000       1       1     0.444444
    422   h0 0.750000       1       1 0.666667       1 0.888889 1.000000       1       1     0.444444
    423   h0 0.750000       1       1 0.666667       1 0.888889 1.000000       1       1     0.444444
    424   h0 0.937500       1       1 0.944444       1 0.625731 0.695652       1       1     0.385414
    425   h0 1.000000       1       1 1.000000       1 0.666667 0.727273       1       1     0.484848
    426   h0 1.000000       1       1 1.000000       1 0.666667 0.727273       1       1     0.484848
    427   h0 1.000000       1       1 1.000000       1 0.666667 0.727273       1       1     0.484848
    448   h0 0.703125       1       1 0.734568       1 0.631579 0.482213       1       1     0.157301
    449   h0 0.750000       1       1 0.777778       1 0.666667 0.727273       1       1     0.282828
    450   h0 0.750000       1       1 0.777778       1 0.666667 0.727273       1       1     0.282828
    451   h0 0.750000       1       1 0.777778       1 0.666667 0.727273       1       1     0.282828
    452   h0 0.750000       1       1 0.777778       1 0.666667 0.727273       1       1     0.282828
    453   h0 0.000000       1       1 0.629630       1 0.842105 0.158103       1       1     0.000000
    454   h0 0.687500       1       1 0.666667       1 0.888889 0.909091       1       1     0.370370
    455   h0 1.000000       1       1 0.666667       1 0.888889 0.909091       1       1     0.538721
    456   h0 1.000000       1       1 0.666667       1 0.888889 0.909091       1       1     0.538721
    457   h0 1.000000       1       1 0.666667       1 0.888889 0.909091       1       1     0.538721
    458   h0 0.703125       1       1 0.419753       1 0.631579 0.347826       1       1     0.064836
    459   h0 0.750000       1       1 0.617284       1 0.666667 0.695652       1       1     0.214707
    460   h0 0.750000       1       1 0.666667       1 0.666667 0.727273       1       1     0.242424
    461   h0 0.750000       1       1 0.666667       1 0.666667 0.727273       1       1     0.242424
    462   h0 0.750000       1       1 0.666667       1 0.666667 0.727273       1       1     0.242424
    463   h0 0.820312       1       1 0.944444       1 0.842105 0.782609       1       1     0.510584
    464   h0 0.875000       1       1 1.000000       1 0.888889 0.818182       1       1     0.636364
    465   h0 0.875000       1       1 1.000000       1 0.888889 0.818182       1       1     0.636364
    466   h0 0.875000       1       1 1.000000       1 0.888889 0.818182       1       1     0.636364
    467   h0 0.875000       1       1 1.000000       1 0.888889 0.818182       1       1     0.636364
    812   h1 0.546875       1       1 0.623457       1 0.631579 0.727273       1       1     0.156610
    813   h1 0.625000       1       1 0.666667       1 0.666667 0.727273       1       1     0.202020
    814   h1 0.625000       1       1 0.666667       1 0.666667 0.727273       1       1     0.202020
    815   h1 0.875000       1       1 0.944444       1 0.947368 0.818182       1       1     0.640550
    816   h1 1.000000       1       1 1.000000       1 1.000000 0.818182       1       1     0.818182
    817   h1 1.000000       1       1 1.000000       1 1.000000 0.818182       1       1     0.818182
    818   h1 0.546875       1       1 0.629630       1 0.947368 0.727273       1       1     0.237241
    819   h1 0.625000       1       1 0.666667       1 1.000000 0.727273       1       1     0.303030
    820   h1 0.625000       1       1 0.666667       1 1.000000 0.727273       1       1     0.303030
    821   h1 0.875000       1       1 0.839506       1 0.736842 1.000000       1       1     0.541261
    822   h1 1.000000       1       1 0.777778       1 0.754386 1.000000       1       1     0.586745
    823   h1 1.000000       1       1 0.777778       1 0.666667 1.000000       1       1     0.518519
    860   h1 0.546875       1       1 0.629630       1 0.631579 1.000000       1       1     0.217471
    861   h1 0.625000       1       1 0.666667       1 0.666667 1.000000       1       1     0.277778
    862   h1 0.625000       1       1 0.666667       1 0.666667 1.000000       1       1     0.277778
    863   h1 0.625000       1       1 0.666667       1 0.666667 1.000000       1       1     0.277778
    864   h1 0.875000       1       1 0.839506       1 0.947368 0.727273       1       1     0.506114
    865   h1 1.000000       1       1 0.888889       1 1.000000 0.727273       1       1     0.646465
    866   h1 1.000000       1       1 0.888889       1 1.000000 0.727273       1       1     0.646465
    867   h1 1.000000       1       1 0.888889       1 1.000000 0.727273       1       1     0.646465
    868   h1 0.468750       1       1 0.666667       1 0.654971 0.513834       1       1     0.105171
    869   h1 0.750000       1       1 1.000000       1 0.888889 0.909091       1       1     0.606061
    870   h1 0.750000       1       1 1.000000       1 0.888889 0.909091       1       1     0.606061
    871   h1 0.750000       1       1 1.000000       1 0.888889 0.909091       1       1     0.606061
    872   h1 0.601562       1       1 0.586420       1 0.625731 0.561265       1       1     0.123892
    873   h1 0.875000       1       1 0.666667       1 0.666667 0.727273       1       1     0.282828
    874   h1 0.875000       1       1 0.666667       1 0.666667 0.727273       1       1     0.282828
    875   h1 0.875000       1       1 0.666667       1 0.666667 0.727273       1       1     0.282828
    876   h1 0.601562       1       1 0.888889       1 0.947368 0.537549       1       1     0.272311
    877   h1 0.875000       1       1 1.000000       1 1.000000 0.727273       1       1     0.636364
    878   h1 0.875000       1       1 1.000000       1 1.000000 0.727273       1       1     0.636364
    879   h1 0.875000       1       1 1.000000       1 1.000000 0.727273       1       1     0.636364
    880   h1 0.515625       1       1 0.580247       1 0.643275 0.739130       1       1     0.142254
    881   h1 0.750000       1       1 0.666667       1 0.666667 1.000000       1       1     0.333333
    882   h1 0.750000       1       1 0.666667       1 0.666667 1.000000       1       1     0.333333
    883   h1 0.750000       1       1 0.666667       1 0.666667 1.000000       1       1     0.333333
    884   h1 0.328125       1       1 0.611111       1 0.684211 0.569170       1       1     0.078089
    885   h1 0.875000       1       1 1.000000       1 1.000000 0.727273       1       1     0.636364
    886   h1 0.875000       1       1 1.000000       1 1.000000 0.727273       1       1     0.636364
    887   h1 0.875000       1       1 1.000000       1 1.000000 0.727273       1       1     0.636364
    888   h1 0.703125       1       1 0.629630       1 0.947368 1.000000       1       1     0.419408
    889   h1 0.750000       1       1 0.666667       1 1.000000 1.000000       1       1     0.500000
    890   h1 0.750000       1       1 0.666667       1 1.000000 1.000000       1       1     0.500000
    891   h1 0.750000       1       1 0.666667       1 1.000000 1.000000       1       1     0.500000
    892   h1 0.937500       1       1 0.944444       1 0.526316 0.727273       1       1     0.338915
    893   h1 1.000000       1       1 1.000000       1 0.578947 0.727273       1       1     0.421053
    894   h1 1.000000       1       1 1.000000       1 0.666667 0.727273       1       1     0.484848
    895   h1 1.000000       1       1 1.000000       1 0.619883 0.727273       1       1     0.450824
    916   h1 0.656250       1       1 0.691358       1 0.631579 0.584980       1       1     0.167626
    917   h1 0.750000       1       1 0.777778       1 0.666667 0.727273       1       1     0.282828
    918   h1 0.750000       1       1 0.777778       1 0.666667 0.727273       1       1     0.282828
    919   h1 0.750000       1       1 0.777778       1 0.666667 0.727273       1       1     0.282828
    920   h1 0.750000       1       1 0.777778       1 0.666667 0.727273       1       1     0.282828
    921   h1 0.000000       1       1 0.691358       1 0.736842 0.217391       1       1     0.000000
    922   h1 0.601562       1       1 0.777778       1 0.777778 1.000000       1       1     0.363908
    923   h1 0.875000       1       1 0.777778       1 0.777778 1.000000       1       1     0.529321
    924   h1 0.875000       1       1 0.777778       1 0.777778 1.000000       1       1     0.529321
    925   h1 0.875000       1       1 0.777778       1 0.777778 1.000000       1       1     0.529321
    926   h1 0.656250       1       1 0.419753       1 0.631579 0.272727       1       1     0.047448
    927   h1 0.750000       1       1 0.617284       1 0.666667 0.707510       1       1     0.218367
    928   h1 0.750000       1       1 0.666667       1 0.666667 0.727273       1       1     0.242424
    929   h1 0.750000       1       1 0.666667       1 0.666667 0.727273       1       1     0.242424
    930   h1 0.750000       1       1 0.666667       1 0.666667 0.727273       1       1     0.242424
    931   h1 0.875000       1       1 0.944444       1 0.736842 0.818182       1       1     0.498206
    932   h1 1.000000       1       1 1.000000       1 0.777778 0.818182       1       1     0.636364
    933   h1 1.000000       1       1 1.000000       1 0.777778 0.818182       1       1     0.636364
    934   h1 1.000000       1       1 1.000000       1 0.777778 0.818182       1       1     0.636364
    935   h1 1.000000       1       1 1.000000       1 0.777778 0.818182       1       1     0.636364