 ChipID Half   Layer0   Layer1   Layer2  Layer3  Layer4  Layer5  Layer6  Layer7  Layer8  Pseaudo_Eff
    229   h0 0.944444 0.629630 0.736842       1       1   0.950       1       1       1     0.416255
    230   h0 1.000000 0.666667 0.777778       1       1   1.000       1       1       1     0.518519
    231   h0 1.000000 0.666667 0.777778       1       1   1.000       1       1       1     0.518519
    232   h0 0.590278 0.944444 0.736842       1       1   0.665       1       1       1     0.273167
    233   h0 0.625000 1.000000 0.777778       1       1   0.700       1       1       1     0.340278
    234   h0 0.625000 1.000000 0.777778       1       1   0.700       1       1       1     0.340278
    235   h0 0.944444 0.629630 0.947368       1       1   0.855       1       1       1     0.481667
    236   h0 1.000000 0.666667 1.000000       1       1   0.900       1       1       1     0.600000
    237   h0 1.000000 0.666667 1.000000       1       1   0.900       1       1       1     0.600000
    238   h0 0.590278 0.839506 0.631579       1       1   0.630       1       1       1     0.197173
    239   h0 0.625000 0.888889 0.777778       1       1   0.700       1       1       1     0.302469
    240   h0 0.625000 0.888889 0.777778       1       1   0.700       1       1       1     0.302469
    241   h0 0.944444 0.734568 0.736842       1       1   0.630       1       1       1     0.322050
    242   h0 1.000000 0.777778 0.777778       1       1   0.700       1       1       1     0.423457
    243   h0 1.000000 0.777778 0.777778       1       1   0.700       1       1       1     0.423457
    288   h0 0.590278 0.839506 0.631579       1       1   0.760       1       1       1     0.237860
    289   h0 0.625000 0.888889 0.666667       1       1   0.800       1       1       1     0.296296
    290   h0 0.625000 0.888889 0.666667       1       1   0.800       1       1       1     0.296296
    291   h0 0.625000 0.888889 0.666667       1       1   0.800       1       1       1     0.296296
    292   h0 0.944444 0.734568 0.947368       1       1   0.665       1       1       1     0.437068
    293   h0 1.000000 0.777778 1.000000       1       1   0.700       1       1       1     0.544444
    294   h0 1.000000 0.777778 1.000000       1       1   0.700       1       1       1     0.544444
    295   h0 1.000000 0.777778 1.000000       1       1   0.700       1       1       1     0.544444
    296   h0 0.000000 0.734568 0.210526       1       1   0.950       1       1       1     0.000000
    297   h0 0.583333 0.777778 0.596491       1       1   1.000       1       1       1     0.270630
    298   h0 0.750000 0.777778 0.666667       1       1   1.000       1       1       1     0.388889
    299   h0 0.750000 0.777778 0.666667       1       1   1.000       1       1       1     0.388889
    300   h0 0.486111 0.500000 0.631579       1       1   0.455       1       1       1     0.069846
    301   h0 0.875000 1.000000 1.000000       1       1   0.700       1       1       1     0.612500
    302   h0 0.875000 1.000000 1.000000       1       1   0.700       1       1       1     0.612500
    303   h0 0.875000 1.000000 1.000000       1       1   0.700       1       1       1     0.612500
    304   h0 0.631944 0.512346 0.614035       1       1   0.665       1       1       1     0.132208
    305   h0 0.875000 0.666667 0.777778       1       1   0.700       1       1       1     0.317593
    306   h0 0.875000 0.666667 0.777778       1       1   0.700       1       1       1     0.317593
    307   h0 0.875000 0.666667 0.777778       1       1   0.700       1       1       1     0.317593
    308   h0 0.541667 0.722222 0.614035       1       1   0.900       1       1       1     0.216192
    309   h0 0.750000 1.000000 0.777778       1       1   1.000       1       1       1     0.583333
    310   h0 0.750000 1.000000 0.777778       1       1   1.000       1       1       1     0.583333
    311   h0 0.750000 1.000000 0.777778       1       1   1.000       1       1       1     0.583333
    312   h0 0.722222 0.469136 0.789474       1       1   0.645       1       1       1     0.172531
    313   h0 1.000000 0.666667 1.000000       1       1   0.700       1       1       1     0.466667
    314   h0 1.000000 0.666667 1.000000       1       1   0.700       1       1       1     0.466667
    315   h0 1.000000 0.666667 1.000000       1       1   0.700       1       1       1     0.466667
    316   h0 0.208333 0.444444 0.409357       1       1   0.495       1       1       1     0.018762
    317   h0 0.625000 1.000000 0.666667       1       1   0.900       1       1       1     0.375000
    318   h0 0.625000 1.000000 0.666667       1       1   0.900       1       1       1     0.375000
    319   h0 0.625000 1.000000 0.666667       1       1   0.900       1       1       1     0.375000
    320   h0 0.944444 0.419753 0.947368       1       1   0.855       1       1       1     0.321111
    321   h0 1.000000 0.617284 1.000000       1       1   0.900       1       1       1     0.555556
    322   h0 1.000000 0.666667 1.000000       1       1   0.900       1       1       1     0.600000
    323   h0 1.000000 0.666667 1.000000       1       1   0.900       1       1       1     0.600000
    324   h0 0.590278 0.944444 0.631579       1       1   0.665       1       1       1     0.234144
    325   h0 0.625000 1.000000 0.666667       1       1   0.700       1       1       1     0.291667
    326   h0 0.625000 1.000000 0.666667       1       1   0.700       1       1       1     0.291667
    327   h0 0.625000 1.000000 0.666667       1       1   0.700       1       1       1     0.291667
    328   h0 0.944444 0.629630 0.947368       1       1   0.950       1       1       1     0.535185
    329   h0 1.000000 0.666667 1.000000       1       1   1.000       1       1       1     0.666667
    330   h0 1.000000 0.666667 1.000000       1       1   1.000       1       1       1     0.666667
    331   h0 1.000000 0.666667 1.000000       1       1   1.000       1       1       1     0.666667
    697   h1 0.888889 0.592593 0.596491       1       1   1.000       1       1       1     0.314201
    698   h1 1.000000 0.666667 0.666667       1       1   1.000       1       1       1     0.444444
    699   h1 1.000000 0.666667 0.666667       1       1   1.000       1       1       1     0.444444
    700   h1 0.555556 0.888889 0.695906       1       1   0.700       1       1       1     0.240560
    701   h1 0.625000 1.000000 0.777778       1       1   0.700       1       1       1     0.340278
    702   h1 0.625000 1.000000 0.777778       1       1   0.700       1       1       1     0.340278
    703   h1 0.888889 0.592593 0.894737       1       1   0.900       1       1       1     0.424172
    704   h1 1.000000 0.666667 1.000000       1       1   0.900       1       1       1     0.600000
    705   h1 1.000000 0.666667 1.000000       1       1   0.900       1       1       1     0.600000
    706   h1 0.576389 0.790123 0.631579       1       1   0.700       1       1       1     0.201343
    707   h1 0.625000 0.888889 0.666667       1       1   0.740       1       1       1     0.274074
    708   h1 0.625000 0.888889 0.666667       1       1   0.800       1       1       1     0.296296
    709   h1 0.888889 0.691358 0.736842       1       1   0.800       1       1       1     0.362255
    710   h1 1.000000 0.777778 0.777778       1       1   0.760       1       1       1     0.459753
    711   h1 1.000000 0.777778 0.777778       1       1   0.700       1       1       1     0.423457
    756   h1 0.555556 0.888889 0.602339       1       1   0.900       1       1       1     0.267706
    757   h1 0.625000 1.000000 0.666667       1       1   0.900       1       1       1     0.375000
    758   h1 0.625000 1.000000 0.666667       1       1   0.900       1       1       1     0.375000
    759   h1 0.625000 1.000000 0.666667       1       1   0.900       1       1       1     0.375000
    760   h1 0.888889 0.691358 0.947368       1       1   0.700       1       1       1     0.407537
    761   h1 1.000000 0.777778 1.000000       1       1   0.700       1       1       1     0.544444
    762   h1 1.000000 0.777778 1.000000       1       1   0.700       1       1       1     0.544444
    763   h1 1.000000 0.777778 1.000000       1       1   0.700       1       1       1     0.544444
    764   h1 0.000000 0.691358 0.210526       1       1   1.000       1       1       1     0.000000
    765   h1 0.486111 0.777778 0.596491       1       1   1.000       1       1       1     0.225525
    766   h1 0.625000 0.777778 0.666667       1       1   1.000       1       1       1     0.324074
    767   h1 0.625000 0.777778 0.666667       1       1   1.000       1       1       1     0.324074
    768   h1 0.555556 0.444444 0.631579       1       1   0.490       1       1       1     0.076413
    769   h1 1.000000 0.888889 1.000000       1       1   0.700       1       1       1     0.622222
    770   h1 1.000000 0.888889 1.000000       1       1   0.700       1       1       1     0.622222
    771   h1 1.000000 0.888889 1.000000       1       1   0.700       1       1       1     0.622222
    772   h1 0.500000 0.481481 0.526316       1       1   0.695       1       1       1     0.088060
    773   h1 0.750000 0.666667 0.666667       1       1   0.700       1       1       1     0.233333
    774   h1 0.750000 0.666667 0.666667       1       1   0.700       1       1       1     0.233333
    775   h1 0.750000 0.666667 0.666667       1       1   0.700       1       1       1     0.233333
    776   h1 0.583333 0.777778 0.614035       1       1   0.950       1       1       1     0.264660
    777   h1 0.875000 1.000000 0.777778       1       1   1.000       1       1       1     0.680556
    778   h1 0.875000 1.000000 0.777778       1       1   1.000       1       1       1     0.680556
    779   h1 0.875000 1.000000 0.777778       1       1   1.000       1       1       1     0.680556
    780   h1 0.583333 0.506173 0.789474       1       1   0.680       1       1       1     0.158512
    781   h1 0.875000 0.666667 1.000000       1       1   0.700       1       1       1     0.408333
    782   h1 0.875000 0.666667 1.000000       1       1   0.700       1       1       1     0.408333
    783   h1 0.875000 0.666667 1.000000       1       1   0.700       1       1       1     0.408333
    784   h1 0.208333 0.444444 0.345029       1       1   0.480       1       1       1     0.015335
    785   h1 0.750000 1.000000 0.666667       1       1   0.800       1       1       1     0.400000
    786   h1 0.750000 1.000000 0.666667       1       1   0.800       1       1       1     0.400000
    787   h1 0.750000 1.000000 0.666667       1       1   0.800       1       1       1     0.400000
    788   h1 0.888889 0.395062 0.947368       1       1   1.000       1       1       1     0.332684
    789   h1 1.000000 0.629630 1.000000       1       1   1.000       1       1       1     0.629630
    790   h1 1.000000 0.666667 1.000000       1       1   1.000       1       1       1     0.666667
    791   h1 1.000000 0.666667 1.000000       1       1   1.000       1       1       1     0.666667
    792   h1 0.555556 0.888889 0.631579       1       1   0.700       1       1       1     0.218324
    793   h1 0.625000 1.000000 0.666667       1       1   0.700       1       1       1     0.291667
    794   h1 0.625000 1.000000 0.666667       1       1   0.700       1       1       1     0.291667
    795   h1 0.625000 1.000000 0.666667       1       1   0.700       1       1       1     0.291667
    796   h1 0.944444 0.592593 0.947368       1       1   1.000       1       1       1     0.530214
    797   h1 1.000000 0.666667 1.000000       1       1   1.000       1       1       1     0.666667
    798   h1 1.000000 0.666667 1.000000       1       1   1.000       1       1       1     0.666667
    799   h1 1.000000 0.666667 1.000000       1       1   1.000       1       1       1     0.666667