 ChipID Half  Layer0   Layer1  Layer2   Layer3  Layer4   Layer5   Layer6  Layer7  Layer8  Pseaudo_Eff
    332   h0       1 0.705882       1 0.629630       1 0.947368 0.784091       1       1     0.330144
    333   h0       1 0.750000       1 0.666667       1 1.000000 0.818182       1       1     0.409091
    334   h0       1 0.750000       1 0.666667       1 1.000000 0.818182       1       1     0.409091
    335   h0       1 0.823529       1 0.944444       1 0.631579 0.958333       1       1     0.470760
    336   h0       1 0.875000       1 1.000000       1 0.666667 1.000000       1       1     0.583333
    337   h0       1 0.875000       1 1.000000       1 0.666667 1.000000       1       1     0.583333
    338   h0       1 0.705882       1 0.629630       1 0.894737 0.696970       1       1     0.277158
    339   h0       1 0.750000       1 0.666667       1 1.000000 0.727273       1       1     0.363636
    340   h0       1 0.750000       1 0.666667       1 1.000000 0.818182       1       1     0.409091
    341   h0       1 0.941176       1 0.944444       1 0.596491 0.958333       1       1     0.508122
    342   h0       1 1.000000       1 1.000000       1 0.666667 1.000000       1       1     0.666667
    343   h0       1 1.000000       1 1.000000       1 0.666667 1.000000       1       1     0.666667
    356   h0       1 0.705882       1 0.629630       1 0.736842 0.696970       1       1     0.228247
    357   h0       1 0.750000       1 0.666667       1 0.777778 0.727273       1       1     0.282828
    358   h0       1 0.750000       1 0.666667       1 0.777778 0.727273       1       1     0.282828
    359   h0       1 0.750000       1 0.666667       1 0.777778 0.727273       1       1     0.282828
    360   h0       1 0.823529       1 0.944444       1 0.947368 0.696970       1       1     0.513557
    361   h0       1 0.875000       1 1.000000       1 1.000000 0.727273       1       1     0.636364
    362   h0       1 0.875000       1 1.000000       1 1.000000 0.727273       1       1     0.636364
    363   h0       1 0.875000       1 1.000000       1 1.000000 0.727273       1       1     0.636364
    364   h0       1 0.411765       1 0.419753       1 0.502924 0.424242       1       1     0.036877
    365   h0       1 0.875000       1 0.666667       1 0.666667 0.727273       1       1     0.282828
    366   h0       1 0.875000       1 0.666667       1 0.666667 0.727273       1       1     0.282828
    367   h0       1 0.875000       1 0.666667       1 0.666667 0.727273       1       1     0.282828
    368   h0       1 0.669118       1 0.790123       1 0.947368 0.537879       1       1     0.269402
    369   h0       1 0.875000       1 0.888889       1 1.000000 0.727273       1       1     0.565657
    370   h0       1 0.875000       1 0.888889       1 1.000000 0.727273       1       1     0.565657
    371   h0       1 0.875000       1 0.888889       1 1.000000 0.727273       1       1     0.565657
    372   h0       1 0.669118       1 0.691358       1 0.736842 0.750000       1       1     0.255647
    373   h0       1 0.875000       1 0.777778       1 0.777778 1.000000       1       1     0.529321
    374   h0       1 0.875000       1 0.777778       1 0.777778 1.000000       1       1     0.529321
    375   h0       1 0.875000       1 0.777778       1 0.777778 1.000000       1       1     0.529321
    376   h0       1 0.573529       1 0.648148       1 0.631579 0.613636       1       1     0.144068
    377   h0       1 0.750000       1 0.777778       1 0.666667 0.818182       1       1     0.318182
    378   h0       1 0.750000       1 0.777778       1 0.666667 0.818182       1       1     0.318182
    379   h0       1 0.750000       1 0.777778       1 0.666667 0.818182       1       1     0.318182
    380   h0       1 0.566176       1 0.722222       1 0.789474 0.545455       1       1     0.176084
    381   h0       1 0.875000       1 1.000000       1 1.000000 0.727273       1       1     0.636364
    382   h0       1 0.875000       1 1.000000       1 1.000000 0.727273       1       1     0.636364
    383   h0       1 0.875000       1 1.000000       1 1.000000 0.727273       1       1     0.636364
    384   h0       1 0.705882       1 0.629630       1 0.631579 0.784091       1       1     0.220096
    385   h0       1 0.750000       1 0.666667       1 0.666667 0.727273       1       1     0.242424
    386   h0       1 0.750000       1 0.666667       1 0.666667 0.727273       1       1     0.242424
    387   h0       1 0.750000       1 0.666667       1 0.666667 0.727273       1       1     0.242424
    388   h0       1 0.941176       1 0.944444       1 0.736842 0.696970       1       1     0.456495
    389   h0       1 1.000000       1 1.000000       1 0.777778 0.727273       1       1     0.565657
    390   h0       1 1.000000       1 1.000000       1 0.777778 0.727273       1       1     0.565657
    391   h0       1 0.875000       1 1.000000       1 0.777778 0.727273       1       1     0.494949
    428   h0       1 0.823529       1 0.629630       1 0.631579 0.871212       1       1     0.285309
    429   h0       1 0.875000       1 0.666667       1 0.666667 0.909091       1       1     0.353535
    430   h0       1 0.875000       1 0.666667       1 0.666667 0.909091       1       1     0.353535
    431   h0       1 0.875000       1 0.666667       1 0.666667 0.909091       1       1     0.353535
    432   h0       1 0.875000       1 0.666667       1 0.666667 0.909091       1       1     0.353535
    433   h0       1 0.823529       1 0.944444       1 0.947368 0.189394       1       1     0.139553
    434   h0       1 0.875000       1 1.000000       1 1.000000 0.909091       1       1     0.795455
    435   h0       1 0.875000       1 1.000000       1 1.000000 0.909091       1       1     0.795455
    436   h0       1 0.875000       1 1.000000       1 1.000000 0.909091       1       1     0.795455
    437   h0       1 0.875000       1 1.000000       1 1.000000 0.909091       1       1     0.795455
    438   h0       1 0.000000       1 0.104938       1 0.315789 0.000000       1       1     0.000000
    439   h0       1 0.529412       1 0.543210       1 0.614035 0.666667       1       1     0.117724
    440   h0       1 0.750000       1 0.666667       1 0.666667 0.727273       1       1     0.242424
    441   h0       1 0.750000       1 0.666667       1 0.666667 0.727273       1       1     0.242424
    442   h0       1 0.750000       1 0.666667       1 0.666667 0.727273       1       1     0.242424
    443   h0       1 0.823529       1 0.944444       1 0.947368 0.958333       1       1     0.706140
    444   h0       1 0.875000       1 1.000000       1 1.000000 1.000000       1       1     0.875000
    445   h0       1 0.875000       1 1.000000       1 1.000000 1.000000       1       1     0.875000
    446   h0       1 0.875000       1 1.000000       1 1.000000 1.000000       1       1     0.875000
    447   h0       1 0.875000       1 1.000000       1 1.000000 1.000000       1       1     0.875000
    800   h1       1 0.661765       1 0.592593       1 0.947368 0.871212       1       1     0.323670
    801   h1       1 0.750000       1 0.666667       1 1.000000 0.909091       1       1     0.454545
    802   h1       1 0.750000       1 0.666667       1 1.000000 0.909091       1       1     0.454545
    803   h1       1 0.882353       1 0.944444       1 0.631579 0.958333       1       1     0.504386
    804   h1       1 1.000000       1 1.000000       1 0.666667 1.000000       1       1     0.666667
    805   h1       1 1.000000       1 1.000000       1 0.666667 1.000000       1       1     0.666667
    806   h1       1 0.661765       1 0.629630       1 0.842105 0.784091       1       1     0.275120
    807   h1       1 0.750000       1 0.666667       1 0.918129 0.818182       1       1     0.375598
    808   h1       1 0.750000       1 0.666667       1 1.000000 0.818182       1       1     0.409091
    809   h1       1 0.772059       1 0.944444       1 0.736842 0.958333       1       1     0.514894
    810   h1       1 0.875000       1 1.000000       1 0.748538 1.000000       1       1     0.654971
    811   h1       1 0.875000       1 1.000000       1 0.666667 1.000000       1       1     0.583333
    824   h1       1 0.661765       1 0.629630       1 0.736842 0.696970       1       1     0.213982
    825   h1       1 0.750000       1 0.666667       1 0.777778 0.727273       1       1     0.282828
    826   h1       1 0.750000       1 0.666667       1 0.777778 0.727273       1       1     0.282828
    827   h1       1 0.750000       1 0.666667       1 0.777778 0.727273       1       1     0.282828
    828   h1       1 0.772059       1 0.944444       1 0.947368 0.696970       1       1     0.481459
    829   h1       1 1.000000       1 1.000000       1 1.000000 0.727273       1       1     0.727273
    830   h1       1 1.000000       1 1.000000       1 1.000000 0.727273       1       1     0.727273
    831   h1       1 1.000000       1 1.000000       1 1.000000 0.727273       1       1     0.727273
    832   h1       1 0.308824       1 0.450617       1 0.461988 0.469697       1       1     0.030197
    833   h1       1 0.750000       1 0.666667       1 0.666667 0.727273       1       1     0.242424
    834   h1       1 0.750000       1 0.666667       1 0.666667 0.727273       1       1     0.242424
    835   h1       1 0.750000       1 0.666667       1 0.666667 0.727273       1       1     0.242424
    836   h1       1 0.617647       1 0.790123       1 0.842105 0.568182       1       1     0.233501
    837   h1       1 0.875000       1 0.888889       1 0.888889 0.727273       1       1     0.502806
    838   h1       1 0.875000       1 0.888889       1 0.888889 0.727273       1       1     0.502806
    839   h1       1 0.875000       1 0.888889       1 0.888889 0.727273       1       1     0.502806
    840   h1       1 0.573529       1 0.691358       1 0.842105 0.750000       1       1     0.250430
    841   h1       1 0.750000       1 0.777778       1 0.888889 1.000000       1       1     0.518519
    842   h1       1 0.750000       1 0.777778       1 0.888889 1.000000       1       1     0.518519
    843   h1       1 0.750000       1 0.777778       1 0.888889 1.000000       1       1     0.518519
    844   h1       1 0.669118       1 0.691358       1 0.637427 0.613636       1       1     0.180945
    845   h1       1 0.875000       1 0.777778       1 0.666667 0.818182       1       1     0.371212
    846   h1       1 0.875000       1 0.777778       1 0.666667 0.818182       1       1     0.371212
    847   h1       1 0.875000       1 0.777778       1 0.666667 0.818182       1       1     0.371212
    848   h1       1 0.566176       1 0.777778       1 0.842105 0.515152       1       1     0.191033
    849   h1       1 0.875000       1 1.000000       1 1.000000 0.727273       1       1     0.636364
    850   h1       1 0.875000       1 1.000000       1 1.000000 0.727273       1       1     0.636364
    851   h1       1 0.875000       1 1.000000       1 1.000000 0.727273       1       1     0.636364
    852   h1       1 0.772059       1 0.629630       1 0.631579 0.696970       1       1     0.213982
    853   h1       1 0.875000       1 0.666667       1 0.666667 0.727273       1       1     0.282828
    854   h1       1 0.875000       1 0.666667       1 0.666667 0.727273       1       1     0.282828
    855   h1       1 0.875000       1 0.666667       1 0.666667 0.727273       1       1     0.282828
    856   h1       1 0.772059       1 0.944444       1 0.736842 0.696970       1       1     0.374468
    857   h1       1 0.875000       1 1.000000       1 0.777778 0.727273       1       1     0.494949
    858   h1       1 0.875000       1 1.000000       1 0.777778 0.727273       1       1     0.494949
    859   h1       1 0.875000       1 1.000000       1 0.777778 0.727273       1       1     0.494949
    896   h1       1 0.661765       1 0.604938       1 0.631579 0.958333       1       1     0.242303
    897   h1       1 0.750000       1 0.666667       1 0.666667 1.000000       1       1     0.333333
    898   h1       1 0.750000       1 0.666667       1 0.666667 1.000000       1       1     0.333333
    899   h1       1 0.750000       1 0.666667       1 0.666667 1.000000       1       1     0.333333
    900   h1       1 0.750000       1 0.666667       1 0.666667 1.000000       1       1     0.333333
    901   h1       1 0.772059       1 0.888889       1 0.947368 0.189394       1       1     0.123135
    902   h1       1 0.875000       1 1.000000       1 1.000000 0.909091       1       1     0.795455
    903   h1       1 0.875000       1 1.000000       1 1.000000 0.909091       1       1     0.795455
    904   h1       1 0.875000       1 1.000000       1 1.000000 0.909091       1       1     0.795455
    905   h1       1 0.875000       1 1.000000       1 1.000000 0.909091       1       1     0.795455
    906   h1       1 0.000000       1 0.104938       1 0.315789 0.000000       1       1     0.000000
    907   h1       1 0.617647       1 0.574074       1 0.631579 0.666667       1       1     0.149295
    908   h1       1 0.875000       1 0.666667       1 0.666667 0.727273       1       1     0.282828
    909   h1       1 0.875000       1 0.666667       1 0.666667 0.727273       1       1     0.282828
    910   h1       1 0.875000       1 0.666667       1 0.666667 0.727273       1       1     0.282828
    911   h1       1 0.772059       1 0.944444       1 0.947368 0.958333       1       1     0.662007
    912   h1       1 0.875000       1 1.000000       1 1.000000 1.000000       1       1     0.875000
    913   h1       1 0.875000       1 1.000000       1 1.000000 1.000000       1       1     0.875000
    914   h1       1 0.875000       1 1.000000       1 1.000000 1.000000       1       1     0.875000
    915   h1       1 0.875000       1 1.000000       1 1.000000 1.000000       1       1     0.875000