 ChipID Half   Layer0  Layer1  Layer2  Layer3   Layer4  Layer5   Layer6  Layer7   Layer8  Pseaudo_Eff
    344   h0 0.585938       1       1       1 0.839506       1 0.695652       1 0.641026     0.219353
    345   h0 0.625000       1       1       1 0.888889       1 0.727273       1 0.666667     0.269360
    346   h0 0.625000       1       1       1 0.888889       1 0.727273       1 0.714744     0.288785
    347   h0 0.937500       1       1       1 0.629630       1 0.782609       1 0.801282     0.370157
    348   h0 1.000000       1       1       1 0.666667       1 0.818182       1 0.833333     0.454545
    349   h0 1.000000       1       1       1 0.666667       1 0.727273       1 0.788462     0.382284
    350   h0 0.585938       1       1       1 0.839506       1 0.695652       1 0.961538     0.329029
    351   h0 0.625000       1       1       1 0.888889       1 0.727273       1 1.000000     0.404040
    352   h0 0.625000       1       1       1 0.888889       1 0.727273       1 1.000000     0.404040
    353   h0 0.937500       1       1       1 0.839506       1 0.956522       1 0.801282     0.603220
    354   h0 1.000000       1       1       1 0.888889       1 1.000000       1 0.833333     0.740741
    355   h0 1.000000       1       1       1 0.888889       1 1.000000       1 0.833333     0.740741
    392   h0 0.585938       1       1       1 0.944444       1 0.956522       1 0.721154     0.381725
    393   h0 0.625000       1       1       1 1.000000       1 1.000000       1 0.750000     0.468750
    394   h0 0.625000       1       1       1 1.000000       1 1.000000       1 0.750000     0.468750
    395   h0 0.625000       1       1       1 1.000000       1 1.000000       1 0.750000     0.468750
    396   h0 0.937500       1       1       1 0.629630       1 0.695652       1 0.721154     0.296126
    397   h0 1.000000       1       1       1 0.666667       1 0.727273       1 0.750000     0.363636
    398   h0 1.000000       1       1       1 0.666667       1 0.727273       1 0.750000     0.363636
    399   h0 1.000000       1       1       1 0.666667       1 0.727273       1 0.750000     0.363636
    400   h0 0.421875       1       1       1 0.777778       1 0.513834       1 0.435897     0.073493
    401   h0 0.750000       1       1       1 1.000000       1 0.909091       1 0.750000     0.511364
    402   h0 0.750000       1       1       1 1.000000       1 0.909091       1 0.750000     0.511364
    403   h0 0.750000       1       1       1 1.000000       1 0.909091       1 0.750000     0.511364
    404   h0 0.601562       1       1       1 0.691358       1 0.529644       1 0.544872     0.120022
    405   h0 0.875000       1       1       1 0.777778       1 0.727273       1 0.750000     0.371212
    406   h0 0.875000       1       1       1 0.777778       1 0.727273       1 0.750000     0.371212
    407   h0 0.875000       1       1       1 0.777778       1 0.727273       1 0.750000     0.371212
    408   h0 0.515625       1       1       1 0.691358       1 0.509881       1 0.554487     0.100785
    409   h0 0.750000       1       1       1 0.777778       1 0.727273       1 0.750000     0.318182
    410   h0 0.750000       1       1       1 0.777778       1 0.727273       1 0.750000     0.318182
    411   h0 0.750000       1       1       1 0.777778       1 0.727273       1 0.750000     0.318182
    412   h0 0.656250       1       1       1 0.888889       1 0.695652       1 0.608974     0.247120
    413   h0 0.875000       1       1       1 1.000000       1 1.000000       1 0.833333     0.729167
    414   h0 0.875000       1       1       1 1.000000       1 1.000000       1 0.833333     0.729167
    415   h0 0.875000       1       1       1 1.000000       1 1.000000       1 0.833333     0.729167
    416   h0 0.382812       1       1       1 0.450617       1 0.537549       1 0.653846     0.060630
    417   h0 0.875000       1       1       1 0.666667       1 0.727273       1 1.000000     0.424242
    418   h0 0.875000       1       1       1 0.666667       1 0.727273       1 1.000000     0.424242
    419   h0 0.875000       1       1       1 0.666667       1 0.727273       1 1.000000     0.424242
    420   h0 0.703125       1       1       1 0.944444       1 0.956522       1 0.721154     0.458070
    421   h0 0.750000       1       1       1 1.000000       1 1.000000       1 0.750000     0.562500
    422   h0 0.750000       1       1       1 1.000000       1 1.000000       1 0.750000     0.562500
    423   h0 0.750000       1       1       1 1.000000       1 1.000000       1 0.750000     0.562500
    424   h0 0.937500       1       1       1 0.629630       1 0.695652       1 0.801282     0.329029
    425   h0 1.000000       1       1       1 0.666667       1 0.727273       1 0.833333     0.404040
    426   h0 1.000000       1       1       1 0.666667       1 0.727273       1 0.750000     0.363636
    427   h0 1.000000       1       1       1 0.666667       1 0.727273       1 0.782051     0.379176
    448   h0 0.703125       1       1       1 0.944444       1 0.482213       1 0.961538     0.307904
    449   h0 0.750000       1       1       1 1.000000       1 0.727273       1 1.000000     0.545455
    450   h0 0.750000       1       1       1 1.000000       1 0.727273       1 1.000000     0.545455
    451   h0 0.750000       1       1       1 1.000000       1 0.727273       1 1.000000     0.545455
    452   h0 0.750000       1       1       1 1.000000       1 0.727273       1 1.000000     0.545455
    453   h0 0.000000       1       1       1 0.104938       1 0.158103       1 0.035256     0.000000
    454   h0 0.687500       1       1       1 0.574074       1 0.909091       1 0.916667     0.328897
    455   h0 1.000000       1       1       1 0.666667       1 0.909091       1 0.916667     0.555556
    456   h0 1.000000       1       1       1 0.666667       1 0.909091       1 0.916667     0.555556
    457   h0 1.000000       1       1       1 0.666667       1 0.909091       1 0.916667     0.555556
    458   h0 0.703125       1       1       1 0.944444       1 0.347826       1 0.801282     0.185079
    459   h0 0.750000       1       1       1 1.000000       1 0.695652       1 0.833333     0.434783
    460   h0 0.750000       1       1       1 1.000000       1 0.727273       1 0.833333     0.454545
    461   h0 0.750000       1       1       1 1.000000       1 0.727273       1 0.833333     0.454545
    462   h0 0.750000       1       1       1 1.000000       1 0.727273       1 0.833333     0.454545
    463   h0 0.820312       1       1       1 0.629630       1 0.782609       1 0.641026     0.259110
    464   h0 0.875000       1       1       1 0.666667       1 0.818182       1 0.666667     0.318182
    465   h0 0.875000       1       1       1 0.666667       1 0.818182       1 0.666667     0.318182
    466   h0 0.875000       1       1       1 0.666667       1 0.818182       1 0.666667     0.318182
    467   h0 0.875000       1       1       1 0.666667       1 0.818182       1 0.676282     0.322771
    812   h1 0.546875       1       1       1 0.888889       1 0.727273       1 0.750000     0.265152
    813   h1 0.625000       1       1       1 0.777778       1 0.727273       1 0.750000     0.265152
    814   h1 0.625000       1       1       1 0.777778       1 0.727273       1 0.750000     0.265152
    815   h1 0.875000       1       1       1 0.666667       1 0.818182       1 0.750000     0.357955
    816   h1 1.000000       1       1       1 0.666667       1 0.818182       1 0.750000     0.409091
    817   h1 1.000000       1       1       1 0.666667       1 0.818182       1 0.750000     0.409091
    818   h1 0.546875       1       1       1 0.888889       1 0.727273       1 1.000000     0.353535
    819   h1 0.625000       1       1       1 0.888889       1 0.727273       1 1.000000     0.404040
    820   h1 0.625000       1       1       1 0.888889       1 0.727273       1 1.000000     0.404040
    821   h1 0.875000       1       1       1 0.777778       1 1.000000       1 0.833333     0.567130
    822   h1 1.000000       1       1       1 0.777778       1 1.000000       1 0.833333     0.648148
    823   h1 1.000000       1       1       1 0.777778       1 1.000000       1 0.833333     0.648148
    860   h1 0.546875       1       1       1 1.000000       1 1.000000       1 0.750000     0.410156
    861   h1 0.625000       1       1       1 1.000000       1 1.000000       1 0.750000     0.468750
    862   h1 0.625000       1       1       1 1.000000       1 1.000000       1 0.750000     0.468750
    863   h1 0.625000       1       1       1 1.000000       1 1.000000       1 0.750000     0.468750
    864   h1 0.875000       1       1       1 0.666667       1 0.727273       1 0.833333     0.353535
    865   h1 1.000000       1       1       1 0.666667       1 0.727273       1 0.833333     0.404040
    866   h1 1.000000       1       1       1 0.666667       1 0.727273       1 0.833333     0.404040
    867   h1 1.000000       1       1       1 0.666667       1 0.727273       1 0.833333     0.404040
    868   h1 0.468750       1       1       1 0.833333       1 0.513834       1 0.474359     0.095212
    869   h1 0.750000       1       1       1 1.000000       1 0.909091       1 0.750000     0.511364
    870   h1 0.750000       1       1       1 1.000000       1 0.909091       1 0.750000     0.511364
    871   h1 0.750000       1       1       1 1.000000       1 0.909091       1 0.750000     0.511364
    872   h1 0.601562       1       1       1 0.629630       1 0.561265       1 0.564103     0.119920
    873   h1 0.875000       1       1       1 0.666667       1 0.727273       1 0.750000     0.318182
    874   h1 0.875000       1       1       1 0.666667       1 0.727273       1 0.750000     0.318182
    875   h1 0.875000       1       1       1 0.666667       1 0.727273       1 0.750000     0.318182
    876   h1 0.601562       1       1       1 0.734568       1 0.537549       1 0.576923     0.137041
    877   h1 0.875000       1       1       1 0.777778       1 0.727273       1 0.750000     0.371212
    878   h1 0.875000       1       1       1 0.777778       1 0.727273       1 0.750000     0.371212
    879   h1 0.875000       1       1       1 0.777778       1 0.727273       1 0.750000     0.371212
    880   h1 0.515625       1       1       1 0.839506       1 0.739130       1 0.634615     0.203044
    881   h1 0.750000       1       1       1 0.888889       1 1.000000       1 0.916667     0.611111
    882   h1 0.750000       1       1       1 0.888889       1 1.000000       1 0.916667     0.611111
    883   h1 0.750000       1       1       1 0.888889       1 1.000000       1 0.916667     0.611111
    884   h1 0.328125       1       1       1 0.450617       1 0.569170       1 0.692308     0.058262
    885   h1 0.875000       1       1       1 0.666667       1 0.727273       1 1.000000     0.424242
    886   h1 0.875000       1       1       1 0.666667       1 0.727273       1 1.000000     0.424242
    887   h1 0.875000       1       1       1 0.666667       1 0.727273       1 1.000000     0.424242
    888   h1 0.703125       1       1       1 1.000000       1 1.000000       1 0.750000     0.527344
    889   h1 0.750000       1       1       1 1.000000       1 1.000000       1 0.750000     0.562500
    890   h1 0.750000       1       1       1 1.000000       1 1.000000       1 0.801282     0.600962
    891   h1 0.750000       1       1       1 1.000000       1 1.000000       1 0.804487     0.603365
    892   h1 0.937500       1       1       1 0.666667       1 0.727273       1 0.833333     0.378788
    893   h1 1.000000       1       1       1 0.666667       1 0.727273       1 0.833333     0.404040
    894   h1 1.000000       1       1       1 0.666667       1 0.727273       1 0.785256     0.380730
    895   h1 1.000000       1       1       1 0.666667       1 0.727273       1 0.750000     0.363636
    916   h1 0.656250       1       1       1 1.000000       1 0.584980       1 1.000000     0.383893
    917   h1 0.750000       1       1       1 1.000000       1 0.727273       1 1.000000     0.545455
    918   h1 0.750000       1       1       1 1.000000       1 0.727273       1 1.000000     0.545455
    919   h1 0.750000       1       1       1 1.000000       1 0.727273       1 1.000000     0.545455
    920   h1 0.750000       1       1       1 1.000000       1 0.727273       1 1.000000     0.545455
    921   h1 0.000000       1       1       1 0.222222       1 0.217391       1 0.064103     0.000000
    922   h1 0.601562       1       1       1 0.617284       1 1.000000       1 0.833333     0.309446
    923   h1 0.875000       1       1       1 0.666667       1 1.000000       1 0.833333     0.486111
    924   h1 0.875000       1       1       1 0.666667       1 1.000000       1 0.833333     0.486111
    925   h1 0.875000       1       1       1 0.666667       1 1.000000       1 0.833333     0.486111
    926   h1 0.656250       1       1       1 1.000000       1 0.272727       1 0.750000     0.134233
    927   h1 0.750000       1       1       1 1.000000       1 0.707510       1 0.750000     0.397974
    928   h1 0.750000       1       1       1 1.000000       1 0.727273       1 0.750000     0.409091
    929   h1 0.750000       1       1       1 1.000000       1 0.727273       1 0.750000     0.409091
    930   h1 0.750000       1       1       1 1.000000       1 0.727273       1 0.750000     0.409091
    931   h1 0.875000       1       1       1 0.666667       1 0.818182       1 0.666667     0.318182
    932   h1 1.000000       1       1       1 0.666667       1 0.818182       1 0.666667     0.363636
    933   h1 1.000000       1       1       1 0.666667       1 0.818182       1 0.666667     0.363636
    934   h1 1.000000       1       1       1 0.666667       1 0.818182       1 0.695513     0.379371
    935   h1 1.000000       1       1       1 0.666667       1 0.818182       1 0.750000     0.409091