 ChipID Half  Layer0  Layer1   Layer2  Layer3  Layer4   Layer5  Layer6   Layer7   Layer8  Pseaudo_Eff
    344   h0       1       1 0.941176       1       1 0.631579       1 0.958333 0.641026     0.365166
    345   h0       1       1 1.000000       1       1 0.666667       1 1.000000 0.666667     0.444444
    346   h0       1       1 1.000000       1       1 0.666667       1 1.000000 0.714744     0.476496
    347   h0       1       1 0.588235       1       1 0.947368       1 0.696970 0.801282     0.311221
    348   h0       1       1 0.625000       1       1 1.000000       1 0.727273 0.833333     0.378788
    349   h0       1       1 0.625000       1       1 1.000000       1 0.727273 0.788462     0.358392
    350   h0       1       1 0.941176       1       1 0.894737       1 0.784091 0.961538     0.634891
    351   h0       1       1 1.000000       1       1 1.000000       1 0.818182 1.000000     0.818182
    352   h0       1       1 1.000000       1       1 1.000000       1 0.818182 1.000000     0.818182
    353   h0       1       1 0.588235       1       1 0.596491       1 0.958333 0.801282     0.269437
    354   h0       1       1 0.625000       1       1 0.666667       1 1.000000 0.833333     0.347222
    355   h0       1       1 0.625000       1       1 0.666667       1 1.000000 0.833333     0.347222
    392   h0       1       1 0.941176       1       1 0.631579       1 0.696970 0.721154     0.298772
    393   h0       1       1 1.000000       1       1 0.666667       1 0.727273 0.750000     0.363636
    394   h0       1       1 1.000000       1       1 0.666667       1 0.727273 0.750000     0.363636
    395   h0       1       1 1.000000       1       1 0.666667       1 0.727273 0.750000     0.363636
    396   h0       1       1 0.705882       1       1 0.947368       1 0.696970 0.721154     0.336119
    397   h0       1       1 0.750000       1       1 1.000000       1 0.727273 0.750000     0.409091
    398   h0       1       1 0.750000       1       1 1.000000       1 0.727273 0.750000     0.409091
    399   h0       1       1 0.750000       1       1 1.000000       1 0.727273 0.750000     0.409091
    400   h0       1       1 0.566176       1       1 0.654971       1 0.515152 0.435897     0.083271
    401   h0       1       1 0.875000       1       1 0.888889       1 0.727273 0.750000     0.424242
    402   h0       1       1 0.875000       1       1 0.888889       1 0.727273 0.750000     0.424242
    403   h0       1       1 0.875000       1       1 0.888889       1 0.727273 0.750000     0.424242
    404   h0       1       1 0.669118       1       1 0.625731       1 0.647727 0.544872     0.147767
    405   h0       1       1 0.875000       1       1 0.666667       1 0.818182 0.750000     0.357955
    406   h0       1       1 0.875000       1       1 0.666667       1 0.818182 0.750000     0.357955
    407   h0       1       1 0.875000       1       1 0.666667       1 0.818182 0.750000     0.357955
    408   h0       1       1 0.617647       1       1 0.947368       1 0.750000 0.554487     0.243339
    409   h0       1       1 0.750000       1       1 1.000000       1 1.000000 0.750000     0.562500
    410   h0       1       1 0.750000       1       1 1.000000       1 1.000000 0.750000     0.562500
    411   h0       1       1 0.750000       1       1 1.000000       1 1.000000 0.750000     0.562500
    412   h0       1       1 0.823529       1       1 0.631579       1 0.575758 0.608974     0.182367
    413   h0       1       1 1.000000       1       1 0.666667       1 0.727273 0.833333     0.404040
    414   h0       1       1 1.000000       1       1 0.666667       1 0.727273 0.833333     0.404040
    415   h0       1       1 1.000000       1       1 0.666667       1 0.727273 0.833333     0.404040
    416   h0       1       1 0.352941       1       1 0.684211       1 0.469697 0.653846     0.074163
    417   h0       1       1 0.625000       1       1 1.000000       1 0.727273 1.000000     0.454545
    418   h0       1       1 0.625000       1       1 1.000000       1 0.727273 1.000000     0.454545
    419   h0       1       1 0.625000       1       1 1.000000       1 0.727273 1.000000     0.454545
    420   h0       1       1 0.941176       1       1 0.842105       1 0.696970 0.721154     0.398363
    421   h0       1       1 1.000000       1       1 0.888889       1 0.727273 0.750000     0.484848
    422   h0       1       1 1.000000       1       1 0.888889       1 0.727273 0.750000     0.484848
    423   h0       1       1 1.000000       1       1 0.888889       1 0.727273 0.750000     0.484848
    424   h0       1       1 0.588235       1       1 0.625731       1 0.696970 0.801282     0.205560
    425   h0       1       1 0.625000       1       1 0.666667       1 0.727273 0.833333     0.252525
    426   h0       1       1 0.625000       1       1 0.666667       1 0.727273 0.750000     0.227273
    427   h0       1       1 0.625000       1       1 0.666667       1 0.727273 0.782051     0.236985
    448   h0       1       1 0.823529       1       1 0.631579       1 0.958333 0.961538     0.479281
    449   h0       1       1 0.875000       1       1 0.666667       1 1.000000 1.000000     0.583333
    450   h0       1       1 0.875000       1       1 0.666667       1 1.000000 1.000000     0.583333
    451   h0       1       1 0.875000       1       1 0.666667       1 1.000000 1.000000     0.583333
    452   h0       1       1 0.875000       1       1 0.666667       1 1.000000 1.000000     0.583333
    453   h0       1       1 0.000000       1       1 0.842105       1 0.000000 0.035256     0.000000
    454   h0       1       1 0.573529       1       1 0.888889       1 0.696970 0.916667     0.325708
    455   h0       1       1 0.750000       1       1 0.888889       1 0.727273 0.916667     0.444444
    456   h0       1       1 0.750000       1       1 0.888889       1 0.727273 0.916667     0.444444
    457   h0       1       1 0.750000       1       1 0.888889       1 0.727273 0.916667     0.444444
    458   h0       1       1 0.941176       1       1 0.631579       1 0.170455 0.801282     0.081188
    459   h0       1       1 1.000000       1       1 0.666667       1 0.818182 0.833333     0.454545
    460   h0       1       1 1.000000       1       1 0.666667       1 0.818182 0.833333     0.454545
    461   h0       1       1 1.000000       1       1 0.666667       1 0.818182 0.833333     0.454545
    462   h0       1       1 1.000000       1       1 0.666667       1 0.818182 0.833333     0.454545
    463   h0       1       1 0.588235       1       1 0.842105       1 0.958333 0.641026     0.304305
    464   h0       1       1 0.625000       1       1 0.888889       1 1.000000 0.666667     0.370370
    465   h0       1       1 0.625000       1       1 0.888889       1 1.000000 0.666667     0.370370
    466   h0       1       1 0.625000       1       1 0.888889       1 1.000000 0.666667     0.370370
    467   h0       1       1 0.625000       1       1 0.888889       1 1.000000 0.676282     0.375712
    812   h1       1       1 0.882353       1       1 0.631579       1 1.000000 0.750000     0.417957
    813   h1       1       1 1.000000       1       1 0.666667       1 1.000000 0.750000     0.500000
    814   h1       1       1 1.000000       1       1 0.666667       1 1.000000 0.750000     0.500000
    815   h1       1       1 0.551471       1       1 0.947368       1 0.727273 0.750000     0.284970
    816   h1       1       1 0.625000       1       1 1.000000       1 0.727273 0.750000     0.340909
    817   h1       1       1 0.625000       1       1 1.000000       1 0.727273 0.750000     0.340909
    818   h1       1       1 0.941176       1       1 0.947368       1 0.909091 1.000000     0.810583
    819   h1       1       1 1.000000       1       1 1.000000       1 0.909091 1.000000     0.909091
    820   h1       1       1 1.000000       1       1 1.000000       1 0.909091 1.000000     0.909091
    821   h1       1       1 0.588235       1       1 0.736842       1 1.000000 0.833333     0.361197
    822   h1       1       1 0.625000       1       1 0.754386       1 1.000000 0.833333     0.392909
    823   h1       1       1 0.625000       1       1 0.666667       1 1.000000 0.833333     0.347222
    860   h1       1       1 0.882353       1       1 0.631579       1 0.727273 0.750000     0.303968
    861   h1       1       1 1.000000       1       1 0.666667       1 0.727273 0.750000     0.363636
    862   h1       1       1 1.000000       1       1 0.666667       1 0.727273 0.750000     0.363636
    863   h1       1       1 1.000000       1       1 0.666667       1 0.727273 0.750000     0.363636
    864   h1       1       1 0.588235       1       1 0.947368       1 0.818182 0.833333     0.379961
    865   h1       1       1 0.625000       1       1 1.000000       1 0.818182 0.833333     0.426136
    866   h1       1       1 0.625000       1       1 1.000000       1 0.818182 0.833333     0.426136
    867   h1       1       1 0.625000       1       1 1.000000       1 0.818182 0.833333     0.426136
    868   h1       1       1 0.705882       1       1 0.654971       1 0.575758 0.474359     0.126270
    869   h1       1       1 1.000000       1       1 0.888889       1 0.727273 0.750000     0.484848
    870   h1       1       1 1.000000       1       1 0.888889       1 0.727273 0.750000     0.484848
    871   h1       1       1 1.000000       1       1 0.888889       1 0.727273 0.750000     0.484848
    872   h1       1       1 0.617647       1       1 0.625731       1 0.647727 0.564103     0.141214
    873   h1       1       1 0.750000       1       1 0.666667       1 0.818182 0.750000     0.306818
    874   h1       1       1 0.750000       1       1 0.666667       1 0.818182 0.750000     0.306818
    875   h1       1       1 0.750000       1       1 0.666667       1 0.818182 0.750000     0.306818
    876   h1       1       1 0.720588       1       1 0.947368       1 0.791667 0.576923     0.311793
    877   h1       1       1 0.875000       1       1 1.000000       1 1.000000 0.750000     0.656250
    878   h1       1       1 0.875000       1       1 1.000000       1 1.000000 0.750000     0.656250
    879   h1       1       1 0.875000       1       1 1.000000       1 1.000000 0.750000     0.656250
    880   h1       1       1 0.720588       1       1 0.643275       1 0.568182 0.634615     0.167140
    881   h1       1       1 0.875000       1       1 0.666667       1 0.727273 0.916667     0.388889
    882   h1       1       1 0.875000       1       1 0.666667       1 0.727273 0.916667     0.388889
    883   h1       1       1 0.875000       1       1 0.666667       1 0.727273 0.916667     0.388889
    884   h1       1       1 0.397059       1       1 0.684211       1 0.500000 0.692308     0.094040
    885   h1       1       1 0.750000       1       1 1.000000       1 0.727273 1.000000     0.545455
    886   h1       1       1 0.750000       1       1 1.000000       1 0.727273 1.000000     0.545455
    887   h1       1       1 0.750000       1       1 1.000000       1 0.727273 1.000000     0.545455
    888   h1       1       1 0.941176       1       1 0.947368       1 0.727273 0.750000     0.486350
    889   h1       1       1 1.000000       1       1 1.000000       1 0.727273 0.750000     0.545455
    890   h1       1       1 1.000000       1       1 1.000000       1 0.727273 0.801282     0.582751
    891   h1       1       1 1.000000       1       1 1.000000       1 0.727273 0.804487     0.585082
    892   h1       1       1 0.588235       1       1 0.526316       1 0.727273 0.833333     0.187635
    893   h1       1       1 0.625000       1       1 0.578947       1 0.727273 0.833333     0.219298
    894   h1       1       1 0.625000       1       1 0.666667       1 0.727273 0.785256     0.237956
    895   h1       1       1 0.625000       1       1 0.619883       1 0.727273 0.750000     0.211324
    916   h1       1       1 0.941176       1       1 0.631579       1 1.000000 1.000000     0.594427
    917   h1       1       1 1.000000       1       1 0.666667       1 1.000000 1.000000     0.666667
    918   h1       1       1 1.000000       1       1 0.666667       1 1.000000 1.000000     0.666667
    919   h1       1       1 1.000000       1       1 0.666667       1 1.000000 1.000000     0.666667
    920   h1       1       1 1.000000       1       1 0.666667       1 1.000000 1.000000     0.666667
    921   h1       1       1 0.000000       1       1 0.736842       1 0.117424 0.064103     0.000000
    922   h1       1       1 0.573529       1       1 0.777778       1 0.700758 0.833333     0.260494
    923   h1       1       1 0.750000       1       1 0.777778       1 0.727273 0.833333     0.353535
    924   h1       1       1 0.750000       1       1 0.777778       1 0.727273 0.833333     0.353535
    925   h1       1       1 0.750000       1       1 0.777778       1 0.727273 0.833333     0.353535
    926   h1       1       1 0.875000       1       1 0.631579       1 0.227273 0.750000     0.094199
    927   h1       1       1 1.000000       1       1 0.666667       1 0.909091 0.750000     0.454545
    928   h1       1       1 1.000000       1       1 0.666667       1 0.909091 0.750000     0.454545
    929   h1       1       1 1.000000       1       1 0.666667       1 0.909091 0.750000     0.454545
    930   h1       1       1 1.000000       1       1 0.666667       1 0.909091 0.750000     0.454545
    931   h1       1       1 0.750000       1       1 0.736842       1 1.000000 0.666667     0.368421
    932   h1       1       1 0.750000       1       1 0.777778       1 1.000000 0.666667     0.388889
    933   h1       1       1 0.750000       1       1 0.777778       1 1.000000 0.666667     0.388889
    934   h1       1       1 0.750000       1       1 0.777778       1 1.000000 0.695513     0.405716
    935   h1       1       1 0.750000       1       1 0.777778       1 1.000000 0.750000     0.437500