 ChipID Half  Layer0   Layer1   Layer2  Layer3  Layer4   Layer5   Layer6  Layer7  Layer8  Pseaudo_Eff
    332   h0       1 0.705882 0.941176       1       1 0.947368 0.784091       1       1     0.493502
    333   h0       1 0.750000 1.000000       1       1 1.000000 0.818182       1       1     0.613636
    334   h0       1 0.750000 1.000000       1       1 1.000000 0.818182       1       1     0.613636
    335   h0       1 0.823529 0.588235       1       1 0.631579 0.958333       1       1     0.293207
    336   h0       1 0.875000 0.625000       1       1 0.666667 1.000000       1       1     0.364583
    337   h0       1 0.875000 0.625000       1       1 0.666667 1.000000       1       1     0.364583
    338   h0       1 0.705882 0.941176       1       1 0.894737 0.696970       1       1     0.414298
    339   h0       1 0.750000 1.000000       1       1 1.000000 0.727273       1       1     0.545455
    340   h0       1 0.750000 1.000000       1       1 1.000000 0.818182       1       1     0.613636
    341   h0       1 0.941176 0.588235       1       1 0.596491 0.958333       1       1     0.316477
    342   h0       1 1.000000 0.625000       1       1 0.666667 1.000000       1       1     0.416667
    343   h0       1 1.000000 0.625000       1       1 0.666667 1.000000       1       1     0.416667
    356   h0       1 0.705882 0.941176       1       1 0.736842 0.696970       1       1     0.341186
    357   h0       1 0.750000 1.000000       1       1 0.777778 0.727273       1       1     0.424242
    358   h0       1 0.750000 1.000000       1       1 0.777778 0.727273       1       1     0.424242
    359   h0       1 0.750000 1.000000       1       1 0.777778 0.727273       1       1     0.424242
    360   h0       1 0.823529 0.588235       1       1 0.947368 0.696970       1       1     0.319862
    361   h0       1 0.875000 0.625000       1       1 1.000000 0.727273       1       1     0.397727
    362   h0       1 0.875000 0.625000       1       1 1.000000 0.727273       1       1     0.397727
    363   h0       1 0.875000 0.625000       1       1 1.000000 0.727273       1       1     0.397727
    364   h0       1 0.411765 0.588235       1       1 0.502924 0.424242       1       1     0.051679
    365   h0       1 0.875000 1.000000       1       1 0.666667 0.727273       1       1     0.424242
    366   h0       1 0.875000 1.000000       1       1 0.666667 0.727273       1       1     0.424242
    367   h0       1 0.875000 1.000000       1       1 0.666667 0.727273       1       1     0.424242
    368   h0       1 0.669118 0.492647       1       1 0.947368 0.537879       1       1     0.167974
    369   h0       1 0.875000 0.625000       1       1 1.000000 0.727273       1       1     0.397727
    370   h0       1 0.875000 0.625000       1       1 1.000000 0.727273       1       1     0.397727
    371   h0       1 0.875000 0.625000       1       1 1.000000 0.727273       1       1     0.397727
    372   h0       1 0.669118 0.823529       1       1 0.736842 0.750000       1       1     0.304521
    373   h0       1 0.875000 1.000000       1       1 0.777778 1.000000       1       1     0.680556
    374   h0       1 0.875000 1.000000       1       1 0.777778 1.000000       1       1     0.680556
    375   h0       1 0.875000 1.000000       1       1 0.777778 1.000000       1       1     0.680556
    376   h0       1 0.573529 0.514706       1       1 0.631579 0.613636       1       1     0.114407
    377   h0       1 0.750000 0.625000       1       1 0.666667 0.818182       1       1     0.255682
    378   h0       1 0.750000 0.625000       1       1 0.666667 0.818182       1       1     0.255682
    379   h0       1 0.750000 0.625000       1       1 0.666667 0.818182       1       1     0.255682
    380   h0       1 0.566176 0.647059       1       1 0.789474 0.545455       1       1     0.157758
    381   h0       1 0.875000 1.000000       1       1 1.000000 0.727273       1       1     0.636364
    382   h0       1 0.875000 1.000000       1       1 1.000000 0.727273       1       1     0.636364
    383   h0       1 0.875000 1.000000       1       1 1.000000 0.727273       1       1     0.636364
    384   h0       1 0.705882 0.823529       1       1 0.631579 0.784091       1       1     0.287876
    385   h0       1 0.750000 0.875000       1       1 0.666667 0.727273       1       1     0.318182
    386   h0       1 0.750000 0.875000       1       1 0.666667 0.727273       1       1     0.318182
    387   h0       1 0.750000 0.875000       1       1 0.666667 0.727273       1       1     0.318182
    388   h0       1 0.941176 0.705882       1       1 0.736842 0.696970       1       1     0.341186
    389   h0       1 1.000000 0.750000       1       1 0.777778 0.727273       1       1     0.424242
    390   h0       1 1.000000 0.750000       1       1 0.777778 0.727273       1       1     0.424242
    391   h0       1 0.875000 0.750000       1       1 0.777778 0.727273       1       1     0.371212
    428   h0       1 0.823529 0.941176       1       1 0.631579 0.871212       1       1     0.426483
    429   h0       1 0.875000 1.000000       1       1 0.666667 0.909091       1       1     0.530303
    430   h0       1 0.875000 1.000000       1       1 0.666667 0.909091       1       1     0.530303
    431   h0       1 0.875000 1.000000       1       1 0.666667 0.909091       1       1     0.530303
    432   h0       1 0.875000 1.000000       1       1 0.666667 0.909091       1       1     0.530303
    433   h0       1 0.823529 0.235294       1       1 0.947368 0.189394       1       1     0.034768
    434   h0       1 0.875000 0.536765       1       1 1.000000 0.909091       1       1     0.426972
    435   h0       1 0.875000 0.625000       1       1 1.000000 0.909091       1       1     0.497159
    436   h0       1 0.875000 0.625000       1       1 1.000000 0.909091       1       1     0.497159
    437   h0       1 0.875000 0.625000       1       1 1.000000 0.909091       1       1     0.497159
    438   h0       1 0.000000 0.705882       1       1 0.315789 0.000000       1       1     0.000000
    439   h0       1 0.529412 0.750000       1       1 0.614035 0.666667       1       1     0.162539
    440   h0       1 0.750000 0.750000       1       1 0.666667 0.727273       1       1     0.272727
    441   h0       1 0.750000 0.750000       1       1 0.666667 0.727273       1       1     0.272727
    442   h0       1 0.750000 0.750000       1       1 0.666667 0.727273       1       1     0.272727
    443   h0       1 0.823529 0.823529       1       1 0.947368 0.958333       1       1     0.615735
    444   h0       1 0.875000 0.875000       1       1 1.000000 1.000000       1       1     0.765625
    445   h0       1 0.875000 0.875000       1       1 1.000000 1.000000       1       1     0.765625
    446   h0       1 0.875000 0.875000       1       1 1.000000 1.000000       1       1     0.765625
    447   h0       1 0.875000 0.875000       1       1 1.000000 1.000000       1       1     0.765625
    800   h1       1 0.661765 0.941176       1       1 0.947368 0.871212       1       1     0.514064
    801   h1       1 0.750000 1.000000       1       1 1.000000 0.909091       1       1     0.681818
    802   h1       1 0.750000 1.000000       1       1 1.000000 0.909091       1       1     0.681818
    803   h1       1 0.882353 0.588235       1       1 0.631579 0.958333       1       1     0.314150
    804   h1       1 1.000000 0.625000       1       1 0.666667 1.000000       1       1     0.416667
    805   h1       1 1.000000 0.625000       1       1 0.666667 1.000000       1       1     0.416667
    806   h1       1 0.661765 0.875000       1       1 0.842105 0.784091       1       1     0.382335
    807   h1       1 0.750000 0.875000       1       1 0.918129 0.818182       1       1     0.492972
    808   h1       1 0.750000 0.875000       1       1 1.000000 0.818182       1       1     0.536932
    809   h1       1 0.772059 0.750000       1       1 0.736842 0.958333       1       1     0.408886
    810   h1       1 0.875000 0.750000       1       1 0.748538 1.000000       1       1     0.491228
    811   h1       1 0.875000 0.750000       1       1 0.666667 1.000000       1       1     0.437500
    824   h1       1 0.661765 0.941176       1       1 0.736842 0.696970       1       1     0.319862
    825   h1       1 0.750000 1.000000       1       1 0.777778 0.727273       1       1     0.424242
    826   h1       1 0.750000 1.000000       1       1 0.777778 0.727273       1       1     0.424242
    827   h1       1 0.750000 1.000000       1       1 0.777778 0.727273       1       1     0.424242
    828   h1       1 0.772059 0.595588       1       1 0.947368 0.696970       1       1     0.303619
    829   h1       1 1.000000 0.625000       1       1 1.000000 0.727273       1       1     0.454545
    830   h1       1 1.000000 0.625000       1       1 1.000000 0.727273       1       1     0.454545
    831   h1       1 1.000000 0.625000       1       1 1.000000 0.727273       1       1     0.454545
    832   h1       1 0.308824 0.588235       1       1 0.461988 0.469697       1       1     0.039419
    833   h1       1 0.750000 1.000000       1       1 0.666667 0.727273       1       1     0.363636
    834   h1       1 0.750000 1.000000       1       1 0.666667 0.727273       1       1     0.363636
    835   h1       1 0.750000 1.000000       1       1 0.666667 0.727273       1       1     0.363636
    836   h1       1 0.617647 0.544118       1       1 0.842105 0.568182       1       1     0.160800
    837   h1       1 0.875000 0.625000       1       1 0.888889 0.727273       1       1     0.353535
    838   h1       1 0.875000 0.625000       1       1 0.888889 0.727273       1       1     0.353535
    839   h1       1 0.875000 0.625000       1       1 0.888889 0.727273       1       1     0.353535
    840   h1       1 0.573529 0.882353       1       1 0.842105 0.750000       1       1     0.319614
    841   h1       1 0.750000 1.000000       1       1 0.888889 1.000000       1       1     0.666667
    842   h1       1 0.750000 1.000000       1       1 0.888889 1.000000       1       1     0.666667
    843   h1       1 0.750000 1.000000       1       1 0.888889 1.000000       1       1     0.666667
    844   h1       1 0.669118 0.544118       1       1 0.637427 0.613636       1       1     0.142409
    845   h1       1 0.875000 0.625000       1       1 0.666667 0.818182       1       1     0.298295
    846   h1       1 0.875000 0.625000       1       1 0.666667 0.818182       1       1     0.298295
    847   h1       1 0.875000 0.625000       1       1 0.666667 0.818182       1       1     0.298295
    848   h1       1 0.566176 0.647059       1       1 0.842105 0.515152       1       1     0.158927
    849   h1       1 0.875000 1.000000       1       1 1.000000 0.727273       1       1     0.636364
    850   h1       1 0.875000 1.000000       1       1 1.000000 0.727273       1       1     0.636364
    851   h1       1 0.875000 1.000000       1       1 1.000000 0.727273       1       1     0.636364
    852   h1       1 0.772059 0.750000       1       1 0.631579 0.696970       1       1     0.254890
    853   h1       1 0.875000 0.750000       1       1 0.666667 0.727273       1       1     0.318182
    854   h1       1 0.875000 0.750000       1       1 0.666667 0.727273       1       1     0.318182
    855   h1       1 0.875000 0.750000       1       1 0.666667 0.727273       1       1     0.318182
    856   h1       1 0.772059 0.875000       1       1 0.736842 0.696970       1       1     0.346934
    857   h1       1 0.875000 0.875000       1       1 0.777778 0.727273       1       1     0.433081
    858   h1       1 0.875000 0.875000       1       1 0.777778 0.727273       1       1     0.433081
    859   h1       1 0.875000 0.875000       1       1 0.777778 0.727273       1       1     0.433081
    896   h1       1 0.661765 1.000000       1       1 0.631579 0.958333       1       1     0.400542
    897   h1       1 0.750000 1.000000       1       1 0.666667 1.000000       1       1     0.500000
    898   h1       1 0.750000 1.000000       1       1 0.666667 1.000000       1       1     0.500000
    899   h1       1 0.750000 1.000000       1       1 0.666667 1.000000       1       1     0.500000
    900   h1       1 0.750000 1.000000       1       1 0.666667 1.000000       1       1     0.500000
    901   h1       1 0.772059 0.375000       1       1 0.947368 0.189394       1       1     0.051948
    902   h1       1 0.875000 0.580882       1       1 1.000000 0.909091       1       1     0.462066
    903   h1       1 0.875000 0.625000       1       1 1.000000 0.909091       1       1     0.497159
    904   h1       1 0.875000 0.625000       1       1 1.000000 0.909091       1       1     0.497159
    905   h1       1 0.875000 0.625000       1       1 1.000000 0.909091       1       1     0.497159
    906   h1       1 0.000000 0.625000       1       1 0.315789 0.000000       1       1     0.000000
    907   h1       1 0.617647 0.625000       1       1 0.631579 0.666667       1       1     0.162539
    908   h1       1 0.875000 0.625000       1       1 0.666667 0.727273       1       1     0.265152
    909   h1       1 0.875000 0.625000       1       1 0.666667 0.727273       1       1     0.265152
    910   h1       1 0.875000 0.625000       1       1 0.666667 0.727273       1       1     0.265152
    911   h1       1 0.772059 1.000000       1       1 0.947368 0.958333       1       1     0.700948
    912   h1       1 0.875000 1.000000       1       1 1.000000 1.000000       1       1     0.875000
    913   h1       1 0.875000 1.000000       1       1 1.000000 1.000000       1       1     0.875000
    914   h1       1 0.875000 1.000000       1       1 1.000000 1.000000       1       1     0.875000
    915   h1       1 0.875000 1.000000       1       1 1.000000 1.000000       1       1     0.875000