 ChipID Half  Layer0  Layer1  Layer2   Layer3   Layer4  Layer5   Layer6   Layer7  Layer8  Pseaudo_Eff
    332   h0       1       1       1 0.629630 0.631579       1 0.784091 0.696970       1     0.217317
    333   h0       1       1       1 0.666667 0.666667       1 0.818182 0.727273       1     0.264463
    334   h0       1       1       1 0.666667 0.666667       1 0.818182 0.727273       1     0.264463
    335   h0       1       1       1 0.944444 0.947368       1 0.958333 0.696970       1     0.597621
    336   h0       1       1       1 1.000000 1.000000       1 1.000000 0.727273       1     0.727273
    337   h0       1       1       1 1.000000 1.000000       1 1.000000 0.727273       1     0.727273
    338   h0       1       1       1 0.629630 0.947368       1 0.696970 0.958333       1     0.398414
    339   h0       1       1       1 0.666667 1.000000       1 0.727273 1.000000       1     0.484848
    340   h0       1       1       1 0.666667 1.000000       1 0.818182 1.000000       1     0.545455
    341   h0       1       1       1 0.944444 0.631579       1 0.958333 0.784091       1     0.448216
    342   h0       1       1       1 1.000000 0.666667       1 1.000000 0.818182       1     0.545455
    343   h0       1       1       1 1.000000 0.666667       1 1.000000 0.818182       1     0.545455
    356   h0       1       1       1 0.629630 0.631579       1 0.696970 0.784091       1     0.217317
    357   h0       1       1       1 0.666667 0.666667       1 0.727273 0.818182       1     0.264463
    358   h0       1       1       1 0.666667 0.666667       1 0.727273 0.818182       1     0.264463
    359   h0       1       1       1 0.666667 0.666667       1 0.727273 0.818182       1     0.264463
    360   h0       1       1       1 0.944444 0.736842       1 0.696970 0.958333       1     0.464816
    361   h0       1       1       1 1.000000 0.777778       1 0.727273 1.000000       1     0.565657
    362   h0       1       1       1 1.000000 0.777778       1 0.727273 1.000000       1     0.565657
    363   h0       1       1       1 1.000000 0.777778       1 0.727273 1.000000       1     0.565657
    364   h0       1       1       1 0.419753 0.684211       1 0.424242 0.647727       1     0.078921
    365   h0       1       1       1 0.666667 1.000000       1 0.727273 0.818182       1     0.396694
    366   h0       1       1       1 0.666667 1.000000       1 0.727273 0.818182       1     0.396694
    367   h0       1       1       1 0.666667 1.000000       1 0.727273 0.818182       1     0.396694
    368   h0       1       1       1 0.790123 0.619883       1 0.537879 0.750000       1     0.197583
    369   h0       1       1       1 0.888889 0.666667       1 0.727273 1.000000       1     0.430976
    370   h0       1       1       1 0.888889 0.666667       1 0.727273 1.000000       1     0.430976
    371   h0       1       1       1 0.888889 0.666667       1 0.727273 1.000000       1     0.430976
    372   h0       1       1       1 0.691358 0.894737       1 0.750000 0.545455       1     0.253057
    373   h0       1       1       1 0.777778 1.000000       1 1.000000 0.727273       1     0.565657
    374   h0       1       1       1 0.777778 1.000000       1 1.000000 0.727273       1     0.565657
    375   h0       1       1       1 0.777778 1.000000       1 1.000000 0.727273       1     0.565657
    376   h0       1       1       1 0.648148 0.631579       1 0.613636 0.575758       1     0.144628
    377   h0       1       1       1 0.777778 0.666667       1 0.818182 0.727273       1     0.308540
    378   h0       1       1       1 0.777778 0.666667       1 0.818182 0.727273       1     0.308540
    379   h0       1       1       1 0.777778 0.666667       1 0.818182 0.727273       1     0.308540
    380   h0       1       1       1 0.722222 0.573099       1 0.545455 0.424242       1     0.095780
    381   h0       1       1       1 1.000000 0.777778       1 0.727273 0.727273       1     0.411387
    382   h0       1       1       1 1.000000 0.777778       1 0.727273 0.727273       1     0.411387
    383   h0       1       1       1 1.000000 0.777778       1 0.727273 0.727273       1     0.411387
    384   h0       1       1       1 0.629630 0.947368       1 0.784091 0.696970       1     0.325975
    385   h0       1       1       1 0.666667 1.000000       1 0.727273 0.727273       1     0.352617
    386   h0       1       1       1 0.666667 1.000000       1 0.727273 0.727273       1     0.352617
    387   h0       1       1       1 0.666667 1.000000       1 0.727273 0.727273       1     0.352617
    388   h0       1       1       1 0.944444 0.631579       1 0.696970 0.696970       1     0.289756
    389   h0       1       1       1 1.000000 0.666667       1 0.727273 0.727273       1     0.352617
    390   h0       1       1       1 1.000000 0.666667       1 0.727273 0.727273       1     0.352617
    391   h0       1       1       1 1.000000 0.666667       1 0.727273 0.727273       1     0.352617
    428   h0       1       1       1 0.629630 0.842105       1 0.871212 0.696970       1     0.321951
    429   h0       1       1       1 0.666667 0.888889       1 0.909091 0.727273       1     0.391797
    430   h0       1       1       1 0.666667 0.888889       1 0.909091 0.727273       1     0.391797
    431   h0       1       1       1 0.666667 0.888889       1 0.909091 0.727273       1     0.391797
    432   h0       1       1       1 0.666667 0.888889       1 0.909091 0.727273       1     0.391797
    433   h0       1       1       1 0.944444 0.526316       1 0.189394 0.435606       1     0.041009
    434   h0       1       1       1 1.000000 0.649123       1 0.909091 0.715909       1     0.422466
    435   h0       1       1       1 1.000000 0.666667       1 0.909091 0.727273       1     0.440771
    436   h0       1       1       1 1.000000 0.666667       1 0.909091 0.727273       1     0.440771
    437   h0       1       1       1 1.000000 0.666667       1 0.909091 0.727273       1     0.440771
    438   h0       1       1       1 0.104938 0.842105       1 0.000000 0.208333       1     0.000000
    439   h0       1       1       1 0.543210 0.888889       1 0.666667 1.000000       1     0.321902
    440   h0       1       1       1 0.666667 0.888889       1 0.727273 1.000000       1     0.430976
    441   h0       1       1       1 0.666667 0.888889       1 0.727273 1.000000       1     0.430976
    442   h0       1       1       1 0.666667 0.888889       1 0.727273 1.000000       1     0.430976
    443   h0       1       1       1 0.944444 0.631579       1 0.958333 0.784091       1     0.448216
    444   h0       1       1       1 1.000000 0.666667       1 1.000000 0.818182       1     0.545455
    445   h0       1       1       1 1.000000 0.666667       1 1.000000 0.818182       1     0.545455
    446   h0       1       1       1 1.000000 0.666667       1 1.000000 0.818182       1     0.545455
    447   h0       1       1       1 1.000000 0.666667       1 1.000000 0.727273       1     0.484848
    800   h1       1       1       1 0.592593 0.631579       1 0.871212 0.727273       1     0.237140
    801   h1       1       1       1 0.666667 0.666667       1 0.909091 0.727273       1     0.293848
    802   h1       1       1       1 0.666667 0.666667       1 0.909091 0.727273       1     0.293848
    803   h1       1       1       1 0.944444 0.947368       1 0.958333 0.727273       1     0.623604
    804   h1       1       1       1 1.000000 1.000000       1 1.000000 0.727273       1     0.727273
    805   h1       1       1       1 1.000000 1.000000       1 1.000000 0.727273       1     0.727273
    806   h1       1       1       1 0.629630 0.947368       1 0.784091 1.000000       1     0.467703
    807   h1       1       1       1 0.666667 1.000000       1 0.818182 1.000000       1     0.545455
    808   h1       1       1       1 0.666667 1.000000       1 0.818182 1.000000       1     0.545455
    809   h1       1       1       1 0.944444 0.631579       1 0.958333 0.727273       1     0.415736
    810   h1       1       1       1 1.000000 0.666667       1 1.000000 0.727273       1     0.484848
    811   h1       1       1       1 1.000000 0.666667       1 1.000000 0.727273       1     0.484848
    824   h1       1       1       1 0.629630 0.631579       1 0.696970 0.909091       1     0.251961
    825   h1       1       1       1 0.666667 0.666667       1 0.727273 0.909091       1     0.293848
    826   h1       1       1       1 0.666667 0.666667       1 0.727273 0.909091       1     0.293848
    827   h1       1       1       1 0.666667 0.666667       1 0.727273 0.909091       1     0.293848
    828   h1       1       1       1 0.944444 0.842105       1 0.696970 1.000000       1     0.554315
    829   h1       1       1       1 1.000000 0.888889       1 0.727273 1.000000       1     0.646465
    830   h1       1       1       1 1.000000 0.888889       1 0.727273 1.000000       1     0.646465
    831   h1       1       1       1 1.000000 0.888889       1 0.727273 1.000000       1     0.646465
    832   h1       1       1       1 0.450617 0.684211       1 0.469697 0.719697       1     0.104223
    833   h1       1       1       1 0.666667 1.000000       1 0.727273 0.909091       1     0.440771
    834   h1       1       1       1 0.666667 1.000000       1 0.727273 0.909091       1     0.440771
    835   h1       1       1       1 0.666667 1.000000       1 0.727273 0.909091       1     0.440771
    836   h1       1       1       1 0.790123 0.631579       1 0.568182 0.791667       1     0.224467
    837   h1       1       1       1 0.888889 0.666667       1 0.727273 1.000000       1     0.430976
    838   h1       1       1       1 0.888889 0.666667       1 0.727273 1.000000       1     0.430976
    839   h1       1       1       1 0.888889 0.666667       1 0.727273 1.000000       1     0.430976
    840   h1       1       1       1 0.691358 0.947368       1 0.750000 0.579545       1     0.284689
    841   h1       1       1       1 0.777778 1.000000       1 1.000000 0.727273       1     0.565657
    842   h1       1       1       1 0.777778 1.000000       1 1.000000 0.727273       1     0.565657
    843   h1       1       1       1 0.777778 1.000000       1 1.000000 0.727273       1     0.565657
    844   h1       1       1       1 0.691358 0.631579       1 0.613636 0.598485       1     0.160360
    845   h1       1       1       1 0.777778 0.666667       1 0.818182 0.727273       1     0.308540
    846   h1       1       1       1 0.777778 0.666667       1 0.818182 0.727273       1     0.308540
    847   h1       1       1       1 0.777778 0.666667       1 0.818182 0.727273       1     0.308540
    848   h1       1       1       1 0.777778 0.654971       1 0.515152 0.511364       1     0.134197
    849   h1       1       1       1 1.000000 0.888889       1 0.727273 0.818182       1     0.528926
    850   h1       1       1       1 1.000000 0.888889       1 0.727273 0.818182       1     0.528926
    851   h1       1       1       1 1.000000 0.888889       1 0.727273 0.818182       1     0.528926
    852   h1       1       1       1 0.629630 0.947368       1 0.696970 0.727273       1     0.302354
    853   h1       1       1       1 0.666667 1.000000       1 0.727273 0.727273       1     0.352617
    854   h1       1       1       1 0.666667 1.000000       1 0.727273 0.727273       1     0.352617
    855   h1       1       1       1 0.666667 1.000000       1 0.727273 0.727273       1     0.352617
    856   h1       1       1       1 0.944444 0.631579       1 0.696970 0.727273       1     0.302354
    857   h1       1       1       1 1.000000 0.666667       1 0.727273 0.818182       1     0.396694
    858   h1       1       1       1 1.000000 0.666667       1 0.727273 0.818182       1     0.396694
    859   h1       1       1       1 1.000000 0.666667       1 0.727273 0.818182       1     0.396694
    896   h1       1       1       1 0.604938 0.842105       1 0.958333 0.727273       1     0.355051
    897   h1       1       1       1 0.666667 0.888889       1 1.000000 0.727273       1     0.430976
    898   h1       1       1       1 0.666667 0.888889       1 1.000000 0.727273       1     0.430976
    899   h1       1       1       1 0.666667 0.888889       1 1.000000 0.727273       1     0.430976
    900   h1       1       1       1 0.666667 0.888889       1 1.000000 0.727273       1     0.430976
    901   h1       1       1       1 0.888889 0.526316       1 0.189394 0.465909       1     0.041282
    902   h1       1       1       1 1.000000 0.649123       1 0.909091 0.727273       1     0.429172
    903   h1       1       1       1 1.000000 0.666667       1 0.909091 0.727273       1     0.440771
    904   h1       1       1       1 1.000000 0.666667       1 0.909091 0.727273       1     0.440771
    905   h1       1       1       1 1.000000 0.666667       1 0.909091 0.727273       1     0.440771
    906   h1       1       1       1 0.104938 0.842105       1 0.000000 0.250000       1     0.000000
    907   h1       1       1       1 0.574074 0.888889       1 0.666667 1.000000       1     0.340192
    908   h1       1       1       1 0.666667 0.888889       1 0.727273 1.000000       1     0.430976
    909   h1       1       1       1 0.666667 0.888889       1 0.727273 1.000000       1     0.430976
    910   h1       1       1       1 0.666667 0.888889       1 0.727273 1.000000       1     0.430976
    911   h1       1       1       1 0.944444 0.631579       1 0.958333 0.727273       1     0.415736
    912   h1       1       1       1 1.000000 0.666667       1 1.000000 0.727273       1     0.484848
    913   h1       1       1       1 1.000000 0.666667       1 1.000000 0.727273       1     0.484848
    914   h1       1       1       1 1.000000 0.666667       1 1.000000 0.727273       1     0.484848
    915   h1       1       1       1 1.000000 0.666667       1 1.000000 0.727273       1     0.484848