ChipID	Half	Layer0	Layer1	Layer2	Layer3	Layer4	Layer5	Layer6	Layer7	Layer8	Peff(%)
344	h0	0.941	1	0.84	1	1	1	1	0.72	0.742	37.58
345	h0	1.0	1	0.889	1	1	1	1	0.75	0.769	47.33
346	h0	1.0	1	1.0	1	1	1	1	0.75	0.769	57.68
347	h0	0.588	1	0.63	1	1	1	1	0.72	0.742	14.68
348	h0	0.625	1	0.667	1	1	1	1	0.75	0.769	18.49
349	h0	0.625	1	0.667	1	1	1	1	0.75	0.769	18.49
350	h0	0.941	1	0.944	1	1	1	1	0.72	0.742	38.72
351	h0	1.0	1	1.0	1	1	1	1	0.75	0.769	48.79
352	h0	1.0	1	1.0	1	1	1	1	0.75	0.769	48.79
353	h0	0.706	1	0.735	1	1	1	1	0.72	0.742	26.72
354	h0	0.75	1	0.765	1	1	1	1	0.75	0.769	33.09
355	h0	0.632	1	0.667	1	1	1	1	0.75	0.769	24.31
392	h0	0.941	1	0.944	1	1	1	1	0.72	0.964	45.75
393	h0	1.0	1	1.0	1	1	1	1	0.75	0.923	53.23
394	h0	1.0	1	1.0	1	1	1	1	0.75	0.923	53.23
395	h0	1.0	1	1.0	1	1	1	1	0.75	0.923	53.23
396	h0	0.588	1	0.63	1	1	1	1	0.96	0.89	23.48
397	h0	0.625	1	0.667	1	1	1	1	1.0	0.923	29.59
398	h0	0.625	1	0.667	1	1	1	1	1.0	0.923	29.59
399	h0	0.625	1	0.667	1	1	1	1	1.0	0.923	29.59
400	h0	0.706	1	0.778	1	1	1	1	0.63	0.604	13.77
401	h0	1.0	1	1.0	1	1	1	1	0.75	0.769	44.35
402	h0	1.0	1	1.0	1	1	1	1	0.75	0.769	44.35
403	h0	1.0	1	1.0	1	1	1	1	0.75	0.769	44.35
404	h0	0.574	1	0.556	1	1	1	1	0.7	0.643	11.36
405	h0	0.75	1	0.667	1	1	1	1	0.833	0.769	29.58
406	h0	0.75	1	0.667	1	1	1	1	0.833	0.769	29.58
407	h0	0.75	1	0.667	1	1	1	1	0.833	0.769	29.58
408	h0	0.669	1	0.79	1	1	1	1	0.84	0.635	23.14
409	h0	0.875	1	0.889	1	1	1	1	1.0	0.769	59.82
410	h0	0.875	1	0.889	1	1	1	1	1.0	0.769	59.82
411	h0	0.875	1	0.889	1	1	1	1	1.0	0.769	59.82
412	h0	0.721	1	0.691	1	1	1	1	0.66	0.695	16.57
413	h0	0.875	1	0.778	1	1	1	1	0.75	0.846	36.54
414	h0	0.875	1	0.778	1	1	1	1	0.75	0.846	36.54
415	h0	0.875	1	0.778	1	1	1	1	0.75	0.846	36.54
416	h0	0.412	1	0.37	1	1	1	1	0.59	0.714	4.23
417	h0	0.875	1	0.667	1	1	1	1	0.75	1.0	33.66
418	h0	0.875	1	0.667	1	1	1	1	0.75	1.0	33.66
419	h0	0.875	1	0.667	1	1	1	1	0.75	1.0	33.66
420	h0	0.941	1	0.944	1	1	1	1	0.88	0.742	43.04
421	h0	1.0	1	1.0	1	1	1	1	0.917	0.769	54.23
422	h0	1.0	1	1.0	1	1	1	1	0.917	0.769	54.23
423	h0	1.0	1	1.0	1	1	1	1	0.917	0.769	54.23
424	h0	0.706	1	0.63	1	1	1	1	0.72	0.742	17.63
425	h0	0.75	1	0.667	1	1	1	1	0.75	0.769	22.19
426	h0	0.75	1	0.667	1	1	1	1	0.75	0.769	22.19
427	h0	0.75	1	0.667	1	1	1	1	0.75	0.769	22.19
448	h0	0.941	1	0.944	1	1	1	1	0.8	0.742	39.13
449	h0	1.0	1	1.0	1	1	1	1	0.833	0.769	49.26
450	h0	1.0	1	1.0	1	1	1	1	0.833	0.769	49.26
451	h0	1.0	1	1.0	1	1	1	1	0.833	0.769	49.26
452	h0	1.0	1	1.0	1	1	1	1	0.833	0.769	49.26
453	h0	0.0	1	0.21	1	1	1	1	0.28	0.214	0.0
454	h0	0.574	1	0.593	1	1	1	1	0.75	0.769	14.88
455	h0	0.75	1	0.667	1	1	1	1	0.75	0.769	22.19
456	h0	0.75	1	0.667	1	1	1	1	0.75	0.769	22.19
457	h0	0.75	1	0.667	1	1	1	1	0.75	0.769	22.19
458	h0	0.824	1	0.944	1	1	1	1	0.323	0.923	13.24
459	h0	0.875	1	1.0	1	1	1	1	0.75	0.846	42.69
460	h0	0.875	1	1.0	1	1	1	1	0.75	0.846	42.69
461	h0	0.875	1	1.0	1	1	1	1	0.75	0.846	42.69
462	h0	0.875	1	1.0	1	1	1	1	0.75	0.846	42.69
463	h0	0.706	1	0.63	1	1	1	1	0.88	0.742	21.55
464	h0	0.75	1	0.667	1	1	1	1	0.917	0.769	27.13
465	h0	0.75	1	0.667	1	1	1	1	0.917	0.769	27.13
466	h0	0.75	1	0.667	1	1	1	1	0.917	0.769	27.13
467	h0	0.75	1	0.667	1	1	1	1	0.917	0.769	27.13
812	h1	0.882	1	0.889	1	1	1	1	0.72	0.742	40.38
813	h1	1.0	1	1.0	1	1	1	1	0.75	0.769	57.68
814	h1	1.0	1	1.0	1	1	1	1	0.75	0.769	57.68
815	h1	0.551	1	0.494	1	1	1	1	0.72	0.714	11.42
816	h1	0.625	1	0.556	1	1	1	1	0.75	0.769	16.96
817	h1	0.625	1	0.556	1	1	1	1	0.75	0.769	16.96
818	h1	0.882	1	0.889	1	1	1	1	0.72	0.714	32.89
819	h1	1.0	1	1.0	1	1	1	1	0.75	0.769	48.79
820	h1	1.0	1	1.0	1	1	1	1	0.75	0.769	48.79
821	h1	0.662	1	0.593	1	1	1	1	0.72	0.742	20.22
822	h1	0.75	1	0.667	1	1	1	1	0.75	0.769	28.85
823	h1	0.64	1	0.667	1	1	1	1	0.75	0.769	24.62
860	h1	0.882	1	0.889	1	1	1	1	0.72	0.89	37.28
861	h1	1.0	1	1.0	1	1	1	1	0.75	0.923	53.23
862	h1	1.0	1	1.0	1	1	1	1	0.75	0.923	53.23
863	h1	1.0	1	1.0	1	1	1	1	0.75	0.923	53.23
864	h1	0.551	1	0.593	1	1	1	1	0.96	0.964	22.44
865	h1	0.625	1	0.667	1	1	1	1	1.0	1.0	32.06
866	h1	0.625	1	0.667	1	1	1	1	1.0	1.0	32.06
867	h1	0.625	1	0.667	1	1	1	1	1.0	1.0	32.06
868	h1	0.618	1	0.778	1	1	1	1	0.63	0.577	11.19
869	h1	0.875	1	1.0	1	1	1	1	0.75	0.769	38.81
870	h1	0.875	1	1.0	1	1	1	1	0.75	0.769	38.81
871	h1	0.875	1	1.0	1	1	1	1	0.75	0.769	38.81
872	h1	0.574	1	0.648	1	1	1	1	0.63	0.61	9.93
873	h1	0.75	1	0.778	1	1	1	1	0.75	0.769	28.47
874	h1	0.75	1	0.778	1	1	1	1	0.75	0.769	28.47
875	h1	0.75	1	0.778	1	1	1	1	0.75	0.769	28.47
876	h1	0.669	1	0.648	1	1	1	1	0.8	0.61	17.37
877	h1	0.875	1	0.778	1	1	1	1	1.0	0.769	52.35
878	h1	0.875	1	0.778	1	1	1	1	1.0	0.769	52.35
879	h1	0.875	1	0.778	1	1	1	1	1.0	0.769	52.35
880	h1	0.669	1	0.741	1	1	1	1	0.63	0.665	15.74
881	h1	0.875	1	0.889	1	1	1	1	0.75	0.769	41.41
882	h1	0.875	1	0.889	1	1	1	1	0.75	0.769	41.41
883	h1	0.875	1	0.889	1	1	1	1	0.833	0.769	45.99
884	h1	0.353	1	0.42	1	1	1	1	0.63	0.714	4.39
885	h1	0.75	1	0.667	1	1	1	1	0.75	1.0	28.85
886	h1	0.75	1	0.667	1	1	1	1	0.75	1.0	28.85
887	h1	0.75	1	0.667	1	1	1	1	0.75	1.0	28.85
888	h1	0.882	1	0.889	1	1	1	1	0.96	0.742	41.44
889	h1	1.0	1	1.0	1	1	1	1	1.0	0.769	59.14
890	h1	1.0	1	1.0	1	1	1	1	1.0	0.769	59.14
891	h1	1.0	1	1.0	1	1	1	1	1.0	0.769	59.14
892	h1	0.551	1	0.593	1	1	1	1	0.72	0.742	12.95
893	h1	0.625	1	0.667	1	1	1	1	0.75	0.769	18.49
894	h1	0.625	1	0.667	1	1	1	1	0.75	0.769	18.49
895	h1	0.625	1	0.667	1	1	1	1	0.75	0.769	18.49
916	h1	0.882	1	0.889	1	1	1	1	0.8	0.816	37.98
917	h1	1.0	1	1.0	1	1	1	1	0.833	0.846	54.19
918	h1	1.0	1	1.0	1	1	1	1	0.833	0.846	54.19
919	h1	1.0	1	1.0	1	1	1	1	0.833	0.846	54.19
920	h1	1.0	1	1.0	1	1	1	1	0.833	0.846	54.19
921	h1	0.0	1	0.099	1	1	1	1	0.207	0.214	0.0
922	h1	0.574	1	0.574	1	1	1	1	0.75	0.769	14.16
923	h1	0.75	1	0.667	1	1	1	1	0.75	0.769	22.19
924	h1	0.75	1	0.667	1	1	1	1	0.75	0.769	22.19
925	h1	0.75	1	0.667	1	1	1	1	0.75	0.769	22.19
926	h1	0.772	1	0.889	1	1	1	1	0.3	0.89	11.18
927	h1	0.875	1	1.0	1	1	1	1	0.75	0.923	46.58
928	h1	0.875	1	1.0	1	1	1	1	0.75	0.923	46.58
929	h1	0.875	1	1.0	1	1	1	1	0.75	0.923	46.58
930	h1	0.875	1	1.0	1	1	1	1	0.75	0.923	46.58
931	h1	0.662	1	0.593	1	1	1	1	0.8	0.742	17.29
932	h1	0.75	1	0.667	1	1	1	1	0.833	0.769	24.64
933	h1	0.75	1	0.667	1	1	1	1	0.833	0.769	24.64
934	h1	0.75	1	0.667	1	1	1	1	0.833	0.769	24.64
935	h1	0.75	1	0.667	1	1	1	1	0.833	0.769	24.64
