ChipID	Half	Layer0	Layer1	Layer2	Layer3	Layer4	Layer5	Layer6	Layer7	Layer8	Peff(%)
344	h0	0.941	1	1	0.632	1	0.95	0.909	1	1	45.71
345	h0	1.0	1	1	0.667	1	1.0	0.909	1	1	55.96
346	h0	1.0	1	1	0.667	1	1.0	0.909	1	1	60.63
347	h0	0.588	1	1	0.947	1	0.633	1.0	1	1	26.15
348	h0	0.625	1	1	1.0	1	0.778	1.0	1	1	37.39
349	h0	0.625	1	1	1.0	1	0.778	1.0	1	1	37.39
350	h0	0.941	1	1	0.947	1	0.844	0.705	1	1	43.27
351	h0	1.0	1	1	1.0	1	0.889	0.727	1	1	54.68
352	h0	1.0	1	1	1.0	1	0.889	0.727	1	1	54.68
353	h0	0.706	1	1	0.632	1	0.844	0.705	1	1	25.59
354	h0	0.75	1	1	0.667	1	0.889	0.727	1	1	32.33
355	h0	0.632	1	1	0.667	1	0.889	0.727	1	1	27.24
392	h0	0.941	1	1	0.632	1	0.633	0.727	1	1	20.31
393	h0	1.0	1	1	0.667	1	0.667	0.727	1	1	24.87
394	h0	1.0	1	1	0.667	1	0.667	0.727	1	1	24.87
395	h0	1.0	1	1	0.667	1	0.667	0.727	1	1	24.87
396	h0	0.588	1	1	0.947	1	0.95	0.727	1	1	28.54
397	h0	0.625	1	1	1.0	1	1.0	0.727	1	1	34.94
398	h0	0.625	1	1	1.0	1	1.0	0.727	1	1	34.94
399	h0	0.625	1	1	1.0	1	1.0	0.727	1	1	34.94
400	h0	0.706	1	1	0.655	1	0.622	0.455	1	1	8.62
401	h0	1.0	1	1	0.889	1	0.778	0.727	1	1	38.67
402	h0	1.0	1	1	0.889	1	0.778	0.727	1	1	38.67
403	h0	1.0	1	1	0.889	1	0.778	0.727	1	1	38.67
404	h0	0.574	1	1	0.626	1	0.667	0.591	1	1	11.2
405	h0	0.75	1	1	0.667	1	0.667	0.727	1	1	22.39
406	h0	0.75	1	1	0.667	1	0.667	0.727	1	1	22.39
407	h0	0.75	1	1	0.667	1	0.667	0.727	1	1	22.39
408	h0	0.669	1	1	0.947	1	1.0	0.606	1	1	31.52
409	h0	0.875	1	1	1.0	1	1.0	0.727	1	1	63.61
410	h0	0.875	1	1	1.0	1	1.0	0.727	1	1	63.61
411	h0	0.875	1	1	1.0	1	1.0	0.727	1	1	63.61
412	h0	0.721	1	1	0.632	1	0.656	0.792	1	1	17.16
413	h0	0.875	1	1	0.667	1	0.667	1.0	1	1	32.93
414	h0	0.875	1	1	0.667	1	0.667	1.0	1	1	32.93
415	h0	0.875	1	1	0.667	1	0.667	1.0	1	1	32.93
416	h0	0.412	1	1	0.737	1	0.8	0.682	1	1	10.92
417	h0	0.875	1	1	1.0	1	1.0	0.818	1	1	55.04
418	h0	0.875	1	1	1.0	1	1.0	0.818	1	1	55.04
419	h0	0.875	1	1	1.0	1	1.0	0.818	1	1	55.04
420	h0	0.941	1	1	0.842	1	0.95	1.0	1	1	55.85
421	h0	1.0	1	1	0.889	1	1.0	1.0	1	1	68.36
422	h0	1.0	1	1	0.889	1	1.0	1.0	1	1	68.36
423	h0	1.0	1	1	0.889	1	1.0	1.0	1	1	68.36
424	h0	0.706	1	1	0.632	1	0.633	0.909	1	1	19.05
425	h0	0.75	1	1	0.667	1	0.667	0.909	1	1	23.32
426	h0	0.75	1	1	0.667	1	0.667	0.909	1	1	23.32
427	h0	0.75	1	1	0.667	1	0.667	0.909	1	1	23.32
448	h0	0.941	1	1	0.632	1	0.633	0.818	1	1	22.85
449	h0	1.0	1	1	0.667	1	0.667	0.818	1	1	27.99
450	h0	1.0	1	1	0.667	1	0.667	0.818	1	1	27.99
451	h0	1.0	1	1	0.667	1	0.667	0.818	1	1	27.99
452	h0	1.0	1	1	0.667	1	0.667	0.818	1	1	27.99
453	h0	0.0	1	1	0.842	1	0.95	0.25	1	1	0.0
454	h0	0.574	1	1	0.889	1	1.0	1.0	1	1	38.68
455	h0	0.75	1	1	0.889	1	1.0	1.0	1	1	51.27
456	h0	0.75	1	1	0.889	1	1.0	1.0	1	1	51.27
457	h0	0.75	1	1	0.889	1	1.0	1.0	1	1	51.27
458	h0	0.824	1	1	0.632	1	0.844	0.466	1	1	11.7
459	h0	0.875	1	1	0.667	1	0.889	0.727	1	1	29.01
460	h0	0.875	1	1	0.667	1	0.889	0.727	1	1	29.01
461	h0	0.875	1	1	0.667	1	0.889	0.727	1	1	29.01
462	h0	0.875	1	1	0.667	1	0.889	0.727	1	1	29.01
463	h0	0.706	1	1	0.842	1	0.633	0.727	1	1	20.3
464	h0	0.75	1	1	0.889	1	0.667	0.727	1	1	24.86
465	h0	0.75	1	1	0.889	1	0.667	0.727	1	1	24.86
466	h0	0.75	1	1	0.889	1	0.667	0.727	1	1	24.86
467	h0	0.75	1	1	0.889	1	0.667	0.727	1	1	24.86
812	h1	0.882	1	1	0.696	1	0.9	0.909	1	1	48.41
813	h1	1.0	1	1	0.76	1	1.0	0.909	1	1	69.08
814	h1	1.0	1	1	0.667	1	1.0	0.909	1	1	60.63
815	h1	0.551	1	1	0.895	1	0.7	0.958	1	1	26.99
816	h1	0.625	1	1	1.0	1	0.778	1.0	1	1	41.14
817	h1	0.625	1	1	1.0	1	0.778	1.0	1	1	41.14
818	h1	0.882	1	1	0.895	1	0.8	0.705	1	1	36.33
819	h1	1.0	1	1	1.0	1	0.889	0.727	1	1	54.68
820	h1	1.0	1	1	1.0	1	0.889	0.727	1	1	54.68
821	h1	0.662	1	1	0.596	1	0.8	0.705	1	1	21.45
822	h1	0.75	1	1	0.667	1	0.889	0.727	1	1	32.33
823	h1	0.64	1	1	0.667	1	0.889	0.727	1	1	27.59
860	h1	0.882	1	1	0.596	1	0.6	0.697	1	1	16.31
861	h1	1.0	1	1	0.667	1	0.667	0.727	1	1	24.87
862	h1	1.0	1	1	0.667	1	0.667	0.727	1	1	24.87
863	h1	1.0	1	1	0.667	1	0.667	0.727	1	1	24.87
864	h1	0.551	1	1	0.895	1	0.9	0.697	1	1	22.95
865	h1	0.625	1	1	1.0	1	1.0	0.727	1	1	34.94
866	h1	0.625	1	1	1.0	1	1.0	0.727	1	1	34.94
867	h1	0.625	1	1	1.0	1	1.0	0.727	1	1	34.94
868	h1	0.618	1	1	0.608	1	0.583	0.455	1	1	6.38
869	h1	0.875	1	1	0.889	1	0.778	0.727	1	1	33.83
870	h1	0.875	1	1	1.0	1	0.778	0.727	1	1	38.06
871	h1	0.875	1	1	0.889	1	0.778	0.727	1	1	33.83
872	h1	0.574	1	1	0.591	1	0.667	0.576	1	1	9.06
873	h1	0.75	1	1	0.667	1	0.667	0.727	1	1	20.52
874	h1	0.75	1	1	0.667	1	0.667	0.727	1	1	20.52
875	h1	0.75	1	1	0.667	1	0.667	0.727	1	1	20.52
876	h1	0.669	1	1	0.895	1	0.95	0.576	1	1	26.9
877	h1	0.875	1	1	1.0	1	1.0	0.727	1	1	63.61
878	h1	0.875	1	1	1.0	1	1.0	0.727	1	1	63.61
879	h1	0.875	1	1	1.0	1	1.0	0.727	1	1	63.61
880	h1	0.669	1	1	0.632	1	0.644	0.792	1	1	16.35
881	h1	0.875	1	1	0.667	1	0.667	1.0	1	1	35.93
882	h1	0.875	1	1	0.667	1	0.667	1.0	1	1	35.93
883	h1	0.875	1	1	0.667	1	0.667	1.0	1	1	35.93
884	h1	0.353	1	1	0.684	1	0.75	0.682	1	1	8.14
885	h1	0.75	1	1	1.0	1	1.0	0.818	1	1	47.18
886	h1	0.75	1	1	1.0	1	1.0	0.818	1	1	47.18
887	h1	0.75	1	1	1.0	1	1.0	0.818	1	1	47.18
888	h1	0.882	1	1	0.795	1	0.9	1.0	1	1	46.83
889	h1	1.0	1	1	0.889	1	1.0	1.0	1	1	68.36
890	h1	1.0	1	1	0.889	1	1.0	1.0	1	1	68.36
891	h1	1.0	1	1	0.889	1	1.0	1.0	1	1	68.36
892	h1	0.551	1	1	0.596	1	0.6	0.909	1	1	13.29
893	h1	0.625	1	1	0.667	1	0.667	0.909	1	1	19.44
894	h1	0.625	1	1	0.667	1	0.667	0.909	1	1	19.44
895	h1	0.625	1	1	0.667	1	0.667	0.909	1	1	19.44
916	h1	0.882	1	1	0.596	1	0.6	0.784	1	1	18.35
917	h1	1.0	1	1	0.667	1	0.667	0.818	1	1	27.99
918	h1	1.0	1	1	0.667	1	0.667	0.818	1	1	27.99
919	h1	1.0	1	1	0.667	1	0.667	0.818	1	1	27.99
920	h1	1.0	1	1	0.667	1	0.667	0.818	1	1	27.99
921	h1	0.0	1	1	0.696	1	0.9	0.208	1	1	0.0
922	h1	0.574	1	1	0.778	1	1.0	1.0	1	1	33.27
923	h1	0.75	1	1	0.778	1	1.0	1.0	1	1	44.87
924	h1	0.75	1	1	0.778	1	1.0	1.0	1	1	44.87
925	h1	0.75	1	1	0.778	1	1.0	1.0	1	1	44.87
926	h1	0.772	1	1	0.596	1	0.8	0.447	1	1	10.04
927	h1	0.875	1	1	0.667	1	0.889	0.727	1	1	29.01
928	h1	0.875	1	1	0.667	1	0.889	0.727	1	1	29.01
929	h1	0.875	1	1	0.667	1	0.889	0.727	1	1	29.01
930	h1	0.875	1	1	0.667	1	0.889	0.727	1	1	29.01
931	h1	0.662	1	1	0.696	1	0.6	0.701	1	1	14.38
932	h1	0.75	1	1	0.778	1	0.667	0.727	1	1	21.76
933	h1	0.75	1	1	0.778	1	0.667	0.727	1	1	21.76
934	h1	0.75	1	1	0.778	1	0.667	0.727	1	1	21.76
935	h1	0.75	1	1	0.778	1	0.667	0.727	1	1	21.76
