 ChipID Half   Layer0  Layer1  Layer2   Layer3   Layer4  Layer5   Layer6  Layer7  Layer8  Pseaudo_Eff
    344   h0 0.631579       1   0.665 0.761905 0.954545       1 0.740741       1       1     0.226263
    345   h0 0.666667       1   0.700 0.800000 1.000000       1 0.769231       1       1     0.287179
    346   h0 0.666667       1   0.700 0.800000 1.000000       1 0.769231       1       1     0.287179
    347   h0 0.842105       1   0.950 0.666667 0.668182       1 0.740741       1       1     0.263973
    348   h0 0.888889       1   1.000 0.700000 0.700000       1 0.769231       1       1     0.335043
    349   h0 0.888889       1   1.000 0.700000 0.700000       1 0.769231       1       1     0.335043
    350   h0 0.631579       1   0.665 0.666667 0.954545       1 0.740741       1       1     0.197980
    351   h0 0.666667       1   0.700 0.700000 1.000000       1 0.769231       1       1     0.251282
    352   h0 0.666667       1   0.700 0.700000 1.000000       1 0.769231       1       1     0.251282
    353   h0 0.947368       1   0.760 0.952381 0.668182       1 0.740741       1       1     0.339394
    354   h0 1.000000       1   0.800 1.000000 0.700000       1 0.769231       1       1     0.430769
    355   h0 1.000000       1   0.800 1.000000 0.668182       1 0.769231       1       1     0.411189
    392   h0 0.842105       1   0.665 0.952381 0.668182       1 0.814815       1       1     0.290370
    393   h0 0.888889       1   0.700 1.000000 0.700000       1 0.846154       1       1     0.368547
    394   h0 0.888889       1   0.700 1.000000 0.700000       1 0.846154       1       1     0.368547
    395   h0 0.888889       1   0.700 1.000000 0.700000       1 0.846154       1       1     0.368547
    396   h0 0.631579       1   0.855 0.666667 0.954545       1 0.962963       1       1     0.330909
    397   h0 0.666667       1   0.900 0.700000 1.000000       1 1.000000       1       1     0.420000
    398   h0 0.666667       1   0.900 0.700000 1.000000       1 1.000000       1       1     0.420000
    399   h0 0.666667       1   0.900 0.700000 1.000000       1 1.000000       1       1     0.420000
    400   h0 0.789474       1   0.850 0.614286 0.954545       1 0.649573       1       1     0.255594
    401   h0 1.000000       1   1.000 0.700000 1.000000       1 0.769231       1       1     0.538462
    402   h0 1.000000       1   1.000 0.700000 1.000000       1 0.769231       1       1     0.538462
    403   h0 1.000000       1   1.000 0.676190 1.000000       1 0.769231       1       1     0.520147
    404   h0 0.736842       1   0.700 0.700000 0.700000       1 0.746439       1       1     0.188653
    405   h0 0.777778       1   0.700 0.700000 0.700000       1 0.769231       1       1     0.205214
    406   h0 0.777778       1   0.700 0.700000 0.700000       1 0.769231       1       1     0.205214
    407   h0 0.777778       1   0.700 0.700000 0.700000       1 0.769231       1       1     0.205214
    408   h0 0.736842       1   0.700 1.000000 0.700000       1 0.746439       1       1     0.269504
    409   h0 0.777778       1   0.700 1.000000 0.700000       1 0.769231       1       1     0.293162
    410   h0 0.777778       1   0.700 1.000000 0.700000       1 0.769231       1       1     0.293162
    411   h0 0.777778       1   0.700 1.000000 0.700000       1 0.769231       1       1     0.293162
    412   h0 0.947368       1   1.000 0.700000 1.000000       1 0.712251       1       1     0.472335
    413   h0 1.000000       1   1.000 0.700000 1.000000       1 0.769231       1       1     0.538462
    414   h0 1.000000       1   1.000 0.700000 1.000000       1 0.769231       1       1     0.538462
    415   h0 1.000000       1   1.000 0.700000 1.000000       1 0.769231       1       1     0.538462
    416   h0 0.502924       1   0.610 0.647619 0.677273       1 0.888889       1       1     0.119609
    417   h0 0.666667       1   0.700 0.800000 0.700000       1 0.923077       1       1     0.241231
    418   h0 0.666667       1   0.700 0.800000 0.700000       1 0.923077       1       1     0.241231
    419   h0 0.666667       1   0.700 0.800000 0.700000       1 0.923077       1       1     0.241231
    420   h0 0.842105       1   0.665 0.857143 0.668182       1 0.740741       1       1     0.237576
    421   h0 0.888889       1   0.700 0.900000 0.700000       1 0.769231       1       1     0.301538
    422   h0 0.888889       1   0.700 0.900000 0.700000       1 0.769231       1       1     0.301538
    423   h0 0.888889       1   0.700 0.900000 0.700000       1 0.769231       1       1     0.301538
    424   h0 0.842105       1   0.950 0.857143 0.668182       1 0.740741       1       1     0.339394
    425   h0 0.888889       1   1.000 0.900000 0.700000       1 0.769231       1       1     0.430769
    426   h0 0.888889       1   1.000 0.900000 0.700000       1 0.769231       1       1     0.430769
    427   h0 0.888889       1   1.000 0.900000 0.700000       1 0.569801       1       1     0.319088
    448   h0 0.947368       1   0.855 0.666667 0.668182       1 0.814815       1       1     0.294000
    449   h0 1.000000       1   0.900 0.700000 0.700000       1 0.846154       1       1     0.373154
    450   h0 1.000000       1   0.900 0.700000 0.700000       1 0.846154       1       1     0.373154
    451   h0 1.000000       1   0.900 0.700000 0.700000       1 0.846154       1       1     0.373154
    452   h0 1.000000       1   0.810 0.500000 0.700000       1 0.532764       1       1     0.151038
    453   h0 0.210526       1   0.475 0.952381 0.668182       1 0.279202       1       1     0.017767
    454   h0 0.619883       1   0.690 1.000000 0.700000       1 0.769231       1       1     0.230310
    455   h0 0.666667       1   0.700 1.000000 0.700000       1 0.769231       1       1     0.251282
    456   h0 0.666667       1   0.700 1.000000 0.700000       1 0.769231       1       1     0.251282
    457   h0 0.666667       1   0.650 0.714286 0.700000       1 0.740741       1       1     0.160494
    458   h0 0.947368       1   0.950 0.952381 0.668182       1 0.923077       1       1     0.528671
    459   h0 1.000000       1   1.000 1.000000 0.700000       1 0.923077       1       1     0.646154
    460   h0 1.000000       1   1.000 1.000000 0.700000       1 0.923077       1       1     0.646154
    461   h0 1.000000       1   1.000 1.000000 0.700000       1 0.923077       1       1     0.646154
    462   h0 1.000000       1   0.900 0.714286 0.700000       1 0.581197       1       1     0.261538
    463   h0 0.631579       1   0.760 0.666667 0.954545       1 0.740741       1       1     0.226263
    464   h0 0.666667       1   0.800 0.700000 1.000000       1 0.769231       1       1     0.287179
    465   h0 0.666667       1   0.800 0.700000 1.000000       1 0.769231       1       1     0.287179
    466   h0 0.666667       1   0.800 0.700000 1.000000       1 0.769231       1       1     0.287179
    467   h0 0.666667       1   0.720 0.500000 1.000000       1 0.484330       1       1     0.116239
    812   h1 0.596491       1   0.695 0.723810 0.954545       1 0.769231       1       1     0.220326
    813   h1 0.666667       1   0.700 0.800000 1.000000       1 0.769231       1       1     0.287179
    814   h1 0.666667       1   0.700 0.800000 1.000000       1 0.769231       1       1     0.287179
    815   h1 0.795322       1   0.950 0.642857 0.668182       1 0.769231       1       1     0.249650
    816   h1 0.888889       1   1.000 0.700000 0.700000       1 0.769231       1       1     0.335043
    817   h1 0.888889       1   1.000 0.700000 0.700000       1 0.769231       1       1     0.335043
    818   h1 0.596491       1   0.700 0.666667 0.954545       1 0.769231       1       1     0.204392
    819   h1 0.666667       1   0.700 0.700000 1.000000       1 0.769231       1       1     0.251282
    820   h1 0.666667       1   0.700 0.700000 1.000000       1 0.769231       1       1     0.251282
    821   h1 0.894737       1   0.800 0.952381 0.668182       1 0.769231       1       1     0.350386
    822   h1 1.000000       1   0.800 1.000000 0.700000       1 0.769231       1       1     0.430769
    823   h1 1.000000       1   0.800 1.000000 0.700000       1 0.769231       1       1     0.430769
    860   h1 0.795322       1   0.665 0.952381 0.763636       1 0.846154       1       1     0.325470
    861   h1 0.888889       1   0.700 1.000000 0.800000       1 0.846154       1       1     0.421197
    862   h1 0.888889       1   0.700 1.000000 0.800000       1 0.846154       1       1     0.421197
    863   h1 0.888889       1   0.700 1.000000 0.800000       1 0.846154       1       1     0.421197
    864   h1 0.596491       1   0.855 0.666667 0.954545       1 1.000000       1       1     0.324545
    865   h1 0.666667       1   0.900 0.700000 1.000000       1 1.000000       1       1     0.420000
    866   h1 0.666667       1   0.900 0.700000 1.000000       1 1.000000       1       1     0.420000
    867   h1 0.666667       1   0.900 0.700000 1.000000       1 1.000000       1       1     0.420000
    868   h1 0.842105       1   0.900 0.642857 0.954545       1 0.683761       1       1     0.317998
    869   h1 1.000000       1   1.000 0.700000 1.000000       1 0.769231       1       1     0.538462
    870   h1 1.000000       1   1.000 0.700000 1.000000       1 0.769231       1       1     0.538462
    871   h1 1.000000       1   1.000 0.676190 1.000000       1 0.769231       1       1     0.520147
    872   h1 0.596491       1   0.700 0.700000 0.700000       1 0.757835       1       1     0.155050
    873   h1 0.666667       1   0.700 0.700000 0.700000       1 0.769231       1       1     0.175897
    874   h1 0.666667       1   0.700 0.700000 0.700000       1 0.769231       1       1     0.175897
    875   h1 0.666667       1   0.700 0.700000 0.700000       1 0.769231       1       1     0.175897
    876   h1 0.695906       1   0.700 1.000000 0.700000       1 0.769231       1       1     0.262303
    877   h1 0.777778       1   0.700 1.000000 0.700000       1 0.769231       1       1     0.293162
    878   h1 0.777778       1   0.700 1.000000 0.700000       1 0.769231       1       1     0.293162
    879   h1 0.777778       1   0.700 1.000000 0.700000       1 0.769231       1       1     0.293162
    880   h1 0.894737       1   1.000 0.700000 1.000000       1 0.814815       1       1     0.510331
    881   h1 1.000000       1   1.000 0.700000 1.000000       1 0.846154       1       1     0.592308
    882   h1 1.000000       1   1.000 0.700000 1.000000       1 0.769231       1       1     0.538462
    883   h1 1.000000       1   1.000 0.700000 1.000000       1 0.769231       1       1     0.538462
    884   h1 0.479532       1   0.625 0.647619 0.663636       1 0.925926       1       1     0.119268
    885   h1 0.666667       1   0.700 0.800000 0.700000       1 1.000000       1       1     0.261333
    886   h1 0.666667       1   0.700 0.800000 0.700000       1 1.000000       1       1     0.261333
    887   h1 0.666667       1   0.700 0.800000 0.700000       1 1.000000       1       1     0.261333
    888   h1 0.947368       1   0.700 0.952381 0.668182       1 0.769231       1       1     0.324623
    889   h1 1.000000       1   0.700 1.000000 0.700000       1 0.769231       1       1     0.376923
    890   h1 1.000000       1   0.700 1.000000 0.700000       1 0.769231       1       1     0.376923
    891   h1 1.000000       1   0.700 1.000000 0.700000       1 0.769231       1       1     0.376923
    892   h1 0.695906       1   1.000 0.761905 0.668182       1 0.769231       1       1     0.272523
    893   h1 0.777778       1   1.000 0.800000 0.700000       1 0.769231       1       1     0.335043
    894   h1 0.777778       1   1.000 0.800000 0.700000       1 0.769231       1       1     0.335043
    895   h1 0.777778       1   1.000 0.900000 0.700000       1 0.555556       1       1     0.272222
    916   h1 0.894737       1   0.900 0.661905 0.668182       1 0.846154       1       1     0.301354
    917   h1 1.000000       1   0.900 0.700000 0.700000       1 0.846154       1       1     0.373154
    918   h1 1.000000       1   0.900 0.700000 0.700000       1 0.846154       1       1     0.373154
    919   h1 1.000000       1   0.900 0.700000 0.700000       1 0.846154       1       1     0.373154
    920   h1 1.000000       1   0.810 0.500000 0.700000       1 0.532764       1       1     0.151038
    921   h1 0.298246       1   0.510 0.904762 0.763636       1 0.307692       1       1     0.032336
    922   h1 0.631579       1   0.690 1.000000 0.800000       1 0.769231       1       1     0.268178
    923   h1 0.666667       1   0.700 1.000000 0.800000       1 0.769231       1       1     0.287179
    924   h1 0.666667       1   0.700 1.000000 0.800000       1 0.769231       1       1     0.287179
    925   h1 0.666667       1   0.650 0.714286 0.800000       1 0.740741       1       1     0.183422
    926   h1 0.894737       1   1.000 0.900000 0.668182       1 0.923077       1       1     0.496673
    927   h1 1.000000       1   1.000 0.900000 0.700000       1 0.923077       1       1     0.581538
    928   h1 1.000000       1   1.000 1.000000 0.700000       1 0.923077       1       1     0.646154
    929   h1 1.000000       1   1.000 1.000000 0.700000       1 0.923077       1       1     0.646154
    930   h1 1.000000       1   0.900 0.714286 0.700000       1 0.547009       1       1     0.246154
    931   h1 0.619883       1   0.800 0.700000 0.954545       1 0.769231       1       1     0.254889
    932   h1 0.666667       1   0.800 0.700000 1.000000       1 0.769231       1       1     0.287179
    933   h1 0.666667       1   0.800 0.700000 1.000000       1 0.769231       1       1     0.287179
    934   h1 0.666667       1   0.800 0.700000 1.000000       1 0.769231       1       1     0.287179
    935   h1 0.666667       1   0.720 0.500000 1.000000       1 0.455840       1       1     0.109402