 ChipID Half  Layer0   Layer1  Layer2  Layer3   Layer4   Layer5   Layer6  Layer7  Layer8  Pseaudo_Eff
    332   h0       1 0.950000   0.950       1 0.668182 0.867769 0.964286       1       1     0.504605
    333   h0       1 1.000000   1.000       1 0.700000 0.909091 1.000000       1       1     0.636364
    334   h0       1 1.000000   1.000       1 0.700000 0.867769 1.000000       1       1     0.607438
    335   h0       1 0.633333   0.665       1 0.668182 0.867769 0.890110       1       1     0.217368
    336   h0       1 0.666667   0.700       1 0.700000 0.909091 0.923077       1       1     0.274126
    337   h0       1 0.666667   0.700       1 0.700000 0.909091 0.923077       1       1     0.274126
    338   h0       1 0.950000   0.665       1 0.954545 0.661157 0.741758       1       1     0.295739
    339   h0       1 1.000000   0.700       1 1.000000 0.727273 0.769231       1       1     0.391608
    340   h0       1 1.000000   0.700       1 1.000000 0.727273 0.769231       1       1     0.391608
    341   h0       1 0.633333   0.950       1 0.668182 0.665289 0.890110       1       1     0.238070
    342   h0       1 0.666667   1.000       1 0.700000 0.727273 0.923077       1       1     0.313287
    343   h0       1 0.666667   1.000       1 0.677273 0.723140 0.923077       1       1     0.301393
    356   h0       1 0.950000   0.665       1 0.954545 0.694215 0.741758       1       1     0.310526
    357   h0       1 1.000000   0.700       1 1.000000 0.727273 0.769231       1       1     0.391608
    358   h0       1 1.000000   0.700       1 1.000000 0.727273 0.769231       1       1     0.391608
    359   h0       1 1.000000   0.700       1 1.000000 0.727273 0.769231       1       1     0.391608
    360   h0       1 0.738889   0.950       1 0.668182 0.780992 0.741758       1       1     0.271710
    361   h0       1 0.777778   1.000       1 0.700000 0.818182 0.769231       1       1     0.342657
    362   h0       1 0.777778   1.000       1 0.700000 0.818182 0.769231       1       1     0.342657
    363   h0       1 0.777778   1.000       1 0.700000 0.818182 0.769231       1       1     0.342657
    364   h0       1 0.533333   0.675       1 0.604545 0.710744 0.744505       1       1     0.115163
    365   h0       1 0.666667   0.900       1 0.700000 0.727273 0.769231       1       1     0.234965
    366   h0       1 0.666667   0.900       1 0.700000 0.727273 0.769231       1       1     0.234965
    367   h0       1 0.666667   0.900       1 0.700000 0.727273 0.769231       1       1     0.234965
    368   h0       1 1.000000   0.700       1 0.700000 1.000000 0.846154       1       1     0.414615
    369   h0       1 1.000000   0.700       1 0.700000 1.000000 0.846154       1       1     0.414615
    370   h0       1 1.000000   0.700       1 0.700000 1.000000 0.846154       1       1     0.414615
    371   h0       1 1.000000   0.700       1 0.700000 1.000000 0.846154       1       1     0.414615
    372   h0       1 0.777778   1.000       1 1.000000 0.727273 0.964286       1       1     0.545455
    373   h0       1 0.777778   1.000       1 1.000000 0.727273 1.000000       1       1     0.565657
    374   h0       1 0.777778   1.000       1 1.000000 0.727273 1.000000       1       1     0.565657
    375   h0       1 0.777778   1.000       1 1.000000 0.727273 1.000000       1       1     0.565657
    376   h0       1 0.638889   0.700       1 0.800000 0.727273 0.923077       1       1     0.240186
    377   h0       1 0.666667   0.700       1 0.800000 0.727273 0.923077       1       1     0.250629
    378   h0       1 0.666667   0.700       1 0.800000 0.727273 0.923077       1       1     0.250629
    379   h0       1 0.666667   0.700       1 0.800000 0.727273 0.923077       1       1     0.250629
    380   h0       1 0.850000   0.610       1 0.663636 1.000000 0.769231       1       1     0.264689
    381   h0       1 1.000000   0.700       1 0.700000 1.000000 0.769231       1       1     0.376923
    382   h0       1 1.000000   0.700       1 0.700000 1.000000 0.769231       1       1     0.376923
    383   h0       1 1.000000   0.690       1 0.700000 1.000000 0.769231       1       1     0.371538
    384   h0       1 0.844444   0.760       1 0.668182 0.780992 0.741758       1       1     0.248421
    385   h0       1 0.888889   0.800       1 0.700000 0.818182 0.769231       1       1     0.313287
    386   h0       1 0.888889   0.800       1 0.700000 0.818182 0.769231       1       1     0.313287
    387   h0       1 0.888889   0.800       1 0.700000 0.818182 0.769231       1       1     0.313287
    388   h0       1 0.633333   0.950       1 0.859091 0.909091 0.741758       1       1     0.348550
    389   h0       1 0.666667   1.000       1 0.900000 1.000000 0.769231       1       1     0.461538
    390   h0       1 0.666667   1.000       1 0.900000 1.000000 0.769231       1       1     0.461538
    391   h0       1 0.666667   1.000       1 0.900000 1.000000 0.681319       1       1     0.408791
    428   h0       1 0.633333   0.665       1 0.668182 0.954545 0.741758       1       1     0.199254
    429   h0       1 0.666667   0.700       1 0.700000 1.000000 0.769231       1       1     0.251282
    430   h0       1 0.666667   0.700       1 0.700000 1.000000 0.769231       1       1     0.251282
    431   h0       1 0.666667   0.700       1 0.700000 1.000000 0.769231       1       1     0.251282
    432   h0       1 0.666667   0.595       1 0.700000 1.000000 0.412088       1       1     0.114423
    433   h0       1 0.950000   0.855       1 0.954545 0.694215 0.593407       1       1     0.319398
    434   h0       1 1.000000   0.900       1 1.000000 0.727273 0.769231       1       1     0.503497
    435   h0       1 1.000000   0.900       1 1.000000 0.727273 0.769231       1       1     0.503497
    436   h0       1 1.000000   0.900       1 1.000000 0.727273 0.769231       1       1     0.503497
    437   h0       1 1.000000   0.765       1 1.000000 0.727273 0.519231       1       1     0.288881
    438   h0       1 0.422222   0.950       1 0.954545 0.780992 0.615385       1       1     0.184015
    439   h0       1 0.644444   1.000       1 1.000000 0.818182 0.769231       1       1     0.405594
    440   h0       1 0.666667   1.000       1 1.000000 0.818182 0.769231       1       1     0.419580
    441   h0       1 0.666667   1.000       1 1.000000 0.818182 0.769231       1       1     0.419580
    442   h0       1 0.666667   0.850       1 1.000000 0.818182 0.483516       1       1     0.224176
    443   h0       1 0.844444   0.665       1 0.859091 0.694215 0.741758       1       1     0.248421
    444   h0       1 0.888889   0.700       1 0.900000 0.727273 0.769231       1       1     0.313287
    445   h0       1 0.888889   0.700       1 0.900000 0.727273 0.769231       1       1     0.313287
    446   h0       1 0.888889   0.700       1 0.900000 0.727273 0.769231       1       1     0.313287
    447   h0       1 1.000000   0.595       1 0.900000 0.727273 0.412088       1       1     0.160490
    800   h1       1 0.900000   1.000       1 0.700000 0.909091 1.000000       1       1     0.572727
    801   h1       1 1.000000   1.000       1 0.700000 0.859504 1.000000       1       1     0.601653
    802   h1       1 1.000000   1.000       1 0.690909 0.743802 1.000000       1       1     0.513899
    803   h1       1 0.600000   0.670       1 0.800000 1.000000 0.846154       1       1     0.272123
    804   h1       1 0.666667   0.700       1 0.800000 1.000000 0.846154       1       1     0.315897
    805   h1       1 0.666667   0.700       1 0.800000 1.000000 0.846154       1       1     0.315897
    806   h1       1 0.900000   0.700       1 0.900000 0.818182 0.769231       1       1     0.356853
    807   h1       1 1.000000   0.700       1 0.900000 0.768595 0.769231       1       1     0.372473
    808   h1       1 1.000000   0.700       1 0.900000 0.739669 0.769231       1       1     0.358455
    809   h1       1 0.600000   1.000       1 0.700000 0.727273 0.923077       1       1     0.281958
    810   h1       1 0.666667   1.000       1 0.700000 0.677686 0.923077       1       1     0.291926
    811   h1       1 0.666667   1.000       1 0.681818 0.636364 0.923077       1       1     0.267006
    824   h1       1 0.900000   0.665       1 1.000000 0.727273 0.769231       1       1     0.334825
    825   h1       1 1.000000   0.700       1 1.000000 0.727273 0.769231       1       1     0.391608
    826   h1       1 1.000000   0.700       1 1.000000 0.727273 0.769231       1       1     0.391608
    827   h1       1 1.000000   0.700       1 1.000000 0.727273 0.725275       1       1     0.369231
    828   h1       1 0.600000   0.950       1 0.700000 0.727273 0.769231       1       1     0.223217
    829   h1       1 0.666667   1.000       1 0.700000 0.727273 0.769231       1       1     0.261072
    830   h1       1 0.666667   1.000       1 0.700000 0.727273 0.769231       1       1     0.261072
    831   h1       1 0.666667   1.000       1 0.700000 0.727273 0.769231       1       1     0.261072
    832   h1       1 0.550000   0.720       1 0.604545 0.702479 0.744505       1       1     0.125206
    833   h1       1 0.666667   0.900       1 0.700000 0.727273 0.769231       1       1     0.234965
    834   h1       1 0.666667   0.900       1 0.700000 0.727273 0.769231       1       1     0.234965
    835   h1       1 0.666667   0.900       1 0.700000 0.727273 0.769231       1       1     0.234965
    836   h1       1 0.950000   0.700       1 0.700000 1.000000 0.846154       1       1     0.393885
    837   h1       1 1.000000   0.700       1 0.700000 1.000000 0.846154       1       1     0.414615
    838   h1       1 1.000000   0.700       1 0.700000 1.000000 0.846154       1       1     0.414615
    839   h1       1 1.000000   0.700       1 0.700000 1.000000 0.846154       1       1     0.414615
    840   h1       1 0.777778   1.000       1 1.000000 0.818182 1.000000       1       1     0.636364
    841   h1       1 0.777778   1.000       1 1.000000 0.818182 1.000000       1       1     0.636364
    842   h1       1 0.666667   1.000       1 1.000000 0.818182 1.000000       1       1     0.545455
    843   h1       1 0.666667   1.000       1 1.000000 0.818182 1.000000       1       1     0.545455
    844   h1       1 0.633333   0.700       1 0.700000 0.727273 0.923077       1       1     0.208336
    845   h1       1 0.666667   0.700       1 0.700000 0.727273 0.923077       1       1     0.219301
    846   h1       1 0.666667   0.700       1 0.700000 0.727273 0.923077       1       1     0.219301
    847   h1       1 0.666667   0.700       1 0.700000 0.727273 0.923077       1       1     0.219301
    848   h1       1 0.850000   0.640       1 0.677273 0.909091 0.769231       1       1     0.257648
    849   h1       1 1.000000   0.700       1 0.700000 0.909091 0.769231       1       1     0.342657
    850   h1       1 1.000000   0.700       1 0.700000 0.909091 0.769231       1       1     0.342657
    851   h1       1 1.000000   0.685       1 0.700000 0.909091 0.769231       1       1     0.335315
    852   h1       1 0.700000   0.800       1 0.700000 0.727273 0.769231       1       1     0.219301
    853   h1       1 0.777778   0.800       1 0.700000 0.727273 0.769231       1       1     0.243667
    854   h1       1 0.777778   0.800       1 0.700000 0.727273 0.769231       1       1     0.243667
    855   h1       1 0.777778   0.800       1 0.700000 0.727273 0.769231       1       1     0.243667
    856   h1       1 0.600000   1.000       1 0.900000 1.000000 0.769231       1       1     0.415385
    857   h1       1 0.666667   1.000       1 0.900000 1.000000 0.769231       1       1     0.461538
    858   h1       1 0.666667   1.000       1 0.900000 1.000000 0.769231       1       1     0.461538
    859   h1       1 0.666667   1.000       1 0.900000 1.000000 0.681319       1       1     0.408791
    896   h1       1 0.700000   0.685       1 0.700000 1.000000 0.769231       1       1     0.258192
    897   h1       1 0.777778   0.700       1 0.700000 1.000000 0.769231       1       1     0.293162
    898   h1       1 0.777778   0.700       1 0.700000 1.000000 0.769231       1       1     0.293162
    899   h1       1 0.777778   0.700       1 0.700000 1.000000 0.769231       1       1     0.293162
    900   h1       1 0.777778   0.560       1 0.700000 1.000000 0.425824       1       1     0.129829
    901   h1       1 0.900000   0.900       1 1.000000 0.727273 0.620879       1       1     0.365754
    902   h1       1 1.000000   0.900       1 1.000000 0.727273 0.769231       1       1     0.503497
    903   h1       1 1.000000   0.900       1 1.000000 0.727273 0.769231       1       1     0.503497
    904   h1       1 1.000000   0.900       1 1.000000 0.727273 0.769231       1       1     0.503497
    905   h1       1 1.000000   0.720       1 1.000000 0.727273 0.538462       1       1     0.281958
    906   h1       1 0.300000   1.000       1 1.000000 0.909091 0.642857       1       1     0.175325
    907   h1       1 0.633333   1.000       1 1.000000 0.909091 0.769231       1       1     0.442890
    908   h1       1 0.666667   1.000       1 1.000000 0.909091 0.769231       1       1     0.466200
    909   h1       1 0.666667   1.000       1 1.000000 0.909091 0.769231       1       1     0.466200
    910   h1       1 0.666667   0.800       1 1.000000 0.909091 0.483516       1       1     0.234432
    911   h1       1 0.900000   0.700       1 0.800000 0.727273 0.769231       1       1     0.281958
    912   h1       1 1.000000   0.700       1 0.800000 0.727273 0.769231       1       1     0.313287
    913   h1       1 1.000000   0.700       1 0.800000 0.727273 0.769231       1       1     0.313287
    914   h1       1 1.000000   0.700       1 0.800000 0.727273 0.769231       1       1     0.313287
    915   h1       1 1.000000   0.560       1 0.800000 0.727273 0.412088       1       1     0.134266