 ChipID Half   Layer0  Layer1  Layer2   Layer3  Layer4   Layer5   Layer6  Layer7  Layer8  Pseaudo_Eff
    332   h0 0.631579       1   0.950 0.666667       1 0.867769 0.964286       1       1     0.334711
    333   h0 0.666667       1   1.000 0.700000       1 0.909091 1.000000       1       1     0.424242
    334   h0 0.666667       1   1.000 0.700000       1 0.867769 1.000000       1       1     0.404959
    335   h0 0.947368       1   0.665 0.952381       1 0.867769 0.890110       1       1     0.463446
    336   h0 1.000000       1   0.700 1.000000       1 0.909091 0.923077       1       1     0.587413
    337   h0 1.000000       1   0.700 1.000000       1 0.909091 0.923077       1       1     0.587413
    338   h0 0.736842       1   0.665 0.666667       1 0.661157 0.741758       1       1     0.160203
    339   h0 0.777778       1   0.700 0.700000       1 0.727273 0.769231       1       1     0.213209
    340   h0 0.777778       1   0.700 0.700000       1 0.727273 0.769231       1       1     0.213209
    341   h0 0.947368       1   0.950 0.952381       1 0.665289 0.890110       1       1     0.507583
    342   h0 1.000000       1   1.000 1.000000       1 0.727273 0.923077       1       1     0.671329
    343   h0 1.000000       1   1.000 1.000000       1 0.723140 0.923077       1       1     0.667514
    356   h0 0.631579       1   0.665 0.857143       1 0.694215 0.741758       1       1     0.185378
    357   h0 0.666667       1   0.700 0.900000       1 0.727273 0.769231       1       1     0.234965
    358   h0 0.666667       1   0.700 0.900000       1 0.727273 0.769231       1       1     0.234965
    359   h0 0.666667       1   0.700 0.800000       1 0.727273 0.769231       1       1     0.208858
    360   h0 0.947368       1   0.950 0.666667       1 0.780992 0.741758       1       1     0.347584
    361   h0 1.000000       1   1.000 0.700000       1 0.818182 0.769231       1       1     0.440559
    362   h0 1.000000       1   1.000 0.700000       1 0.818182 0.769231       1       1     0.440559
    363   h0 1.000000       1   1.000 0.700000       1 0.818182 0.769231       1       1     0.440559
    364   h0 0.684211       1   0.675 0.652381       1 0.710744 0.744505       1       1     0.159432
    365   h0 1.000000       1   0.900 0.700000       1 0.727273 0.769231       1       1     0.352448
    366   h0 1.000000       1   0.900 0.700000       1 0.727273 0.769231       1       1     0.352448
    367   h0 1.000000       1   0.900 0.628571       1 0.727273 0.769231       1       1     0.316484
    368   h0 0.631579       1   0.700 1.000000       1 1.000000 0.846154       1       1     0.374089
    369   h0 0.666667       1   0.700 1.000000       1 1.000000 0.846154       1       1     0.394872
    370   h0 0.666667       1   0.700 1.000000       1 1.000000 0.846154       1       1     0.394872
    371   h0 0.666667       1   0.700 1.000000       1 1.000000 0.846154       1       1     0.394872
    372   h0 0.947368       1   1.000 0.700000       1 0.727273 0.964286       1       1     0.465072
    373   h0 1.000000       1   1.000 0.700000       1 0.727273 1.000000       1       1     0.509091
    374   h0 1.000000       1   1.000 0.700000       1 0.727273 1.000000       1       1     0.509091
    375   h0 1.000000       1   1.000 0.700000       1 0.727273 1.000000       1       1     0.509091
    376   h0 0.666667       1   0.700 0.700000       1 0.727273 0.923077       1       1     0.219301
    377   h0 0.666667       1   0.700 0.700000       1 0.727273 0.923077       1       1     0.219301
    378   h0 0.666667       1   0.700 0.700000       1 0.727273 0.923077       1       1     0.219301
    379   h0 0.666667       1   0.700 0.700000       1 0.727273 0.923077       1       1     0.219301
    380   h0 0.573099       1   0.610 0.904762       1 1.000000 0.769231       1       1     0.243305
    381   h0 0.777778       1   0.700 1.000000       1 1.000000 0.769231       1       1     0.418803
    382   h0 0.777778       1   0.700 1.000000       1 1.000000 0.769231       1       1     0.418803
    383   h0 0.777778       1   0.690 1.000000       1 1.000000 0.769231       1       1     0.412821
    384   h0 0.947368       1   0.760 0.952381       1 0.780992 0.741758       1       1     0.397239
    385   h0 1.000000       1   0.800 1.000000       1 0.818182 0.769231       1       1     0.503497
    386   h0 1.000000       1   0.800 1.000000       1 0.818182 0.769231       1       1     0.503497
    387   h0 1.000000       1   0.800 1.000000       1 0.818182 0.769231       1       1     0.503497
    388   h0 0.631579       1   0.950 0.666667       1 0.909091 0.741758       1       1     0.269730
    389   h0 0.666667       1   1.000 0.700000       1 1.000000 0.769231       1       1     0.358974
    390   h0 0.666667       1   1.000 0.700000       1 1.000000 0.769231       1       1     0.358974
    391   h0 0.666667       1   1.000 0.700000       1 1.000000 0.681319       1       1     0.317949
    428   h0 0.736842       1   0.665 0.952381       1 0.954545 0.741758       1       1     0.330420
    429   h0 0.777778       1   0.700 1.000000       1 1.000000 0.769231       1       1     0.418803
    430   h0 0.777778       1   0.700 1.000000       1 1.000000 0.769231       1       1     0.418803
    431   h0 0.777778       1   0.700 1.000000       1 1.000000 0.769231       1       1     0.418803
    432   h0 0.777778       1   0.595 0.666667       1 1.000000 0.412088       1       1     0.127137
    433   h0 0.631579       1   0.855 0.761905       1 0.694215 0.593407       1       1     0.169489
    434   h0 0.666667       1   0.900 0.800000       1 0.727273 0.769231       1       1     0.268531
    435   h0 0.666667       1   0.900 0.800000       1 0.727273 0.769231       1       1     0.268531
    436   h0 0.666667       1   0.900 0.800000       1 0.727273 0.769231       1       1     0.268531
    437   h0 0.666667       1   0.765 0.533333       1 0.727273 0.519231       1       1     0.102713
    438   h0 0.947368       1   0.950 0.666667       1 0.780992 0.615385       1       1     0.288366
    439   h0 1.000000       1   1.000 0.700000       1 0.818182 0.769231       1       1     0.440559
    440   h0 1.000000       1   1.000 0.700000       1 0.818182 0.769231       1       1     0.440559
    441   h0 1.000000       1   1.000 0.700000       1 0.818182 0.769231       1       1     0.440559
    442   h0 1.000000       1   0.850 0.466667       1 0.818182 0.483516       1       1     0.156923
    443   h0 0.631579       1   0.665 0.666667       1 0.694215 0.741758       1       1     0.144183
    444   h0 0.666667       1   0.700 0.700000       1 0.727273 0.769231       1       1     0.182751
    445   h0 0.666667       1   0.700 0.700000       1 0.727273 0.769231       1       1     0.182751
    446   h0 0.666667       1   0.700 0.700000       1 0.727273 0.769231       1       1     0.182751
    447   h0 0.666667       1   0.595 0.466667       1 0.727273 0.412088       1       1     0.055478
    800   h1 0.631579       1   1.000 0.666667       1 0.909091 1.000000       1       1     0.382775
    801   h1 0.666667       1   1.000 0.700000       1 0.859504 1.000000       1       1     0.401102
    802   h1 0.666667       1   1.000 0.700000       1 0.743802 1.000000       1       1     0.347107
    803   h1 0.947368       1   0.670 0.952381       1 1.000000 0.846154       1       1     0.511510
    804   h1 1.000000       1   0.700 1.000000       1 1.000000 0.846154       1       1     0.592308
    805   h1 1.000000       1   0.700 1.000000       1 1.000000 0.846154       1       1     0.592308
    806   h1 0.842105       1   0.700 0.700000       1 0.818182 0.769231       1       1     0.259698
    807   h1 0.888889       1   0.700 0.700000       1 0.768595 0.769231       1       1     0.257512
    808   h1 0.888889       1   0.700 0.700000       1 0.739669 0.769231       1       1     0.247821
    809   h1 0.842105       1   1.000 1.000000       1 0.727273 0.923077       1       1     0.565329
    810   h1 0.888889       1   1.000 1.000000       1 0.677686 0.923077       1       1     0.556050
    811   h1 0.888889       1   1.000 1.000000       1 0.636364 0.923077       1       1     0.522145
    824   h1 0.631579       1   0.665 0.800000       1 0.727273 0.769231       1       1     0.187972
    825   h1 0.666667       1   0.700 0.800000       1 0.727273 0.769231       1       1     0.208858
    826   h1 0.666667       1   0.700 0.800000       1 0.727273 0.769231       1       1     0.208858
    827   h1 0.666667       1   0.700 0.800000       1 0.727273 0.725275       1       1     0.196923
    828   h1 0.947368       1   0.950 0.700000       1 0.727273 0.769231       1       1     0.352448
    829   h1 1.000000       1   1.000 0.700000       1 0.727273 0.769231       1       1     0.391608
    830   h1 1.000000       1   1.000 0.700000       1 0.727273 0.769231       1       1     0.391608
    831   h1 1.000000       1   1.000 0.700000       1 0.727273 0.769231       1       1     0.391608
    832   h1 0.736842       1   0.720 0.661905       1 0.702479 0.744505       1       1     0.183655
    833   h1 1.000000       1   0.900 0.700000       1 0.727273 0.769231       1       1     0.352448
    834   h1 1.000000       1   0.900 0.700000       1 0.727273 0.769231       1       1     0.352448
    835   h1 1.000000       1   0.900 0.604762       1 0.727273 0.769231       1       1     0.304496
    836   h1 0.631579       1   0.700 1.000000       1 1.000000 0.846154       1       1     0.374089
    837   h1 0.666667       1   0.700 1.000000       1 1.000000 0.846154       1       1     0.394872
    838   h1 0.666667       1   0.700 1.000000       1 1.000000 0.846154       1       1     0.394872
    839   h1 0.666667       1   0.700 1.000000       1 1.000000 0.846154       1       1     0.394872
    840   h1 0.947368       1   1.000 0.700000       1 0.818182 1.000000       1       1     0.542584
    841   h1 1.000000       1   1.000 0.700000       1 0.818182 1.000000       1       1     0.572727
    842   h1 1.000000       1   1.000 0.700000       1 0.818182 1.000000       1       1     0.572727
    843   h1 1.000000       1   1.000 0.700000       1 0.818182 1.000000       1       1     0.572727
    844   h1 0.666667       1   0.700 0.700000       1 0.727273 0.923077       1       1     0.219301
    845   h1 0.666667       1   0.700 0.700000       1 0.727273 0.923077       1       1     0.219301
    846   h1 0.666667       1   0.700 0.700000       1 0.727273 0.923077       1       1     0.219301
    847   h1 0.666667       1   0.700 0.700000       1 0.727273 0.923077       1       1     0.219301
    848   h1 0.573099       1   0.640 0.952381       1 0.909091 0.769231       1       1     0.244278
    849   h1 0.777778       1   0.700 1.000000       1 0.909091 0.769231       1       1     0.380730
    850   h1 0.777778       1   0.700 1.000000       1 0.909091 0.769231       1       1     0.380730
    851   h1 0.777778       1   0.685 1.000000       1 0.909091 0.769231       1       1     0.372572
    852   h1 1.000000       1   0.800 1.000000       1 0.727273 0.769231       1       1     0.447552
    853   h1 1.000000       1   0.800 1.000000       1 0.727273 0.769231       1       1     0.447552
    854   h1 1.000000       1   0.800 1.000000       1 0.727273 0.769231       1       1     0.447552
    855   h1 1.000000       1   0.800 1.000000       1 0.727273 0.769231       1       1     0.447552
    856   h1 0.637427       1   1.000 0.700000       1 1.000000 0.769231       1       1     0.343230
    857   h1 0.666667       1   1.000 0.700000       1 1.000000 0.769231       1       1     0.358974
    858   h1 0.666667       1   1.000 0.700000       1 1.000000 0.769231       1       1     0.358974
    859   h1 0.666667       1   1.000 0.700000       1 1.000000 0.681319       1       1     0.317949
    896   h1 0.631579       1   0.685 1.000000       1 1.000000 0.769231       1       1     0.332794
    897   h1 0.666667       1   0.700 1.000000       1 1.000000 0.769231       1       1     0.358974
    898   h1 0.666667       1   0.700 1.000000       1 1.000000 0.769231       1       1     0.358974
    899   h1 0.666667       1   0.700 1.000000       1 1.000000 0.769231       1       1     0.358974
    900   h1 0.666667       1   0.560 0.619048       1 1.000000 0.425824       1       1     0.098413
    901   h1 0.631579       1   0.900 0.761905       1 0.727273 0.620879       1       1     0.195558
    902   h1 0.777778       1   0.900 0.800000       1 0.727273 0.769231       1       1     0.313287
    903   h1 0.777778       1   0.900 0.700000       1 0.727273 0.769231       1       1     0.274126
    904   h1 0.777778       1   0.900 0.700000       1 0.727273 0.769231       1       1     0.274126
    905   h1 0.777778       1   0.720 0.433333       1 0.727273 0.538462       1       1     0.095030
    906   h1 0.947368       1   1.000 0.700000       1 0.909091 0.642857       1       1     0.387560
    907   h1 1.000000       1   1.000 0.700000       1 0.909091 0.769231       1       1     0.489510
    908   h1 1.000000       1   1.000 0.700000       1 0.909091 0.769231       1       1     0.489510
    909   h1 1.000000       1   1.000 0.700000       1 0.909091 0.769231       1       1     0.489510
    910   h1 1.000000       1   0.800 0.433333       1 0.909091 0.483516       1       1     0.152381
    911   h1 0.643275       1   0.700 0.700000       1 0.727273 0.769231       1       1     0.176338
    912   h1 0.666667       1   0.700 0.700000       1 0.727273 0.769231       1       1     0.182751
    913   h1 0.666667       1   0.700 0.700000       1 0.727273 0.769231       1       1     0.182751
    914   h1 0.666667       1   0.700 0.700000       1 0.727273 0.769231       1       1     0.182751
    915   h1 0.666667       1   0.560 0.433333       1 0.727273 0.412088       1       1     0.048485