 ChipID Half   Layer0  Layer1  Layer2   Layer3   Layer4   Layer5  Layer6  Layer7  Layer8  Pseaudo_Eff
    344   h0 0.631579       1   0.665 0.761905 0.954545 0.668182       1       1       1     0.204099
    345   h0 0.666667       1   0.700 0.800000 1.000000 0.700000       1       1       1     0.261333
    346   h0 0.666667       1   0.700 0.800000 1.000000 0.700000       1       1       1     0.261333
    347   h0 0.842105       1   0.950 0.666667 0.668182 0.859091       1       1       1     0.306149
    348   h0 0.888889       1   1.000 0.700000 0.700000 0.900000       1       1       1     0.392000
    349   h0 0.888889       1   1.000 0.700000 0.700000 0.900000       1       1       1     0.392000
    350   h0 0.631579       1   0.665 0.666667 0.954545 0.727273       1       1       1     0.194380
    351   h0 0.666667       1   0.700 0.700000 1.000000 0.800000       1       1       1     0.261333
    352   h0 0.666667       1   0.700 0.700000 1.000000 0.800000       1       1       1     0.261333
    353   h0 0.947368       1   0.760 0.952381 0.668182 0.645455       1       1       1     0.295736
    354   h0 1.000000       1   0.800 1.000000 0.700000 0.700000       1       1       1     0.392000
    355   h0 1.000000       1   0.800 1.000000 0.668182 0.700000       1       1       1     0.374182
    392   h0 0.842105       1   0.665 0.952381 0.668182 0.954545       1       1       1     0.340165
    393   h0 0.888889       1   0.700 1.000000 0.700000 1.000000       1       1       1     0.435556
    394   h0 0.888889       1   0.700 1.000000 0.700000 1.000000       1       1       1     0.435556
    395   h0 0.888889       1   0.700 1.000000 0.700000 1.000000       1       1       1     0.435556
    396   h0 0.631579       1   0.855 0.666667 0.954545 0.668182       1       1       1     0.229612
    397   h0 0.666667       1   0.900 0.700000 1.000000 0.700000       1       1       1     0.294000
    398   h0 0.666667       1   0.900 0.700000 1.000000 0.700000       1       1       1     0.294000
    399   h0 0.666667       1   0.900 0.700000 1.000000 0.700000       1       1       1     0.294000
    400   h0 0.789474       1   0.850 0.614286 0.954545 0.654545       1       1       1     0.257551
    401   h0 1.000000       1   1.000 0.700000 1.000000 0.700000       1       1       1     0.490000
    402   h0 1.000000       1   1.000 0.700000 1.000000 0.700000       1       1       1     0.490000
    403   h0 1.000000       1   1.000 0.676190 1.000000 0.700000       1       1       1     0.473333
    404   h0 0.736842       1   0.700 0.700000 0.700000 0.700000       1       1       1     0.176916
    405   h0 0.777778       1   0.700 0.700000 0.700000 0.700000       1       1       1     0.186744
    406   h0 0.777778       1   0.700 0.700000 0.700000 0.700000       1       1       1     0.186744
    407   h0 0.777778       1   0.700 0.700000 0.700000 0.700000       1       1       1     0.186744
    408   h0 0.736842       1   0.700 1.000000 0.700000 1.000000       1       1       1     0.361053
    409   h0 0.777778       1   0.700 1.000000 0.700000 1.000000       1       1       1     0.381111
    410   h0 0.777778       1   0.700 1.000000 0.700000 1.000000       1       1       1     0.381111
    411   h0 0.777778       1   0.700 1.000000 0.700000 1.000000       1       1       1     0.381111
    412   h0 0.947368       1   1.000 0.700000 1.000000 0.700000       1       1       1     0.464211
    413   h0 1.000000       1   1.000 0.700000 1.000000 0.700000       1       1       1     0.490000
    414   h0 1.000000       1   1.000 0.700000 1.000000 0.700000       1       1       1     0.490000
    415   h0 1.000000       1   1.000 0.700000 1.000000 0.700000       1       1       1     0.490000
    416   h0 0.502924       1   0.610 0.647619 0.677273 0.618182       1       1       1     0.083182
    417   h0 0.666667       1   0.700 0.800000 0.700000 0.700000       1       1       1     0.182933
    418   h0 0.666667       1   0.700 0.800000 0.700000 0.700000       1       1       1     0.182933
    419   h0 0.666667       1   0.700 0.800000 0.700000 0.700000       1       1       1     0.182933
    420   h0 0.842105       1   0.665 0.857143 0.668182 0.659091       1       1       1     0.211388
    421   h0 0.888889       1   0.700 0.900000 0.700000 0.700000       1       1       1     0.274400
    422   h0 0.888889       1   0.700 0.900000 0.700000 0.700000       1       1       1     0.274400
    423   h0 0.888889       1   0.700 0.900000 0.700000 0.700000       1       1       1     0.274400
    424   h0 0.842105       1   0.950 0.857143 0.668182 0.909091       1       1       1     0.416529
    425   h0 0.888889       1   1.000 0.900000 0.700000 1.000000       1       1       1     0.560000
    426   h0 0.888889       1   1.000 0.900000 0.700000 1.000000       1       1       1     0.560000
    427   h0 0.888889       1   1.000 0.900000 0.700000 1.000000       1       1       1     0.560000
    448   h0 0.947368       1   0.855 0.666667 0.668182 0.763636       1       1       1     0.275534
    449   h0 1.000000       1   0.900 0.700000 0.700000 0.800000       1       1       1     0.352800
    450   h0 1.000000       1   0.900 0.700000 0.700000 0.800000       1       1       1     0.352800
    451   h0 1.000000       1   0.900 0.700000 0.700000 0.800000       1       1       1     0.352800
    452   h0 1.000000       1   0.810 0.500000 0.700000 0.800000       1       1       1     0.226800
    453   h0 0.210526       1   0.475 0.952381 0.668182 0.954545       1       1       1     0.060744
    454   h0 0.619883       1   0.690 1.000000 0.700000 1.000000       1       1       1     0.299404
    455   h0 0.666667       1   0.700 1.000000 0.700000 1.000000       1       1       1     0.326667
    456   h0 0.666667       1   0.700 1.000000 0.700000 1.000000       1       1       1     0.326667
    457   h0 0.666667       1   0.650 0.714286 0.700000 1.000000       1       1       1     0.216667
    458   h0 0.947368       1   0.950 0.952381 0.668182 0.954545       1       1       1     0.546694
    459   h0 1.000000       1   1.000 1.000000 0.700000 1.000000       1       1       1     0.700000
    460   h0 1.000000       1   1.000 1.000000 0.700000 1.000000       1       1       1     0.700000
    461   h0 1.000000       1   1.000 1.000000 0.700000 1.000000       1       1       1     0.700000
    462   h0 1.000000       1   0.900 0.714286 0.700000 1.000000       1       1       1     0.450000
    463   h0 0.631579       1   0.760 0.666667 0.954545 0.668182       1       1       1     0.204099
    464   h0 0.666667       1   0.800 0.700000 1.000000 0.700000       1       1       1     0.261333
    465   h0 0.666667       1   0.800 0.700000 1.000000 0.700000       1       1       1     0.261333
    466   h0 0.666667       1   0.800 0.700000 1.000000 0.700000       1       1       1     0.261333
    467   h0 0.666667       1   0.720 0.500000 1.000000 0.700000       1       1       1     0.168000
    812   h1 0.596491       1   0.695 0.723810 0.954545 0.800000       1       1       1     0.229139
    813   h1 0.666667       1   0.700 0.800000 1.000000 0.750000       1       1       1     0.280000
    814   h1 0.666667       1   0.700 0.800000 1.000000 0.686364       1       1       1     0.256242
    815   h1 0.795322       1   0.950 0.642857 0.668182 0.900000       1       1       1     0.292091
    816   h1 0.888889       1   1.000 0.700000 0.700000 0.900000       1       1       1     0.392000
    817   h1 0.888889       1   1.000 0.700000 0.700000 0.900000       1       1       1     0.392000
    818   h1 0.596491       1   0.700 0.666667 0.954545 0.800000       1       1       1     0.212568
    819   h1 0.666667       1   0.700 0.700000 1.000000 0.800000       1       1       1     0.261333
    820   h1 0.666667       1   0.700 0.700000 1.000000 0.800000       1       1       1     0.261333
    821   h1 0.894737       1   0.800 0.952381 0.668182 0.700000       1       1       1     0.318852
    822   h1 1.000000       1   0.800 1.000000 0.700000 0.650000       1       1       1     0.364000
    823   h1 1.000000       1   0.800 1.000000 0.700000 0.595455       1       1       1     0.333455
    860   h1 0.795322       1   0.665 0.952381 0.763636 1.000000       1       1       1     0.384646
    861   h1 0.888889       1   0.700 1.000000 0.800000 1.000000       1       1       1     0.497778
    862   h1 0.888889       1   0.700 1.000000 0.800000 1.000000       1       1       1     0.497778
    863   h1 0.888889       1   0.700 1.000000 0.800000 1.000000       1       1       1     0.497778
    864   h1 0.596491       1   0.855 0.666667 0.954545 0.700000       1       1       1     0.227182
    865   h1 0.666667       1   0.900 0.700000 1.000000 0.700000       1       1       1     0.294000
    866   h1 0.666667       1   0.900 0.700000 1.000000 0.700000       1       1       1     0.294000
    867   h1 0.666667       1   0.900 0.700000 1.000000 0.700000       1       1       1     0.294000
    868   h1 0.842105       1   0.900 0.642857 0.954545 0.677273       1       1       1     0.314980
    869   h1 1.000000       1   1.000 0.700000 1.000000 0.700000       1       1       1     0.490000
    870   h1 1.000000       1   1.000 0.700000 1.000000 0.700000       1       1       1     0.490000
    871   h1 1.000000       1   1.000 0.676190 1.000000 0.700000       1       1       1     0.473333
    872   h1 0.596491       1   0.700 0.700000 0.700000 0.700000       1       1       1     0.143218
    873   h1 0.666667       1   0.700 0.700000 0.700000 0.700000       1       1       1     0.160067
    874   h1 0.666667       1   0.700 0.700000 0.700000 0.700000       1       1       1     0.160067
    875   h1 0.666667       1   0.700 0.700000 0.700000 0.700000       1       1       1     0.160067
    876   h1 0.695906       1   0.700 1.000000 0.700000 1.000000       1       1       1     0.340994
    877   h1 0.777778       1   0.700 1.000000 0.700000 1.000000       1       1       1     0.381111
    878   h1 0.777778       1   0.700 1.000000 0.700000 1.000000       1       1       1     0.381111
    879   h1 0.777778       1   0.700 1.000000 0.700000 1.000000       1       1       1     0.381111
    880   h1 0.894737       1   1.000 0.700000 1.000000 0.700000       1       1       1     0.438421
    881   h1 1.000000       1   1.000 0.700000 1.000000 0.700000       1       1       1     0.490000
    882   h1 1.000000       1   1.000 0.700000 1.000000 0.700000       1       1       1     0.490000
    883   h1 1.000000       1   1.000 0.700000 1.000000 0.700000       1       1       1     0.490000
    884   h1 0.479532       1   0.625 0.647619 0.663636 0.618182       1       1       1     0.079628
    885   h1 0.666667       1   0.700 0.800000 0.700000 0.700000       1       1       1     0.182933
    886   h1 0.666667       1   0.700 0.800000 0.700000 0.700000       1       1       1     0.182933
    887   h1 0.666667       1   0.700 0.800000 0.700000 0.700000       1       1       1     0.182933
    888   h1 0.947368       1   0.700 0.952381 0.668182 0.600000       1       1       1     0.253206
    889   h1 1.000000       1   0.700 1.000000 0.700000 0.650000       1       1       1     0.318500
    890   h1 1.000000       1   0.700 1.000000 0.700000 0.695455       1       1       1     0.340773
    891   h1 1.000000       1   0.700 1.000000 0.700000 0.600000       1       1       1     0.294000
    892   h1 0.695906       1   1.000 0.761905 0.668182 1.000000       1       1       1     0.354280
    893   h1 0.777778       1   1.000 0.800000 0.700000 1.000000       1       1       1     0.435556
    894   h1 0.777778       1   1.000 0.800000 0.700000 1.000000       1       1       1     0.435556
    895   h1 0.777778       1   1.000 0.900000 0.700000 1.000000       1       1       1     0.490000
    916   h1 0.894737       1   0.900 0.661905 0.668182 0.800000       1       1       1     0.284917
    917   h1 1.000000       1   0.900 0.700000 0.700000 0.800000       1       1       1     0.352800
    918   h1 1.000000       1   0.900 0.700000 0.700000 0.800000       1       1       1     0.352800
    919   h1 1.000000       1   0.900 0.700000 0.700000 0.800000       1       1       1     0.352800
    920   h1 1.000000       1   0.810 0.500000 0.700000 0.800000       1       1       1     0.226800
    921   h1 0.298246       1   0.510 0.904762 0.763636 1.000000       1       1       1     0.105091
    922   h1 0.631579       1   0.690 1.000000 0.800000 1.000000       1       1       1     0.348632
    923   h1 0.666667       1   0.700 1.000000 0.800000 1.000000       1       1       1     0.373333
    924   h1 0.666667       1   0.700 1.000000 0.800000 1.000000       1       1       1     0.373333
    925   h1 0.666667       1   0.650 0.714286 0.800000 1.000000       1       1       1     0.247619
    926   h1 0.894737       1   1.000 0.900000 0.668182 1.000000       1       1       1     0.538062
    927   h1 1.000000       1   1.000 0.900000 0.700000 1.000000       1       1       1     0.630000
    928   h1 1.000000       1   1.000 1.000000 0.700000 1.000000       1       1       1     0.700000
    929   h1 1.000000       1   1.000 1.000000 0.700000 1.000000       1       1       1     0.700000
    930   h1 1.000000       1   0.900 0.714286 0.700000 1.000000       1       1       1     0.450000
    931   h1 0.619883       1   0.800 0.700000 0.954545 0.700000       1       1       1     0.231949
    932   h1 0.666667       1   0.800 0.700000 1.000000 0.700000       1       1       1     0.261333
    933   h1 0.666667       1   0.800 0.700000 1.000000 0.700000       1       1       1     0.261333
    934   h1 0.666667       1   0.800 0.700000 1.000000 0.700000       1       1       1     0.261333
    935   h1 0.666667       1   0.720 0.500000 1.000000 0.700000       1       1       1     0.168000