 ChipID Half   Layer0  Layer1  Layer2   Layer3  Layer4   Layer5   Layer6   Layer7  Layer8  Pseaudo_Eff
    344   h0 0.631579       1       1 0.761905       1 0.668182 0.740741 0.846154       1     0.201529
    345   h0 0.666667       1       1 0.800000       1 0.700000 0.769231 0.846154       1     0.242998
    346   h0 0.666667       1       1 0.800000       1 0.700000 0.769231 0.846154       1     0.242998
    347   h0 0.842105       1       1 0.666667       1 0.859091 0.740741 0.769231       1     0.274813
    348   h0 0.888889       1       1 0.700000       1 0.900000 0.769231 0.769231       1     0.331361
    349   h0 0.888889       1       1 0.700000       1 0.900000 0.769231 0.769231       1     0.331361
    350   h0 0.631579       1       1 0.666667       1 0.727273 0.740741 0.769231       1     0.174484
    351   h0 0.666667       1       1 0.700000       1 0.800000 0.769231 0.769231       1     0.220907
    352   h0 0.666667       1       1 0.700000       1 0.800000 0.769231 0.769231       1     0.220907
    353   h0 0.947368       1       1 0.952381       1 0.645455 0.740741 0.923077       1     0.398198
    354   h0 1.000000       1       1 1.000000       1 0.700000 0.769231 0.923077       1     0.497041
    355   h0 1.000000       1       1 1.000000       1 0.700000 0.769231 0.923077       1     0.497041
    392   h0 0.842105       1       1 0.952381       1 0.954545 0.814815 0.769231       1     0.479832
    393   h0 0.888889       1       1 1.000000       1 1.000000 0.846154 0.769231       1     0.578567
    394   h0 0.888889       1       1 1.000000       1 1.000000 0.846154 0.769231       1     0.578567
    395   h0 0.888889       1       1 1.000000       1 1.000000 0.846154 0.675824       1     0.508312
    396   h0 0.631579       1       1 0.666667       1 0.668182 0.962963 0.769231       1     0.208400
    397   h0 0.666667       1       1 0.700000       1 0.700000 1.000000 0.769231       1     0.251282
    398   h0 0.666667       1       1 0.700000       1 0.700000 1.000000 0.769231       1     0.251282
    399   h0 0.666667       1       1 0.700000       1 0.700000 1.000000 0.769231       1     0.251282
    400   h0 0.789474       1       1 0.614286       1 0.654545 0.649573 0.769231       1     0.158611
    401   h0 1.000000       1       1 0.700000       1 0.700000 0.769231 0.769231       1     0.289941
    402   h0 1.000000       1       1 0.700000       1 0.700000 0.769231 0.769231       1     0.289941
    403   h0 1.000000       1       1 0.676190       1 0.700000 0.769231 0.769231       1     0.280079
    404   h0 0.736842       1       1 0.700000       1 0.700000 0.746439 0.923077       1     0.248773
    405   h0 0.777778       1       1 0.700000       1 0.700000 0.769231 0.923077       1     0.270611
    406   h0 0.777778       1       1 0.700000       1 0.700000 0.769231 0.923077       1     0.270611
    407   h0 0.777778       1       1 0.700000       1 0.700000 0.769231 0.923077       1     0.270611
    408   h0 0.736842       1       1 1.000000       1 1.000000 0.746439 1.000000       1     0.550007
    409   h0 0.777778       1       1 1.000000       1 1.000000 0.769231 1.000000       1     0.598291
    410   h0 0.777778       1       1 1.000000       1 1.000000 0.769231 1.000000       1     0.598291
    411   h0 0.777778       1       1 1.000000       1 1.000000 0.769231 1.000000       1     0.598291
    412   h0 0.947368       1       1 0.700000       1 0.700000 0.712251 0.923077       1     0.305201
    413   h0 1.000000       1       1 0.700000       1 0.700000 0.769231 0.923077       1     0.347929
    414   h0 1.000000       1       1 0.700000       1 0.700000 0.769231 0.923077       1     0.347929
    415   h0 1.000000       1       1 0.700000       1 0.700000 0.769231 0.923077       1     0.347929
    416   h0 0.502924       1       1 0.647619       1 0.618182 0.888889 0.769231       1     0.137671
    417   h0 0.666667       1       1 0.800000       1 0.700000 0.923077 0.769231       1     0.265089
    418   h0 0.666667       1       1 0.800000       1 0.700000 0.923077 0.769231       1     0.265089
    419   h0 0.666667       1       1 0.800000       1 0.700000 0.923077 0.769231       1     0.265089
    420   h0 0.842105       1       1 0.857143       1 0.659091 0.740741 0.769231       1     0.271074
    421   h0 0.888889       1       1 0.900000       1 0.700000 0.769231 0.769231       1     0.331361
    422   h0 0.888889       1       1 0.900000       1 0.700000 0.769231 0.769231       1     0.331361
    423   h0 0.888889       1       1 0.900000       1 0.700000 0.769231 0.769231       1     0.331361
    424   h0 0.842105       1       1 0.857143       1 0.909091 0.740741 0.769231       1     0.373895
    425   h0 0.888889       1       1 0.900000       1 1.000000 0.769231 0.769231       1     0.473373
    426   h0 0.888889       1       1 0.900000       1 1.000000 0.769231 0.769231       1     0.473373
    427   h0 0.888889       1       1 0.900000       1 1.000000 0.569801 0.675824       1     0.308068
    448   h0 0.947368       1       1 0.666667       1 0.763636 0.814815 0.769231       1     0.302294
    449   h0 1.000000       1       1 0.700000       1 0.800000 0.846154 0.769231       1     0.364497
    450   h0 1.000000       1       1 0.700000       1 0.800000 0.846154 0.769231       1     0.364497
    451   h0 1.000000       1       1 0.700000       1 0.800000 0.846154 0.769231       1     0.364497
    452   h0 1.000000       1       1 0.500000       1 0.800000 0.532764 0.384615       1     0.081964
    453   h0 0.210526       1       1 0.952381       1 0.954545 0.279202 0.642857       1     0.034352
    454   h0 0.619883       1       1 1.000000       1 1.000000 0.769231 0.769231       1     0.366795
    455   h0 0.666667       1       1 1.000000       1 1.000000 0.769231 0.769231       1     0.394477
    456   h0 0.666667       1       1 1.000000       1 1.000000 0.769231 0.769231       1     0.394477
    457   h0 0.666667       1       1 0.714286       1 1.000000 0.740741 0.461538       1     0.162800
    458   h0 0.947368       1       1 0.952381       1 0.954545 0.923077 0.670330       1     0.532908
    459   h0 1.000000       1       1 1.000000       1 1.000000 0.923077 0.769231       1     0.710059
    460   h0 1.000000       1       1 1.000000       1 1.000000 0.923077 0.769231       1     0.710059
    461   h0 1.000000       1       1 1.000000       1 1.000000 0.923077 0.769231       1     0.710059
    462   h0 1.000000       1       1 0.714286       1 1.000000 0.581197 0.461538       1     0.191603
    463   h0 0.631579       1       1 0.666667       1 0.668182 0.740741 0.769231       1     0.160308
    464   h0 0.666667       1       1 0.700000       1 0.700000 0.769231 0.769231       1     0.193294
    465   h0 0.666667       1       1 0.700000       1 0.700000 0.769231 0.769231       1     0.193294
    466   h0 0.666667       1       1 0.700000       1 0.700000 0.769231 0.769231       1     0.193294
    467   h0 0.666667       1       1 0.500000       1 0.700000 0.484330 0.384615       1     0.043466
    812   h1 0.596491       1       1 0.723810       1 0.800000 0.769231 0.846154       1     0.224815
    813   h1 0.666667       1       1 0.800000       1 0.750000 0.769231 0.846154       1     0.260355
    814   h1 0.666667       1       1 0.800000       1 0.686364 0.769231 0.846154       1     0.238264
    815   h1 0.795322       1       1 0.642857       1 0.900000 0.769231 0.769231       1     0.272278
    816   h1 0.888889       1       1 0.700000       1 0.900000 0.769231 0.769231       1     0.331361
    817   h1 0.888889       1       1 0.700000       1 0.900000 0.769231 0.769231       1     0.331361
    818   h1 0.596491       1       1 0.666667       1 0.800000 0.769231 0.769231       1     0.188242
    819   h1 0.666667       1       1 0.700000       1 0.800000 0.769231 0.769231       1     0.220907
    820   h1 0.666667       1       1 0.700000       1 0.800000 0.769231 0.769231       1     0.220907
    821   h1 0.894737       1       1 0.952381       1 0.700000 0.769231 0.923077       1     0.423544
    822   h1 1.000000       1       1 1.000000       1 0.650000 0.769231 0.923077       1     0.461538
    823   h1 1.000000       1       1 1.000000       1 0.595455 0.769231 0.923077       1     0.422808
    860   h1 0.795322       1       1 0.952381       1 1.000000 0.846154 0.769231       1     0.493014
    861   h1 0.888889       1       1 1.000000       1 1.000000 0.846154 0.769231       1     0.578567
    862   h1 0.888889       1       1 1.000000       1 1.000000 0.846154 0.769231       1     0.578567
    863   h1 0.888889       1       1 1.000000       1 1.000000 0.846154 0.620879       1     0.466986
    864   h1 0.596491       1       1 0.666667       1 0.700000 1.000000 0.769231       1     0.214125
    865   h1 0.666667       1       1 0.700000       1 0.700000 1.000000 0.769231       1     0.251282
    866   h1 0.666667       1       1 0.700000       1 0.700000 1.000000 0.769231       1     0.251282
    867   h1 0.666667       1       1 0.700000       1 0.700000 1.000000 0.769231       1     0.251282
    868   h1 0.842105       1       1 0.642857       1 0.677273 0.683761 0.846154       1     0.212128
    869   h1 1.000000       1       1 0.700000       1 0.700000 0.769231 0.846154       1     0.318935
    870   h1 1.000000       1       1 0.700000       1 0.700000 0.769231 0.769231       1     0.289941
    871   h1 1.000000       1       1 0.676190       1 0.700000 0.769231 0.846154       1     0.308087
    872   h1 0.596491       1       1 0.700000       1 0.700000 0.757835 0.923077       1     0.204462
    873   h1 0.666667       1       1 0.700000       1 0.700000 0.769231 0.923077       1     0.231953
    874   h1 0.666667       1       1 0.700000       1 0.700000 0.769231 0.923077       1     0.231953
    875   h1 0.666667       1       1 0.700000       1 0.700000 0.769231 0.923077       1     0.231953
    876   h1 0.695906       1       1 1.000000       1 1.000000 0.769231 1.000000       1     0.535313
    877   h1 0.777778       1       1 1.000000       1 1.000000 0.769231 1.000000       1     0.598291
    878   h1 0.777778       1       1 1.000000       1 1.000000 0.769231 1.000000       1     0.598291
    879   h1 0.777778       1       1 1.000000       1 1.000000 0.769231 1.000000       1     0.598291
    880   h1 0.894737       1       1 0.700000       1 0.700000 0.814815 0.846154       1     0.302273
    881   h1 1.000000       1       1 0.700000       1 0.700000 0.846154 0.846154       1     0.350828
    882   h1 1.000000       1       1 0.700000       1 0.700000 0.769231 0.846154       1     0.318935
    883   h1 1.000000       1       1 0.700000       1 0.700000 0.769231 0.846154       1     0.318935
    884   h1 0.479532       1       1 0.647619       1 0.618182 0.925926 0.747253       1     0.132830
    885   h1 0.666667       1       1 0.800000       1 0.700000 1.000000 0.769231       1     0.287179
    886   h1 0.666667       1       1 0.800000       1 0.700000 1.000000 0.769231       1     0.287179
    887   h1 0.666667       1       1 0.800000       1 0.700000 1.000000 0.769231       1     0.287179
    888   h1 0.947368       1       1 0.952381       1 0.600000 0.769231 0.769231       1     0.320327
    889   h1 1.000000       1       1 1.000000       1 0.650000 0.769231 0.769231       1     0.384615
    890   h1 1.000000       1       1 1.000000       1 0.695455 0.769231 0.769231       1     0.411512
    891   h1 1.000000       1       1 1.000000       1 0.600000 0.769231 0.769231       1     0.355030
    892   h1 0.695906       1       1 0.761905       1 1.000000 0.769231 0.769231       1     0.313736
    893   h1 0.777778       1       1 0.800000       1 1.000000 0.769231 0.769231       1     0.368179
    894   h1 0.777778       1       1 0.800000       1 1.000000 0.769231 0.769231       1     0.368179
    895   h1 0.777778       1       1 0.900000       1 1.000000 0.555556 0.670330       1     0.260684
    916   h1 0.894737       1       1 0.661905       1 0.800000 0.846154 0.769231       1     0.308380
    917   h1 1.000000       1       1 0.700000       1 0.800000 0.846154 0.769231       1     0.364497
    918   h1 1.000000       1       1 0.700000       1 0.800000 0.846154 0.769231       1     0.364497
    919   h1 1.000000       1       1 0.700000       1 0.800000 0.846154 0.769231       1     0.364497
    920   h1 1.000000       1       1 0.500000       1 0.800000 0.532764 0.376374       1     0.080207
    921   h1 0.298246       1       1 0.904762       1 1.000000 0.307692 0.706044       1     0.058621
    922   h1 0.631579       1       1 1.000000       1 1.000000 0.769231 0.769231       1     0.373715
    923   h1 0.666667       1       1 1.000000       1 1.000000 0.769231 0.769231       1     0.394477
    924   h1 0.666667       1       1 1.000000       1 1.000000 0.769231 0.769231       1     0.394477
    925   h1 0.666667       1       1 0.714286       1 1.000000 0.740741 0.398352       1     0.140512
    926   h1 0.894737       1       1 0.900000       1 1.000000 0.923077 0.620879       1     0.461512
    927   h1 1.000000       1       1 0.900000       1 1.000000 0.923077 0.769231       1     0.639053
    928   h1 1.000000       1       1 1.000000       1 1.000000 0.923077 0.769231       1     0.710059
    929   h1 1.000000       1       1 1.000000       1 1.000000 0.923077 0.769231       1     0.710059
    930   h1 1.000000       1       1 0.714286       1 1.000000 0.547009 0.500000       1     0.195360
    931   h1 0.619883       1       1 0.700000       1 0.700000 0.769231 0.769231       1     0.179729
    932   h1 0.666667       1       1 0.700000       1 0.700000 0.769231 0.769231       1     0.193294
    933   h1 0.666667       1       1 0.700000       1 0.700000 0.769231 0.769231       1     0.193294
    934   h1 0.666667       1       1 0.700000       1 0.700000 0.769231 0.769231       1     0.193294
    935   h1 0.666667       1       1 0.500000       1 0.700000 0.455840 0.370879       1     0.039448