 ChipID Half   Layer0  Layer1  Layer2   Layer3  Layer4   Layer5  Layer6   Layer7  Layer8  Pseaudo_Eff
    332   h0 0.631579       1   0.950 0.666667       1 0.867769       1 0.742706       1     0.257799
    333   h0 0.666667       1   1.000 0.700000       1 0.909091       1 0.769231       1     0.326340
    334   h0 0.666667       1   1.000 0.700000       1 0.867769       1 0.769231       1     0.311507
    335   h0 0.947368       1   0.665 0.952381       1 0.867769       1 0.742706       1     0.386698
    336   h0 1.000000       1   0.700 1.000000       1 0.909091       1 0.769231       1     0.489510
    337   h0 1.000000       1   0.700 1.000000       1 0.909091       1 0.769231       1     0.489510
    338   h0 0.736842       1   0.665 0.666667       1 0.661157       1 0.891247       1     0.192490
    339   h0 0.777778       1   0.700 0.700000       1 0.727273       1 0.923077       1     0.255851
    340   h0 0.777778       1   0.700 0.700000       1 0.727273       1 0.923077       1     0.255851
    341   h0 0.947368       1   0.950 0.952381       1 0.665289       1 0.965517       1     0.550584
    342   h0 1.000000       1   1.000 1.000000       1 0.727273       1 1.000000       1     0.727273
    343   h0 1.000000       1   1.000 1.000000       1 0.723140       1 1.000000       1     0.723140
    356   h0 0.631579       1   0.665 0.857143       1 0.694215       1 0.742706       1     0.185615
    357   h0 0.666667       1   0.700 0.900000       1 0.727273       1 0.769231       1     0.234965
    358   h0 0.666667       1   0.700 0.900000       1 0.727273       1 0.769231       1     0.234965
    359   h0 0.666667       1   0.700 0.800000       1 0.727273       1 0.315650       1     0.085704
    360   h0 0.947368       1   0.950 0.666667       1 0.780992       1 0.816976       1     0.382831
    361   h0 1.000000       1   1.000 0.700000       1 0.818182       1 0.846154       1     0.484615
    362   h0 1.000000       1   1.000 0.700000       1 0.818182       1 0.846154       1     0.484615
    363   h0 1.000000       1   1.000 0.700000       1 0.818182       1 0.846154       1     0.484615
    364   h0 0.684211       1   0.675 0.652381       1 0.710744       1 0.859416       1     0.184040
    365   h0 1.000000       1   0.900 0.700000       1 0.727273       1 0.923077       1     0.422937
    366   h0 1.000000       1   0.900 0.700000       1 0.727273       1 0.923077       1     0.422937
    367   h0 1.000000       1   0.900 0.628571       1 0.727273       1 0.923077       1     0.379780
    368   h0 0.631579       1   0.700 1.000000       1 1.000000       1 0.769231       1     0.340081
    369   h0 0.666667       1   0.700 1.000000       1 1.000000       1 0.769231       1     0.358974
    370   h0 0.666667       1   0.700 1.000000       1 1.000000       1 0.769231       1     0.358974
    371   h0 0.666667       1   0.700 1.000000       1 1.000000       1 0.769231       1     0.358974
    372   h0 0.947368       1   1.000 0.700000       1 0.727273       1 0.769231       1     0.370997
    373   h0 1.000000       1   1.000 0.700000       1 0.727273       1 0.769231       1     0.391608
    374   h0 1.000000       1   1.000 0.700000       1 0.727273       1 0.769231       1     0.391608
    375   h0 1.000000       1   1.000 0.700000       1 0.727273       1 0.769231       1     0.391608
    376   h0 0.666667       1   0.700 0.700000       1 0.727273       1 0.769231       1     0.182751
    377   h0 0.666667       1   0.700 0.700000       1 0.727273       1 0.769231       1     0.182751
    378   h0 0.666667       1   0.700 0.700000       1 0.727273       1 0.769231       1     0.182751
    379   h0 0.666667       1   0.700 0.700000       1 0.727273       1 0.769231       1     0.182751
    380   h0 0.573099       1   0.610 0.904762       1 1.000000       1 0.702918       1     0.222330
    381   h0 0.777778       1   0.700 1.000000       1 1.000000       1 0.769231       1     0.418803
    382   h0 0.777778       1   0.700 1.000000       1 1.000000       1 0.769231       1     0.418803
    383   h0 0.777778       1   0.690 1.000000       1 1.000000       1 0.769231       1     0.412821
    384   h0 0.947368       1   0.760 0.952381       1 0.780992       1 0.742706       1     0.397746
    385   h0 1.000000       1   0.800 1.000000       1 0.818182       1 0.769231       1     0.503497
    386   h0 1.000000       1   0.800 1.000000       1 0.818182       1 0.769231       1     0.503497
    387   h0 1.000000       1   0.800 1.000000       1 0.818182       1 0.769231       1     0.503497
    388   h0 0.631579       1   0.950 0.666667       1 0.909091       1 0.816976       1     0.297082
    389   h0 0.666667       1   1.000 0.700000       1 1.000000       1 0.846154       1     0.394872
    390   h0 0.666667       1   1.000 0.700000       1 1.000000       1 0.846154       1     0.394872
    391   h0 0.666667       1   1.000 0.700000       1 1.000000       1 0.846154       1     0.394872
    428   h0 0.736842       1   0.665 0.952381       1 0.954545       1 0.891247       1     0.397010
    429   h0 0.777778       1   0.700 1.000000       1 1.000000       1 0.923077       1     0.502564
    430   h0 0.777778       1   0.700 1.000000       1 1.000000       1 0.923077       1     0.502564
    431   h0 0.777778       1   0.700 1.000000       1 1.000000       1 0.923077       1     0.502564
    432   h0 0.777778       1   0.595 0.666667       1 1.000000       1 0.381963       1     0.117843
    433   h0 0.631579       1   0.855 0.761905       1 0.694215       1 0.965517       1     0.275771
    434   h0 0.666667       1   0.900 0.800000       1 0.727273       1 1.000000       1     0.349091
    435   h0 0.666667       1   0.900 0.800000       1 0.727273       1 1.000000       1     0.349091
    436   h0 0.666667       1   0.900 0.800000       1 0.727273       1 1.000000       1     0.349091
    437   h0 0.666667       1   0.765 0.533333       1 0.727273       1 0.413793       1     0.081856
    438   h0 0.947368       1   0.950 0.666667       1 0.780992       1 0.456233       1     0.213789
    439   h0 1.000000       1   1.000 0.700000       1 0.818182       1 0.769231       1     0.440559
    440   h0 1.000000       1   1.000 0.700000       1 0.818182       1 0.769231       1     0.440559
    441   h0 1.000000       1   1.000 0.700000       1 0.818182       1 0.769231       1     0.440559
    442   h0 1.000000       1   0.850 0.466667       1 0.818182       1 0.588859       1     0.191112
    443   h0 0.631579       1   0.665 0.666667       1 0.694215       1 0.742706       1     0.144367
    444   h0 0.666667       1   0.700 0.700000       1 0.727273       1 0.769231       1     0.182751
    445   h0 0.666667       1   0.700 0.700000       1 0.727273       1 0.769231       1     0.182751
    446   h0 0.666667       1   0.700 0.700000       1 0.727273       1 0.769231       1     0.182751
    447   h0 0.666667       1   0.595 0.466667       1 0.727273       1 0.318302       1     0.042852
    800   h1 0.631579       1   1.000 0.666667       1 0.909091       1 0.769231       1     0.294442
    801   h1 0.666667       1   1.000 0.700000       1 0.859504       1 0.769231       1     0.308540
    802   h1 0.666667       1   1.000 0.700000       1 0.743802       1 0.769231       1     0.267006
    803   h1 0.947368       1   0.670 0.952381       1 1.000000       1 0.769231       1     0.465009
    804   h1 1.000000       1   0.700 1.000000       1 1.000000       1 0.769231       1     0.538462
    805   h1 1.000000       1   0.700 1.000000       1 1.000000       1 0.769231       1     0.538462
    806   h1 0.842105       1   0.700 0.700000       1 0.818182       1 1.000000       1     0.337608
    807   h1 0.888889       1   0.700 0.700000       1 0.768595       1 1.000000       1     0.334766
    808   h1 0.888889       1   0.700 0.700000       1 0.739669       1 1.000000       1     0.322167
    809   h1 0.842105       1   1.000 1.000000       1 0.727273       1 0.923077       1     0.565329
    810   h1 0.888889       1   1.000 1.000000       1 0.677686       1 0.923077       1     0.556050
    811   h1 0.888889       1   1.000 1.000000       1 0.636364       1 0.923077       1     0.522145
    824   h1 0.631579       1   0.665 0.800000       1 0.727273       1 0.769231       1     0.187972
    825   h1 0.666667       1   0.700 0.800000       1 0.727273       1 0.769231       1     0.208858
    826   h1 0.666667       1   0.700 0.800000       1 0.727273       1 0.769231       1     0.208858
    827   h1 0.666667       1   0.700 0.800000       1 0.727273       1 0.238727       1     0.064818
    828   h1 0.947368       1   0.950 0.700000       1 0.727273       1 0.846154       1     0.387692
    829   h1 1.000000       1   1.000 0.700000       1 0.727273       1 0.846154       1     0.430769
    830   h1 1.000000       1   1.000 0.700000       1 0.727273       1 0.846154       1     0.430769
    831   h1 1.000000       1   1.000 0.700000       1 0.727273       1 0.846154       1     0.430769
    832   h1 0.736842       1   0.720 0.661905       1 0.702479       1 0.816976       1     0.201533
    833   h1 1.000000       1   0.900 0.700000       1 0.727273       1 0.846154       1     0.387692
    834   h1 1.000000       1   0.900 0.700000       1 0.727273       1 0.846154       1     0.387692
    835   h1 1.000000       1   0.900 0.604762       1 0.727273       1 0.846154       1     0.334945
    836   h1 0.631579       1   0.700 1.000000       1 1.000000       1 0.769231       1     0.340081
    837   h1 0.666667       1   0.700 1.000000       1 1.000000       1 0.769231       1     0.358974
    838   h1 0.666667       1   0.700 1.000000       1 1.000000       1 0.769231       1     0.358974
    839   h1 0.666667       1   0.700 1.000000       1 1.000000       1 0.769231       1     0.358974
    840   h1 0.947368       1   1.000 0.700000       1 0.818182       1 0.769231       1     0.417372
    841   h1 1.000000       1   1.000 0.700000       1 0.818182       1 0.769231       1     0.440559
    842   h1 1.000000       1   1.000 0.700000       1 0.818182       1 0.769231       1     0.440559
    843   h1 1.000000       1   1.000 0.700000       1 0.818182       1 0.769231       1     0.440559
    844   h1 0.666667       1   0.700 0.700000       1 0.727273       1 0.769231       1     0.182751
    845   h1 0.666667       1   0.700 0.700000       1 0.727273       1 0.769231       1     0.182751
    846   h1 0.666667       1   0.700 0.700000       1 0.727273       1 0.769231       1     0.182751
    847   h1 0.666667       1   0.700 0.700000       1 0.727273       1 0.769231       1     0.182751
    848   h1 0.573099       1   0.640 0.952381       1 0.909091       1 0.702918       1     0.223220
    849   h1 0.777778       1   0.700 1.000000       1 0.909091       1 0.769231       1     0.380730
    850   h1 0.777778       1   0.700 1.000000       1 0.909091       1 0.769231       1     0.380730
    851   h1 0.777778       1   0.685 1.000000       1 0.909091       1 0.769231       1     0.372572
    852   h1 1.000000       1   0.800 1.000000       1 0.727273       1 0.769231       1     0.447552
    853   h1 1.000000       1   0.800 1.000000       1 0.727273       1 0.769231       1     0.447552
    854   h1 1.000000       1   0.800 1.000000       1 0.727273       1 0.769231       1     0.447552
    855   h1 1.000000       1   0.800 1.000000       1 0.727273       1 0.769231       1     0.447552
    856   h1 0.637427       1   1.000 0.700000       1 1.000000       1 0.923077       1     0.411876
    857   h1 0.666667       1   1.000 0.700000       1 1.000000       1 0.923077       1     0.430769
    858   h1 0.666667       1   1.000 0.700000       1 1.000000       1 0.923077       1     0.430769
    859   h1 0.666667       1   1.000 0.700000       1 1.000000       1 0.923077       1     0.430769
    896   h1 0.631579       1   0.685 1.000000       1 1.000000       1 1.000000       1     0.432632
    897   h1 0.666667       1   0.700 1.000000       1 1.000000       1 1.000000       1     0.466667
    898   h1 0.666667       1   0.700 1.000000       1 1.000000       1 1.000000       1     0.466667
    899   h1 0.666667       1   0.700 1.000000       1 1.000000       1 1.000000       1     0.466667
    900   h1 0.666667       1   0.560 0.619048       1 1.000000       1 0.448276       1     0.103602
    901   h1 0.631579       1   0.900 0.761905       1 0.727273       1 1.000000       1     0.314969
    902   h1 0.777778       1   0.900 0.800000       1 0.727273       1 1.000000       1     0.407273
    903   h1 0.777778       1   0.900 0.700000       1 0.727273       1 0.923077       1     0.328951
    904   h1 0.777778       1   0.900 0.700000       1 0.727273       1 0.923077       1     0.328951
    905   h1 0.777778       1   0.720 0.433333       1 0.727273       1 0.381963       1     0.067411
    906   h1 0.947368       1   1.000 0.700000       1 0.909091       1 0.435013       1     0.262257
    907   h1 1.000000       1   1.000 0.700000       1 0.909091       1 0.769231       1     0.489510
    908   h1 1.000000       1   1.000 0.700000       1 0.909091       1 0.769231       1     0.489510
    909   h1 1.000000       1   1.000 0.700000       1 0.909091       1 0.769231       1     0.489510
    910   h1 1.000000       1   0.800 0.433333       1 0.909091       1 0.641910       1     0.202299
    911   h1 0.643275       1   0.700 0.700000       1 0.727273       1 0.769231       1     0.176338
    912   h1 0.666667       1   0.700 0.700000       1 0.727273       1 0.769231       1     0.182751
    913   h1 0.666667       1   0.700 0.700000       1 0.727273       1 0.769231       1     0.182751
    914   h1 0.666667       1   0.700 0.700000       1 0.727273       1 0.769231       1     0.182751
    915   h1 0.666667       1   0.560 0.433333       1 0.727273       1 0.339523       1     0.039947