 ChipID Half  Layer0   Layer1  Layer2  Layer3   Layer4  Layer5   Layer6   Layer7   Layer8  Pseaudo_Eff
    344   h0       1 0.842105       1       1 0.954545       1 0.740741 0.846154 0.785714     0.395861
    345   h0       1 0.888889       1       1 1.000000       1 0.769231 0.846154 0.785714     0.454588
    346   h0       1 0.888889       1       1 1.000000       1 0.769231 0.846154 0.785714     0.454588
    347   h0       1 0.842105       1       1 0.668182       1 0.740741 0.769231 0.714286     0.229011
    348   h0       1 0.888889       1       1 0.700000       1 0.769231 0.769231 0.714286     0.262985
    349   h0       1 0.888889       1       1 0.700000       1 0.769231 0.769231 0.783410     0.288435
    350   h0       1 0.947368       1       1 0.954545       1 0.740741 0.769231 0.785714     0.404858
    351   h0       1 1.000000       1       1 1.000000       1 0.769231 0.769231 0.785714     0.464920
    352   h0       1 1.000000       1       1 1.000000       1 0.769231 0.769231 0.785714     0.464920
    353   h0       1 0.631579       1       1 0.668182       1 0.740741 0.923077 0.857143     0.247332
    354   h0       1 0.666667       1       1 0.700000       1 0.769231 0.923077 0.785714     0.260355
    355   h0       1 0.666667       1       1 0.668182       1 0.769231 0.923077 0.785714     0.248521
    392   h0       1 0.631579       1       1 0.668182       1 0.814815 0.769231 0.857143     0.226721
    393   h0       1 0.666667       1       1 0.700000       1 0.846154 0.769231 0.857143     0.260355
    394   h0       1 0.666667       1       1 0.700000       1 0.846154 0.769231 0.790323     0.240059
    395   h0       1 0.666667       1       1 0.700000       1 0.846154 0.675824 0.785714     0.209679
    396   h0       1 0.947368       1       1 0.954545       1 0.962963 0.769231 0.785714     0.526316
    397   h0       1 1.000000       1       1 1.000000       1 1.000000 0.769231 0.785714     0.604396
    398   h0       1 1.000000       1       1 1.000000       1 1.000000 0.769231 0.785714     0.604396
    399   h0       1 1.000000       1       1 1.000000       1 1.000000 0.769231 0.785714     0.604396
    400   h0       1 0.614035       1       1 0.954545       1 0.649573 0.769231 0.721198     0.211217
    401   h0       1 0.777778       1       1 1.000000       1 0.769231 0.769231 0.785714     0.361604
    402   h0       1 0.777778       1       1 1.000000       1 0.769231 0.769231 0.785714     0.361604
    403   h0       1 0.777778       1       1 1.000000       1 0.769231 0.769231 0.769585     0.354181
    404   h0       1 0.666667       1       1 0.700000       1 0.746439 0.923077 0.767281     0.246714
    405   h0       1 0.666667       1       1 0.700000       1 0.769231 0.923077 0.785714     0.260355
    406   h0       1 0.666667       1       1 0.700000       1 0.769231 0.923077 0.785714     0.260355
    407   h0       1 0.666667       1       1 0.700000       1 0.769231 0.923077 0.785714     0.260355
    408   h0       1 0.947368       1       1 0.700000       1 0.746439 1.000000 0.767281     0.379809
    409   h0       1 1.000000       1       1 0.700000       1 0.769231 1.000000 0.785714     0.423077
    410   h0       1 1.000000       1       1 0.700000       1 0.769231 1.000000 0.785714     0.423077
    411   h0       1 1.000000       1       1 0.700000       1 0.769231 1.000000 0.785714     0.423077
    412   h0       1 0.654971       1       1 1.000000       1 0.712251 0.923077 0.767281     0.330405
    413   h0       1 0.666667       1       1 1.000000       1 0.769231 0.923077 0.785714     0.371936
    414   h0       1 0.666667       1       1 1.000000       1 0.769231 0.923077 0.785714     0.371936
    415   h0       1 0.666667       1       1 1.000000       1 0.769231 0.923077 0.758065     0.358847
    416   h0       1 0.684211       1       1 0.677273       1 0.888889 0.769231 0.682028     0.216102
    417   h0       1 1.000000       1       1 0.700000       1 0.923077 0.769231 0.785714     0.390533
    418   h0       1 1.000000       1       1 0.700000       1 0.923077 0.769231 0.785714     0.390533
    419   h0       1 1.000000       1       1 0.700000       1 0.923077 0.769231 0.785714     0.390533
    420   h0       1 0.947368       1       1 0.668182       1 0.740741 0.769231 0.785714     0.283401
    421   h0       1 1.000000       1       1 0.700000       1 0.769231 0.769231 0.785714     0.325444
    422   h0       1 1.000000       1       1 0.700000       1 0.769231 0.769231 0.785714     0.325444
    423   h0       1 1.000000       1       1 0.700000       1 0.769231 0.769231 0.852535     0.353121
    424   h0       1 0.631579       1       1 0.668182       1 0.740741 0.769231 0.785714     0.188934
    425   h0       1 0.666667       1       1 0.700000       1 0.769231 0.769231 0.785714     0.216963
    426   h0       1 0.666667       1       1 0.700000       1 0.769231 0.769231 0.785714     0.216963
    427   h0       1 0.666667       1       1 0.700000       1 0.569801 0.675824 0.721198     0.129604
    448   h0       1 0.631579       1       1 0.668182       1 0.814815 0.769231 0.785714     0.207827
    449   h0       1 0.666667       1       1 0.700000       1 0.846154 0.769231 0.785714     0.238659
    450   h0       1 0.666667       1       1 0.700000       1 0.846154 0.769231 0.785714     0.238659
    451   h0       1 0.666667       1       1 0.700000       1 0.846154 0.769231 0.785714     0.238659
    452   h0       1 0.666667       1       1 0.700000       1 0.532764 0.384615 0.785714     0.075133
    453   h0       1 0.947368       1       1 0.668182       1 0.279202 0.642857 0.564516     0.064139
    454   h0       1 1.000000       1       1 0.700000       1 0.769231 0.769231 0.785714     0.325444
    455   h0       1 1.000000       1       1 0.700000       1 0.769231 0.769231 0.785714     0.325444
    456   h0       1 1.000000       1       1 0.700000       1 0.769231 0.769231 0.785714     0.325444
    457   h0       1 1.000000       1       1 0.700000       1 0.740741 0.461538 0.758065     0.181417
    458   h0       1 0.736842       1       1 0.668182       1 0.923077 0.670330 0.714286     0.217604
    459   h0       1 0.777778       1       1 0.700000       1 0.923077 0.769231 0.714286     0.276134
    460   h0       1 0.777778       1       1 0.700000       1 0.923077 0.769231 0.714286     0.276134
    461   h0       1 0.777778       1       1 0.700000       1 0.923077 0.769231 0.714286     0.276134
    462   h0       1 0.777778       1       1 0.700000       1 0.581197 0.461538 0.778802     0.113740
    463   h0       1 0.631579       1       1 0.954545       1 0.740741 0.769231 0.785714     0.269906
    464   h0       1 0.666667       1       1 1.000000       1 0.769231 0.769231 0.785714     0.309946
    465   h0       1 0.666667       1       1 1.000000       1 0.769231 0.769231 0.785714     0.309946
    466   h0       1 0.666667       1       1 1.000000       1 0.769231 0.769231 0.785714     0.309946
    467   h0       1 0.666667       1       1 1.000000       1 0.484330 0.384615 0.656682     0.081552
    812   h1       1 0.947368       1       1 0.954545       1 0.769231 0.846154 0.785714     0.462473
    813   h1       1 1.000000       1       1 1.000000       1 0.769231 0.846154 0.785714     0.511412
    814   h1       1 1.000000       1       1 1.000000       1 0.769231 0.846154 0.785714     0.511412
    815   h1       1 0.736842       1       1 0.668182       1 0.769231 0.769231 0.785714     0.228901
    816   h1       1 0.777778       1       1 0.700000       1 0.769231 0.769231 0.785714     0.253123
    817   h1       1 0.777778       1       1 0.700000       1 0.769231 0.769231 0.785714     0.253123
    818   h1       1 0.947368       1       1 0.954545       1 0.769231 0.769231 0.857143     0.458651
    819   h1       1 1.000000       1       1 1.000000       1 0.769231 0.769231 0.857143     0.507185
    820   h1       1 1.000000       1       1 1.000000       1 0.769231 0.769231 0.857143     0.507185
    821   h1       1 0.631579       1       1 0.668182       1 0.769231 0.923077 0.857143     0.256844
    822   h1       1 0.666667       1       1 0.700000       1 0.769231 0.923077 0.788018     0.261119
    823   h1       1 0.666667       1       1 0.700000       1 0.769231 0.923077 0.785714     0.260355
    860   h1       1 0.631579       1       1 0.763636       1 0.846154 0.769231 0.785714     0.246652
    861   h1       1 0.666667       1       1 0.800000       1 0.846154 0.769231 0.785714     0.272753
    862   h1       1 0.666667       1       1 0.800000       1 0.846154 0.769231 0.785714     0.272753
    863   h1       1 0.666667       1       1 0.800000       1 0.846154 0.620879 0.785714     0.220151
    864   h1       1 0.947368       1       1 0.954545       1 1.000000 0.769231 0.785714     0.546559
    865   h1       1 1.000000       1       1 1.000000       1 1.000000 0.769231 0.785714     0.604396
    866   h1       1 1.000000       1       1 1.000000       1 1.000000 0.769231 0.785714     0.604396
    867   h1       1 1.000000       1       1 1.000000       1 1.000000 0.769231 0.785714     0.604396
    868   h1       1 0.573099       1       1 0.954545       1 0.683761 0.846154 0.737327     0.233367
    869   h1       1 0.777778       1       1 1.000000       1 0.769231 0.846154 0.785714     0.397765
    870   h1       1 0.777778       1       1 1.000000       1 0.769231 0.769231 0.785714     0.361604
    871   h1       1 0.777778       1       1 1.000000       1 0.769231 0.846154 0.767281     0.388433
    872   h1       1 0.666667       1       1 0.700000       1 0.757835 0.923077 0.778802     0.254241
    873   h1       1 0.666667       1       1 0.700000       1 0.769231 0.923077 0.785714     0.260355
    874   h1       1 0.666667       1       1 0.700000       1 0.769231 0.923077 0.785714     0.260355
    875   h1       1 0.666667       1       1 0.700000       1 0.769231 0.923077 0.785714     0.260355
    876   h1       1 1.000000       1       1 0.700000       1 0.769231 1.000000 0.760369     0.409429
    877   h1       1 1.000000       1       1 0.700000       1 0.769231 1.000000 0.785714     0.423077
    878   h1       1 1.000000       1       1 0.700000       1 0.769231 1.000000 0.785714     0.423077
    879   h1       1 1.000000       1       1 0.700000       1 0.769231 1.000000 0.785714     0.423077
    880   h1       1 0.649123       1       1 1.000000       1 0.814815 0.846154 0.744240     0.333080
    881   h1       1 0.666667       1       1 1.000000       1 0.846154 0.846154 0.785714     0.375035
    882   h1       1 0.666667       1       1 1.000000       1 0.769231 0.846154 0.785714     0.340941
    883   h1       1 0.666667       1       1 1.000000       1 0.769231 0.846154 0.767281     0.332942
    884   h1       1 0.736842       1       1 0.663636       1 0.925926 0.747253 0.702765     0.237771
    885   h1       1 1.000000       1       1 0.700000       1 1.000000 0.769231 0.785714     0.423077
    886   h1       1 1.000000       1       1 0.700000       1 1.000000 0.769231 0.785714     0.423077
    887   h1       1 1.000000       1       1 0.700000       1 1.000000 0.769231 0.785714     0.423077
    888   h1       1 0.947368       1       1 0.668182       1 0.769231 0.769231 0.785714     0.294301
    889   h1       1 1.000000       1       1 0.700000       1 0.769231 0.769231 0.788018     0.326398
    890   h1       1 1.000000       1       1 0.700000       1 0.769231 0.769231 0.788018     0.326398
    891   h1       1 1.000000       1       1 0.700000       1 0.769231 0.769231 0.785714     0.325444
    892   h1       1 0.631579       1       1 0.668182       1 0.769231 0.769231 0.857143     0.214037
    893   h1       1 0.666667       1       1 0.700000       1 0.769231 0.769231 0.857143     0.236686
    894   h1       1 0.666667       1       1 0.700000       1 0.769231 0.769231 0.790323     0.218235
    895   h1       1 0.666667       1       1 0.700000       1 0.555556 0.670330 0.714286     0.124135
    916   h1       1 0.631579       1       1 0.668182       1 0.846154 0.769231 0.785714     0.215821
    917   h1       1 0.666667       1       1 0.700000       1 0.846154 0.769231 0.785714     0.238659
    918   h1       1 0.666667       1       1 0.700000       1 0.846154 0.769231 0.785714     0.238659
    919   h1       1 0.666667       1       1 0.700000       1 0.846154 0.769231 0.785714     0.238659
    920   h1       1 0.666667       1       1 0.700000       1 0.532764 0.376374 0.785714     0.073523
    921   h1       1 0.947368       1       1 0.763636       1 0.307692 0.706044 0.619816     0.097413
    922   h1       1 1.000000       1       1 0.800000       1 0.769231 0.769231 0.785714     0.371936
    923   h1       1 1.000000       1       1 0.800000       1 0.769231 0.769231 0.785714     0.371936
    924   h1       1 1.000000       1       1 0.800000       1 0.769231 0.769231 0.785714     0.371936
    925   h1       1 1.000000       1       1 0.800000       1 0.740741 0.398352 0.764977     0.180581
    926   h1       1 0.631579       1       1 0.668182       1 0.923077 0.620879 0.714286     0.172758
    927   h1       1 0.666667       1       1 0.700000       1 0.923077 0.769231 0.714286     0.236686
    928   h1       1 0.666667       1       1 0.700000       1 0.923077 0.769231 0.714286     0.236686
    929   h1       1 0.666667       1       1 0.700000       1 0.923077 0.769231 0.781106     0.258828
    930   h1       1 0.666667       1       1 0.700000       1 0.547009 0.500000 0.785714     0.100285
    931   h1       1 0.736842       1       1 0.954545       1 0.769231 0.769231 0.785714     0.327001
    932   h1       1 0.777778       1       1 1.000000       1 0.769231 0.769231 0.788018     0.362665
    933   h1       1 0.777778       1       1 1.000000       1 0.769231 0.769231 0.854839     0.393417
    934   h1       1 0.777778       1       1 1.000000       1 0.769231 0.769231 0.790323     0.363725
    935   h1       1 0.777778       1       1 1.000000       1 0.455840 0.370879 0.721198     0.094832