 ChipID Half  Layer0   Layer1  Layer2   Layer3  Layer4   Layer5   Layer6   Layer7  Layer8  Pseaudo_Eff
    344   h0       1 0.842105       1 0.761905       1 0.668182 0.740741 0.846154       1     0.268706
    345   h0       1 0.888889       1 0.800000       1 0.700000 0.769231 0.846154       1     0.323997
    346   h0       1 0.888889       1 0.800000       1 0.700000 0.769231 0.846154       1     0.323997
    347   h0       1 0.842105       1 0.666667       1 0.859091 0.740741 0.769231       1     0.274813
    348   h0       1 0.888889       1 0.700000       1 0.900000 0.769231 0.769231       1     0.331361
    349   h0       1 0.888889       1 0.700000       1 0.900000 0.769231 0.769231       1     0.331361
    350   h0       1 0.947368       1 0.666667       1 0.727273 0.740741 0.769231       1     0.261727
    351   h0       1 1.000000       1 0.700000       1 0.800000 0.769231 0.769231       1     0.331361
    352   h0       1 1.000000       1 0.700000       1 0.800000 0.769231 0.769231       1     0.331361
    353   h0       1 0.631579       1 0.952381       1 0.645455 0.740741 0.923077       1     0.265466
    354   h0       1 0.666667       1 1.000000       1 0.700000 0.769231 0.923077       1     0.331361
    355   h0       1 0.666667       1 1.000000       1 0.700000 0.769231 0.923077       1     0.331361
    392   h0       1 0.631579       1 0.952381       1 0.954545 0.814815 0.769231       1     0.359874
    393   h0       1 0.666667       1 1.000000       1 1.000000 0.846154 0.769231       1     0.433925
    394   h0       1 0.666667       1 1.000000       1 1.000000 0.846154 0.769231       1     0.433925
    395   h0       1 0.666667       1 1.000000       1 1.000000 0.846154 0.675824       1     0.381234
    396   h0       1 0.947368       1 0.666667       1 0.668182 0.962963 0.769231       1     0.312600
    397   h0       1 1.000000       1 0.700000       1 0.700000 1.000000 0.769231       1     0.376923
    398   h0       1 1.000000       1 0.700000       1 0.700000 1.000000 0.769231       1     0.376923
    399   h0       1 1.000000       1 0.700000       1 0.700000 1.000000 0.769231       1     0.376923
    400   h0       1 0.614035       1 0.614286       1 0.654545 0.649573 0.769231       1     0.123364
    401   h0       1 0.777778       1 0.700000       1 0.700000 0.769231 0.769231       1     0.225510
    402   h0       1 0.777778       1 0.700000       1 0.700000 0.769231 0.769231       1     0.225510
    403   h0       1 0.777778       1 0.676190       1 0.700000 0.769231 0.769231       1     0.217839
    404   h0       1 0.666667       1 0.700000       1 0.700000 0.746439 0.923077       1     0.225080
    405   h0       1 0.666667       1 0.700000       1 0.700000 0.769231 0.923077       1     0.231953
    406   h0       1 0.666667       1 0.700000       1 0.700000 0.769231 0.923077       1     0.231953
    407   h0       1 0.666667       1 0.700000       1 0.700000 0.769231 0.923077       1     0.231953
    408   h0       1 0.947368       1 1.000000       1 1.000000 0.746439 1.000000       1     0.707152
    409   h0       1 1.000000       1 1.000000       1 1.000000 0.769231 1.000000       1     0.769231
    410   h0       1 1.000000       1 1.000000       1 1.000000 0.769231 1.000000       1     0.769231
    411   h0       1 1.000000       1 1.000000       1 1.000000 0.769231 1.000000       1     0.769231
    412   h0       1 0.654971       1 0.700000       1 0.700000 0.712251 0.923077       1     0.211003
    413   h0       1 0.666667       1 0.700000       1 0.700000 0.769231 0.923077       1     0.231953
    414   h0       1 0.666667       1 0.700000       1 0.700000 0.769231 0.923077       1     0.231953
    415   h0       1 0.666667       1 0.700000       1 0.700000 0.769231 0.923077       1     0.231953
    416   h0       1 0.684211       1 0.647619       1 0.618182 0.888889 0.769231       1     0.187297
    417   h0       1 1.000000       1 0.800000       1 0.700000 0.923077 0.769231       1     0.397633
    418   h0       1 1.000000       1 0.800000       1 0.700000 0.923077 0.769231       1     0.397633
    419   h0       1 1.000000       1 0.800000       1 0.700000 0.923077 0.769231       1     0.397633
    420   h0       1 0.947368       1 0.857143       1 0.659091 0.740741 0.769231       1     0.304958
    421   h0       1 1.000000       1 0.900000       1 0.700000 0.769231 0.769231       1     0.372781
    422   h0       1 1.000000       1 0.900000       1 0.700000 0.769231 0.769231       1     0.372781
    423   h0       1 1.000000       1 0.900000       1 0.700000 0.769231 0.769231       1     0.372781
    424   h0       1 0.631579       1 0.857143       1 0.909091 0.740741 0.769231       1     0.280421
    425   h0       1 0.666667       1 0.900000       1 1.000000 0.769231 0.769231       1     0.355030
    426   h0       1 0.666667       1 0.900000       1 1.000000 0.769231 0.769231       1     0.355030
    427   h0       1 0.666667       1 0.900000       1 1.000000 0.569801 0.675824       1     0.231051
    448   h0       1 0.631579       1 0.666667       1 0.763636 0.814815 0.769231       1     0.201529
    449   h0       1 0.666667       1 0.700000       1 0.800000 0.846154 0.769231       1     0.242998
    450   h0       1 0.666667       1 0.700000       1 0.800000 0.846154 0.769231       1     0.242998
    451   h0       1 0.666667       1 0.700000       1 0.800000 0.846154 0.769231       1     0.242998
    452   h0       1 0.666667       1 0.500000       1 0.800000 0.532764 0.384615       1     0.054642
    453   h0       1 0.947368       1 0.952381       1 0.954545 0.279202 0.642857       1     0.154582
    454   h0       1 1.000000       1 1.000000       1 1.000000 0.769231 0.769231       1     0.591716
    455   h0       1 1.000000       1 1.000000       1 1.000000 0.769231 0.769231       1     0.591716
    456   h0       1 1.000000       1 1.000000       1 1.000000 0.769231 0.769231       1     0.591716
    457   h0       1 1.000000       1 0.714286       1 1.000000 0.740741 0.461538       1     0.244200
    458   h0       1 0.736842       1 0.952381       1 0.954545 0.923077 0.670330       1     0.414484
    459   h0       1 0.777778       1 1.000000       1 1.000000 0.923077 0.769231       1     0.552268
    460   h0       1 0.777778       1 1.000000       1 1.000000 0.923077 0.769231       1     0.552268
    461   h0       1 0.777778       1 1.000000       1 1.000000 0.923077 0.769231       1     0.552268
    462   h0       1 0.777778       1 0.714286       1 1.000000 0.581197 0.461538       1     0.149025
    463   h0       1 0.631579       1 0.666667       1 0.668182 0.740741 0.769231       1     0.160308
    464   h0       1 0.666667       1 0.700000       1 0.700000 0.769231 0.769231       1     0.193294
    465   h0       1 0.666667       1 0.700000       1 0.700000 0.769231 0.769231       1     0.193294
    466   h0       1 0.666667       1 0.700000       1 0.700000 0.769231 0.769231       1     0.193294
    467   h0       1 0.666667       1 0.500000       1 0.700000 0.484330 0.384615       1     0.043466
    812   h1       1 0.947368       1 0.723810       1 0.800000 0.769231 0.846154       1     0.357058
    813   h1       1 1.000000       1 0.800000       1 0.750000 0.769231 0.846154       1     0.390533
    814   h1       1 1.000000       1 0.800000       1 0.686364 0.769231 0.846154       1     0.357396
    815   h1       1 0.736842       1 0.642857       1 0.900000 0.769231 0.769231       1     0.252258
    816   h1       1 0.777778       1 0.700000       1 0.900000 0.769231 0.769231       1     0.289941
    817   h1       1 0.777778       1 0.700000       1 0.900000 0.769231 0.769231       1     0.289941
    818   h1       1 0.947368       1 0.666667       1 0.800000 0.769231 0.769231       1     0.298972
    819   h1       1 1.000000       1 0.700000       1 0.800000 0.769231 0.769231       1     0.331361
    820   h1       1 1.000000       1 0.700000       1 0.800000 0.769231 0.769231       1     0.331361
    821   h1       1 0.631579       1 0.952381       1 0.700000 0.769231 0.923077       1     0.298972
    822   h1       1 0.666667       1 1.000000       1 0.650000 0.769231 0.923077       1     0.307692
    823   h1       1 0.666667       1 1.000000       1 0.595455 0.769231 0.923077       1     0.281872
    860   h1       1 0.631579       1 0.952381       1 1.000000 0.846154 0.769231       1     0.391511
    861   h1       1 0.666667       1 1.000000       1 1.000000 0.846154 0.769231       1     0.433925
    862   h1       1 0.666667       1 1.000000       1 1.000000 0.846154 0.769231       1     0.433925
    863   h1       1 0.666667       1 1.000000       1 1.000000 0.846154 0.620879       1     0.350240
    864   h1       1 0.947368       1 0.666667       1 0.700000 1.000000 0.769231       1     0.340081
    865   h1       1 1.000000       1 0.700000       1 0.700000 1.000000 0.769231       1     0.376923
    866   h1       1 1.000000       1 0.700000       1 0.700000 1.000000 0.769231       1     0.376923
    867   h1       1 1.000000       1 0.700000       1 0.700000 1.000000 0.769231       1     0.376923
    868   h1       1 0.573099       1 0.642857       1 0.677273 0.683761 0.846154       1     0.144365
    869   h1       1 0.777778       1 0.700000       1 0.700000 0.769231 0.846154       1     0.248060
    870   h1       1 0.777778       1 0.700000       1 0.700000 0.769231 0.769231       1     0.225510
    871   h1       1 0.777778       1 0.676190       1 0.700000 0.769231 0.846154       1     0.239623
    872   h1       1 0.666667       1 0.700000       1 0.700000 0.757835 0.923077       1     0.228516
    873   h1       1 0.666667       1 0.700000       1 0.700000 0.769231 0.923077       1     0.231953
    874   h1       1 0.666667       1 0.700000       1 0.700000 0.769231 0.923077       1     0.231953
    875   h1       1 0.666667       1 0.700000       1 0.700000 0.769231 0.923077       1     0.231953
    876   h1       1 1.000000       1 1.000000       1 1.000000 0.769231 1.000000       1     0.769231
    877   h1       1 1.000000       1 1.000000       1 1.000000 0.769231 1.000000       1     0.769231
    878   h1       1 1.000000       1 1.000000       1 1.000000 0.769231 1.000000       1     0.769231
    879   h1       1 1.000000       1 1.000000       1 1.000000 0.769231 1.000000       1     0.769231
    880   h1       1 0.649123       1 0.700000       1 0.700000 0.814815 0.846154       1     0.219296
    881   h1       1 0.666667       1 0.700000       1 0.700000 0.846154 0.846154       1     0.233886
    882   h1       1 0.666667       1 0.700000       1 0.700000 0.769231 0.846154       1     0.212623
    883   h1       1 0.666667       1 0.700000       1 0.700000 0.769231 0.846154       1     0.212623
    884   h1       1 0.736842       1 0.647619       1 0.618182 0.925926 0.747253       1     0.204105
    885   h1       1 1.000000       1 0.800000       1 0.700000 1.000000 0.769231       1     0.430769
    886   h1       1 1.000000       1 0.800000       1 0.700000 1.000000 0.769231       1     0.430769
    887   h1       1 1.000000       1 0.800000       1 0.700000 1.000000 0.769231       1     0.430769
    888   h1       1 0.947368       1 0.952381       1 0.600000 0.769231 0.769231       1     0.320327
    889   h1       1 1.000000       1 1.000000       1 0.650000 0.769231 0.769231       1     0.384615
    890   h1       1 1.000000       1 1.000000       1 0.695455 0.769231 0.769231       1     0.411512
    891   h1       1 1.000000       1 1.000000       1 0.600000 0.769231 0.769231       1     0.355030
    892   h1       1 0.631579       1 0.761905       1 1.000000 0.769231 0.769231       1     0.284736
    893   h1       1 0.666667       1 0.800000       1 1.000000 0.769231 0.769231       1     0.315582
    894   h1       1 0.666667       1 0.800000       1 1.000000 0.769231 0.769231       1     0.315582
    895   h1       1 0.666667       1 0.900000       1 1.000000 0.555556 0.670330       1     0.223443
    916   h1       1 0.631579       1 0.661905       1 0.800000 0.846154 0.769231       1     0.217680
    917   h1       1 0.666667       1 0.700000       1 0.800000 0.846154 0.769231       1     0.242998
    918   h1       1 0.666667       1 0.700000       1 0.800000 0.846154 0.769231       1     0.242998
    919   h1       1 0.666667       1 0.700000       1 0.800000 0.846154 0.769231       1     0.242998
    920   h1       1 0.666667       1 0.500000       1 0.800000 0.532764 0.376374       1     0.053472
    921   h1       1 0.947368       1 0.904762       1 1.000000 0.307692 0.706044       1     0.186209
    922   h1       1 1.000000       1 1.000000       1 1.000000 0.769231 0.769231       1     0.591716
    923   h1       1 1.000000       1 1.000000       1 1.000000 0.769231 0.769231       1     0.591716
    924   h1       1 1.000000       1 1.000000       1 1.000000 0.769231 0.769231       1     0.591716
    925   h1       1 1.000000       1 0.714286       1 1.000000 0.740741 0.398352       1     0.210768
    926   h1       1 0.631579       1 0.900000       1 1.000000 0.923077 0.620879       1     0.325773
    927   h1       1 0.666667       1 0.900000       1 1.000000 0.923077 0.769231       1     0.426036
    928   h1       1 0.666667       1 1.000000       1 1.000000 0.923077 0.769231       1     0.473373
    929   h1       1 0.666667       1 1.000000       1 1.000000 0.923077 0.769231       1     0.473373
    930   h1       1 0.666667       1 0.714286       1 1.000000 0.547009 0.500000       1     0.130240
    931   h1       1 0.736842       1 0.700000       1 0.700000 0.769231 0.769231       1     0.213641
    932   h1       1 0.777778       1 0.700000       1 0.700000 0.769231 0.769231       1     0.225510
    933   h1       1 0.777778       1 0.700000       1 0.700000 0.769231 0.769231       1     0.225510
    934   h1       1 0.777778       1 0.700000       1 0.700000 0.769231 0.769231       1     0.225510
    935   h1       1 0.777778       1 0.500000       1 0.700000 0.455840 0.370879       1     0.046022