 ChipID Half  Layer0   Layer1  Layer2  Layer3   Layer4   Layer5  Layer6   Layer7  Layer8  Pseaudo_Eff
    344   h0       1 0.842105   0.665       1 0.954545 0.668182       1 0.846154       1     0.302224
    345   h0       1 0.888889   0.700       1 1.000000 0.700000       1 0.846154       1     0.368547
    346   h0       1 0.888889   0.700       1 1.000000 0.700000       1 0.846154       1     0.368547
    347   h0       1 0.842105   0.950       1 0.668182 0.859091       1 0.769231       1     0.353249
    348   h0       1 0.888889   1.000       1 0.700000 0.900000       1 0.769231       1     0.430769
    349   h0       1 0.888889   1.000       1 0.700000 0.900000       1 0.769231       1     0.430769
    350   h0       1 0.947368   0.665       1 0.954545 0.727273       1 0.769231       1     0.336427
    351   h0       1 1.000000   0.700       1 1.000000 0.800000       1 0.769231       1     0.430769
    352   h0       1 1.000000   0.700       1 1.000000 0.800000       1 0.769231       1     0.430769
    353   h0       1 0.631579   0.760       1 0.668182 0.645455       1 0.923077       1     0.191091
    354   h0       1 0.666667   0.800       1 0.700000 0.700000       1 0.923077       1     0.241231
    355   h0       1 0.666667   0.800       1 0.668182 0.700000       1 0.923077       1     0.230266
    392   h0       1 0.631579   0.665       1 0.668182 0.954545       1 0.769231       1     0.206062
    393   h0       1 0.666667   0.700       1 0.700000 1.000000       1 0.769231       1     0.251282
    394   h0       1 0.666667   0.700       1 0.700000 1.000000       1 0.769231       1     0.251282
    395   h0       1 0.666667   0.700       1 0.700000 1.000000       1 0.675824       1     0.220769
    396   h0       1 0.947368   0.855       1 0.954545 0.668182       1 0.769231       1     0.397405
    397   h0       1 1.000000   0.900       1 1.000000 0.700000       1 0.769231       1     0.484615
    398   h0       1 1.000000   0.900       1 1.000000 0.700000       1 0.769231       1     0.484615
    399   h0       1 1.000000   0.900       1 1.000000 0.700000       1 0.769231       1     0.484615
    400   h0       1 0.614035   0.850       1 0.954545 0.654545       1 0.769231       1     0.250845
    401   h0       1 0.777778   1.000       1 1.000000 0.700000       1 0.769231       1     0.418803
    402   h0       1 0.777778   1.000       1 1.000000 0.700000       1 0.769231       1     0.418803
    403   h0       1 0.777778   1.000       1 1.000000 0.700000       1 0.769231       1     0.418803
    404   h0       1 0.666667   0.700       1 0.700000 0.700000       1 0.923077       1     0.211077
    405   h0       1 0.666667   0.700       1 0.700000 0.700000       1 0.923077       1     0.211077
    406   h0       1 0.666667   0.700       1 0.700000 0.700000       1 0.923077       1     0.211077
    407   h0       1 0.666667   0.700       1 0.700000 0.700000       1 0.923077       1     0.211077
    408   h0       1 0.947368   0.700       1 0.700000 1.000000       1 1.000000       1     0.464211
    409   h0       1 1.000000   0.700       1 0.700000 1.000000       1 1.000000       1     0.490000
    410   h0       1 1.000000   0.700       1 0.700000 1.000000       1 1.000000       1     0.490000
    411   h0       1 1.000000   0.700       1 0.700000 1.000000       1 1.000000       1     0.490000
    412   h0       1 0.654971   1.000       1 1.000000 0.700000       1 0.923077       1     0.423212
    413   h0       1 0.666667   1.000       1 1.000000 0.700000       1 0.923077       1     0.430769
    414   h0       1 0.666667   1.000       1 1.000000 0.700000       1 0.923077       1     0.430769
    415   h0       1 0.666667   1.000       1 1.000000 0.700000       1 0.923077       1     0.430769
    416   h0       1 0.684211   0.610       1 0.677273 0.618182       1 0.769231       1     0.134418
    417   h0       1 1.000000   0.700       1 0.700000 0.700000       1 0.769231       1     0.263846
    418   h0       1 1.000000   0.700       1 0.700000 0.700000       1 0.769231       1     0.263846
    419   h0       1 1.000000   0.700       1 0.700000 0.700000       1 0.769231       1     0.263846
    420   h0       1 0.947368   0.665       1 0.668182 0.659091       1 0.769231       1     0.213421
    421   h0       1 1.000000   0.700       1 0.700000 0.700000       1 0.769231       1     0.263846
    422   h0       1 1.000000   0.700       1 0.700000 0.700000       1 0.769231       1     0.263846
    423   h0       1 1.000000   0.700       1 0.700000 0.700000       1 0.769231       1     0.263846
    424   h0       1 0.631579   0.950       1 0.668182 0.909091       1 0.769231       1     0.280356
    425   h0       1 0.666667   1.000       1 0.700000 1.000000       1 0.769231       1     0.358974
    426   h0       1 0.666667   1.000       1 0.700000 1.000000       1 0.769231       1     0.358974
    427   h0       1 0.666667   1.000       1 0.700000 1.000000       1 0.675824       1     0.315385
    448   h0       1 0.631579   0.855       1 0.668182 0.763636       1 0.769231       1     0.211949
    449   h0       1 0.666667   0.900       1 0.700000 0.800000       1 0.769231       1     0.258462
    450   h0       1 0.666667   0.900       1 0.700000 0.800000       1 0.769231       1     0.258462
    451   h0       1 0.666667   0.900       1 0.700000 0.800000       1 0.769231       1     0.258462
    452   h0       1 0.666667   0.810       1 0.700000 0.800000       1 0.384615       1     0.116308
    453   h0       1 0.947368   0.475       1 0.668182 0.954545       1 0.642857       1     0.184509
    454   h0       1 1.000000   0.690       1 0.700000 1.000000       1 0.769231       1     0.371538
    455   h0       1 1.000000   0.700       1 0.700000 1.000000       1 0.769231       1     0.376923
    456   h0       1 1.000000   0.700       1 0.700000 1.000000       1 0.769231       1     0.376923
    457   h0       1 1.000000   0.650       1 0.700000 1.000000       1 0.461538       1     0.210000
    458   h0       1 0.736842   0.950       1 0.668182 0.954545       1 0.670330       1     0.299280
    459   h0       1 0.777778   1.000       1 0.700000 1.000000       1 0.769231       1     0.418803
    460   h0       1 0.777778   1.000       1 0.700000 1.000000       1 0.769231       1     0.418803
    461   h0       1 0.777778   1.000       1 0.700000 1.000000       1 0.769231       1     0.418803
    462   h0       1 0.777778   0.900       1 0.700000 1.000000       1 0.461538       1     0.226154
    463   h0       1 0.631579   0.760       1 0.954545 0.668182       1 0.769231       1     0.235499
    464   h0       1 0.666667   0.800       1 1.000000 0.700000       1 0.769231       1     0.287179
    465   h0       1 0.666667   0.800       1 1.000000 0.700000       1 0.769231       1     0.287179
    466   h0       1 0.666667   0.800       1 1.000000 0.700000       1 0.769231       1     0.287179
    467   h0       1 0.666667   0.720       1 1.000000 0.700000       1 0.384615       1     0.129231
    812   h1       1 0.947368   0.695       1 0.954545 0.800000       1 0.846154       1     0.425441
    813   h1       1 1.000000   0.700       1 1.000000 0.750000       1 0.846154       1     0.444231
    814   h1       1 1.000000   0.700       1 1.000000 0.686364       1 0.846154       1     0.406538
    815   h1       1 0.736842   0.950       1 0.668182 0.900000       1 0.769231       1     0.323811
    816   h1       1 0.777778   1.000       1 0.700000 0.900000       1 0.769231       1     0.376923
    817   h1       1 0.777778   1.000       1 0.700000 0.900000       1 0.769231       1     0.376923
    818   h1       1 0.947368   0.700       1 0.954545 0.800000       1 0.769231       1     0.389547
    819   h1       1 1.000000   0.700       1 1.000000 0.800000       1 0.769231       1     0.430769
    820   h1       1 1.000000   0.700       1 1.000000 0.800000       1 0.769231       1     0.430769
    821   h1       1 0.631579   0.800       1 0.668182 0.700000       1 0.923077       1     0.218146
    822   h1       1 0.666667   0.800       1 0.700000 0.650000       1 0.923077       1     0.224000
    823   h1       1 0.666667   0.800       1 0.700000 0.595455       1 0.923077       1     0.205203
    860   h1       1 0.631579   0.665       1 0.763636 1.000000       1 0.769231       1     0.246713
    861   h1       1 0.666667   0.700       1 0.800000 1.000000       1 0.769231       1     0.287179
    862   h1       1 0.666667   0.700       1 0.800000 1.000000       1 0.769231       1     0.287179
    863   h1       1 0.666667   0.700       1 0.800000 1.000000       1 0.620879       1     0.231795
    864   h1       1 0.947368   0.855       1 0.954545 0.700000       1 0.769231       1     0.416329
    865   h1       1 1.000000   0.900       1 1.000000 0.700000       1 0.769231       1     0.484615
    866   h1       1 1.000000   0.900       1 1.000000 0.700000       1 0.769231       1     0.484615
    867   h1       1 1.000000   0.900       1 1.000000 0.700000       1 0.769231       1     0.484615
    868   h1       1 0.573099   0.900       1 0.954545 0.677273       1 0.846154       1     0.282151
    869   h1       1 0.777778   1.000       1 1.000000 0.700000       1 0.846154       1     0.460684
    870   h1       1 0.777778   1.000       1 1.000000 0.700000       1 0.769231       1     0.418803
    871   h1       1 0.777778   1.000       1 1.000000 0.700000       1 0.846154       1     0.460684
    872   h1       1 0.666667   0.700       1 0.700000 0.700000       1 0.923077       1     0.211077
    873   h1       1 0.666667   0.700       1 0.700000 0.700000       1 0.923077       1     0.211077
    874   h1       1 0.666667   0.700       1 0.700000 0.700000       1 0.923077       1     0.211077
    875   h1       1 0.666667   0.700       1 0.700000 0.700000       1 0.923077       1     0.211077
    876   h1       1 1.000000   0.700       1 0.700000 1.000000       1 1.000000       1     0.490000
    877   h1       1 1.000000   0.700       1 0.700000 1.000000       1 1.000000       1     0.490000
    878   h1       1 1.000000   0.700       1 0.700000 1.000000       1 1.000000       1     0.490000
    879   h1       1 1.000000   0.700       1 0.700000 1.000000       1 1.000000       1     0.490000
    880   h1       1 0.649123   1.000       1 1.000000 0.700000       1 0.846154       1     0.384480
    881   h1       1 0.666667   1.000       1 1.000000 0.700000       1 0.846154       1     0.394872
    882   h1       1 0.666667   1.000       1 1.000000 0.700000       1 0.846154       1     0.394872
    883   h1       1 0.666667   1.000       1 1.000000 0.700000       1 0.846154       1     0.394872
    884   h1       1 0.736842   0.625       1 0.663636 0.618182       1 0.747253       1     0.141178
    885   h1       1 1.000000   0.700       1 0.700000 0.700000       1 0.769231       1     0.263846
    886   h1       1 1.000000   0.700       1 0.700000 0.700000       1 0.769231       1     0.263846
    887   h1       1 1.000000   0.700       1 0.700000 0.700000       1 0.769231       1     0.263846
    888   h1       1 0.947368   0.700       1 0.668182 0.600000       1 0.769231       1     0.204512
    889   h1       1 1.000000   0.700       1 0.700000 0.650000       1 0.769231       1     0.245000
    890   h1       1 1.000000   0.700       1 0.700000 0.695455       1 0.769231       1     0.262133
    891   h1       1 1.000000   0.700       1 0.700000 0.600000       1 0.769231       1     0.226154
    892   h1       1 0.631579   1.000       1 0.668182 1.000000       1 0.769231       1     0.324623
    893   h1       1 0.666667   1.000       1 0.700000 1.000000       1 0.769231       1     0.358974
    894   h1       1 0.666667   1.000       1 0.700000 1.000000       1 0.769231       1     0.358974
    895   h1       1 0.666667   1.000       1 0.700000 1.000000       1 0.670330       1     0.312821
    916   h1       1 0.631579   0.900       1 0.668182 0.800000       1 0.769231       1     0.233728
    917   h1       1 0.666667   0.900       1 0.700000 0.800000       1 0.769231       1     0.258462
    918   h1       1 0.666667   0.900       1 0.700000 0.800000       1 0.769231       1     0.258462
    919   h1       1 0.666667   0.900       1 0.700000 0.800000       1 0.769231       1     0.258462
    920   h1       1 0.666667   0.810       1 0.700000 0.800000       1 0.376374       1     0.113815
    921   h1       1 0.947368   0.510       1 0.763636 1.000000       1 0.706044       1     0.260500
    922   h1       1 1.000000   0.690       1 0.800000 1.000000       1 0.769231       1     0.424615
    923   h1       1 1.000000   0.700       1 0.800000 1.000000       1 0.769231       1     0.430769
    924   h1       1 1.000000   0.700       1 0.800000 1.000000       1 0.769231       1     0.430769
    925   h1       1 1.000000   0.650       1 0.800000 1.000000       1 0.398352       1     0.207143
    926   h1       1 0.631579   1.000       1 0.668182 1.000000       1 0.620879       1     0.262017
    927   h1       1 0.666667   1.000       1 0.700000 1.000000       1 0.769231       1     0.358974
    928   h1       1 0.666667   1.000       1 0.700000 1.000000       1 0.769231       1     0.358974
    929   h1       1 0.666667   1.000       1 0.700000 1.000000       1 0.769231       1     0.358974
    930   h1       1 0.666667   0.900       1 0.700000 1.000000       1 0.500000       1     0.210000
    931   h1       1 0.736842   0.800       1 0.954545 0.700000       1 0.769231       1     0.302981
    932   h1       1 0.777778   0.800       1 1.000000 0.700000       1 0.769231       1     0.335043
    933   h1       1 0.777778   0.800       1 1.000000 0.700000       1 0.769231       1     0.335043
    934   h1       1 0.777778   0.800       1 1.000000 0.700000       1 0.769231       1     0.335043
    935   h1       1 0.777778   0.720       1 1.000000 0.700000       1 0.370879       1     0.145385