 ChipID Half  Layer0   Layer1   Layer2   Layer3   Layer4   Layer5  Layer6  Layer7  Layer8  Pseaudo_Eff
    214   h0       1 0.954545 0.956522 0.696970 0.698182 0.720000       1       1       1     0.319894
    215   h0       1 1.000000 1.000000 0.727273 0.727273 0.750000       1       1       1     0.396694
    216   h0       1 0.954545 0.869565 0.545455 0.727273 0.480000       1       1       1     0.158051
    217   h0       1 0.668182 0.782609 0.696970 0.698182 0.960000       1       1       1     0.244283
    218   h0       1 0.700000 0.818182 0.727273 0.727273 1.000000       1       1       1     0.302930
    219   h0       1 0.695455 0.818182 0.568182 0.727273 1.000000       1       1       1     0.235127
    220   h0       1 0.859091 0.695652 0.871212 0.698182 0.690000       1       1       1     0.250826
    221   h0       1 0.900000 0.727273 0.909091 0.727273 0.750000       1       1       1     0.324568
    222   h0       1 0.900000 0.715415 0.909091 0.727273 0.750000       1       1       1     0.319276
    223   h0       1 0.668182 0.956522 0.958333 0.698182 0.766667       1       1       1     0.327855
    224   h0       1 0.700000 1.000000 1.000000 0.727273 0.833333       1       1       1     0.424242
    225   h0       1 0.686364 0.869565 0.750000 0.629091 0.833333       1       1       1     0.234666
    226   h0       1 0.859091 0.608696 0.174242 0.785455 0.960000       1       1       1     0.068705
    227   h0       1 0.900000 0.636364 0.181818 0.818182 1.000000       1       1       1     0.085199
    228   h0       1 0.859091 0.553360 0.136364 0.523636 0.640000       1       1       1     0.021725
    244   h0       1 0.668182 0.695652 0.958333 0.698182 0.720000       1       1       1     0.223926
    245   h0       1 0.700000 0.727273 1.000000 0.727273 0.750000       1       1       1     0.277686
    246   h0       1 0.700000 0.727273 1.000000 0.727273 0.750000       1       1       1     0.277686
    247   h0       1 0.700000 0.727273 1.000000 0.669091 0.660000       1       1       1     0.224815
    248   h0       1 0.954545 0.782609 0.784091 0.960000 0.720000       1       1       1     0.404866
    249   h0       1 1.000000 0.818182 0.818182 1.000000 0.750000       1       1       1     0.502066
    250   h0       1 1.000000 0.818182 0.818182 1.000000 0.750000       1       1       1     0.502066
    251   h0       1 1.000000 0.727273 0.818182 1.000000 0.720000       1       1       1     0.428430
    252   h0       1 0.668182 0.956522 0.696970 0.785455 0.720000       1       1       1     0.251917
    253   h0       1 0.700000 1.000000 0.727273 0.818182 0.750000       1       1       1     0.312397
    254   h0       1 0.700000 1.000000 0.727273 0.818182 0.750000       1       1       1     0.312397
    255   h0       1 0.700000 1.000000 0.727273 0.818182 0.750000       1       1       1     0.312397
    256   h0       1 0.618182 0.533597 0.727273 0.618182 0.916667       1       1       1     0.135942
    257   h0       1 0.700000 0.727273 0.727273 0.727273 0.916667       1       1       1     0.246832
    258   h0       1 0.700000 0.727273 0.727273 0.727273 0.916667       1       1       1     0.246832
    259   h0       1 0.618182 0.699605 0.393939 0.727273 0.916667       1       1       1     0.113581
    260   h0       1 1.000000 0.719368 1.000000 0.727273 1.000000       1       1       1     0.523176
    261   h0       1 1.000000 0.727273 1.000000 0.727273 1.000000       1       1       1     0.528926
    262   h0       1 1.000000 0.727273 1.000000 0.727273 1.000000       1       1       1     0.528926
    263   h0       1 1.000000 0.727273 1.000000 0.534545 0.720000       1       1       1     0.279907
    264   h0       1 0.800000 1.000000 0.727273 1.000000 0.750000       1       1       1     0.436364
    265   h0       1 0.800000 1.000000 0.727273 1.000000 0.750000       1       1       1     0.436364
    266   h0       1 0.800000 1.000000 0.727273 1.000000 0.750000       1       1       1     0.436364
    267   h0       1 0.800000 1.000000 0.727273 0.800000 0.536667       1       1       1     0.249794
    268   h0       1 0.677273 0.818182 0.727273 0.909091 0.750000       1       1       1     0.274776
    269   h0       1 0.700000 0.818182 0.727273 0.909091 0.750000       1       1       1     0.283997
    270   h0       1 0.700000 0.818182 0.727273 0.909091 0.750000       1       1       1     0.283997
    271   h0       1 0.700000 0.818182 0.693182 0.690909 0.530000       1       1       1     0.145376
    272   h0       1 0.772727 0.648221 0.715909 0.705455 0.696667       1       1       1     0.176239
    273   h0       1 1.000000 0.727273 0.818182 0.727273 0.750000       1       1       1     0.324568
    274   h0       1 1.000000 0.727273 0.818182 0.727273 0.750000       1       1       1     0.324568
    275   h0       1 1.000000 0.569170 0.818182 0.727273 0.670000       1       1       1     0.226915
    276   h0       1 0.763636 0.782609 0.958333 0.698182 0.960000       1       1       1     0.383873
    277   h0       1 0.800000 0.818182 1.000000 0.727273 1.000000       1       1       1     0.476033
    278   h0       1 0.800000 0.818182 1.000000 0.727273 1.000000       1       1       1     0.476033
    279   h0       1 0.800000 0.818182 1.000000 0.727273 1.000000       1       1       1     0.476033
    280   h0       1 0.668182 0.956522 0.696970 0.872727 0.800000       1       1       1     0.311008
    281   h0       1 0.700000 1.000000 0.727273 0.909091 0.833333       1       1       1     0.385675
    282   h0       1 0.700000 1.000000 0.727273 0.909091 0.833333       1       1       1     0.385675
    283   h0       1 0.700000 1.000000 0.727273 0.909091 0.833333       1       1       1     0.385675
    284   h0       1 0.954545 0.695652 0.696970 0.960000 0.696667       1       1       1     0.309527
    285   h0       1 1.000000 0.727273 0.727273 1.000000 0.750000       1       1       1     0.396694
    286   h0       1 1.000000 0.727273 0.727273 1.000000 0.750000       1       1       1     0.396694
    287   h0       1 1.000000 0.727273 0.727273 0.960000 0.680000       1       1       1     0.345283
    682   h1       1 0.909091 0.956522 0.666667 0.698182 0.833333       1       1       1     0.337286
    683   h1       1 1.000000 1.000000 0.727273 0.727273 0.776667       1       1       1     0.410799
    684   h1       1 1.000000 0.826087 0.545455 0.698182 0.483333       1       1       1     0.152055
    685   h1       1 0.636364 0.747036 0.666667 0.698182 1.000000       1       1       1     0.221271
    686   h1       1 0.700000 0.818182 0.727273 0.727273 1.000000       1       1       1     0.302930
    687   h1       1 0.700000 0.818182 0.545455 0.727273 1.000000       1       1       1     0.227198
    688   h1       1 0.727273 0.695652 0.871212 0.698182 0.833333       1       1       1     0.256449
    689   h1       1 0.800000 0.727273 0.909091 0.727273 0.776667       1       1       1     0.298763
    690   h1       1 0.800000 0.715415 0.909091 0.727273 0.786667       1       1       1     0.297676
    691   h1       1 0.636364 0.956522 0.871212 0.698182 0.750000       1       1       1     0.277686
    692   h1       1 0.700000 1.000000 0.909091 0.727273 0.750000       1       1       1     0.347107
    693   h1       1 0.700000 0.869565 0.681818 0.669091 0.750000       1       1       1     0.208264
    694   h1       1 0.909091 0.695652 0.174242 0.872727 1.000000       1       1       1     0.096168
    695   h1       1 1.000000 0.727273 0.181818 0.909091 1.000000       1       1       1     0.120210
    696   h1       1 1.000000 0.632411 0.136364 0.618182 0.600000       1       1       1     0.031986
    712   h1       1 0.636364 0.664032 0.958333 0.785455 0.833333       1       1       1     0.265064
    713   h1       1 0.700000 0.727273 1.000000 0.818182 0.833333       1       1       1     0.347107
    714   h1       1 0.700000 0.727273 1.000000 0.818182 0.833333       1       1       1     0.347107
    715   h1       1 0.700000 0.727273 1.000000 0.752727 0.733333       1       1       1     0.281018
    716   h1       1 0.909091 0.747036 0.696970 0.960000 0.750000       1       1       1     0.340796
    717   h1       1 1.000000 0.818182 0.727273 1.000000 0.750000       1       1       1     0.446281
    718   h1       1 1.000000 0.818182 0.727273 1.000000 0.750000       1       1       1     0.446281
    719   h1       1 1.000000 0.818182 0.727273 1.000000 0.730000       1       1       1     0.434380
    720   h1       1 0.636364 0.956522 0.681818 0.698182 0.750000       1       1       1     0.217319
    721   h1       1 0.700000 1.000000 0.727273 0.727273 0.750000       1       1       1     0.277686
    722   h1       1 0.700000 1.000000 0.727273 0.727273 0.750000       1       1       1     0.277686
    723   h1       1 0.700000 1.000000 0.727273 0.727273 0.750000       1       1       1     0.277686
    724   h1       1 0.659091 0.561265 0.818182 0.640000 0.833333       1       1       1     0.161422
    725   h1       1 0.700000 0.727273 0.818182 0.727273 0.833333       1       1       1     0.252442
    726   h1       1 0.700000 0.727273 0.818182 0.727273 0.833333       1       1       1     0.252442
    727   h1       1 0.618182 0.671937 0.443182 0.727273 0.833333       1       1       1     0.111569
    728   h1       1 0.954545 0.727273 1.000000 0.727273 1.000000       1       1       1     0.504884
    729   h1       1 1.000000 0.727273 1.000000 0.727273 1.000000       1       1       1     0.528926
    730   h1       1 1.000000 0.727273 1.000000 0.727273 1.000000       1       1       1     0.528926
    731   h1       1 1.000000 0.727273 1.000000 0.523636 0.720000       1       1       1     0.274195
    732   h1       1 0.700000 1.000000 0.727273 1.000000 0.750000       1       1       1     0.381818
    733   h1       1 0.700000 1.000000 0.727273 1.000000 0.750000       1       1       1     0.381818
    734   h1       1 0.700000 1.000000 0.727273 1.000000 0.750000       1       1       1     0.381818
    735   h1       1 0.700000 1.000000 0.693182 0.800000 0.540000       1       1       1     0.209618
    736   h1       1 0.700000 0.818182 0.727273 0.818182 0.750000       1       1       1     0.255597
    737   h1       1 0.700000 0.818182 0.727273 0.818182 0.750000       1       1       1     0.255597
    738   h1       1 0.700000 0.818182 0.727273 0.818182 0.750000       1       1       1     0.255597
    739   h1       1 0.700000 0.818182 0.693182 0.621818 0.490000       1       1       1     0.120964
    740   h1       1 0.818182 0.648221 0.795455 0.694545 0.696667       1       1       1     0.204133
    741   h1       1 1.000000 0.727273 0.909091 0.727273 0.750000       1       1       1     0.360631
    742   h1       1 1.000000 0.727273 0.909091 0.727273 0.750000       1       1       1     0.360631
    743   h1       1 1.000000 0.569170 0.909091 0.727273 0.670000       1       1       1     0.252128
    744   h1       1 0.636364 0.782609 0.958333 0.698182 0.916667       1       1       1     0.305455
    745   h1       1 0.800000 0.818182 1.000000 0.727273 0.916667       1       1       1     0.436364
    746   h1       1 0.700000 0.818182 1.000000 0.727273 0.916667       1       1       1     0.381818
    747   h1       1 0.700000 0.818182 1.000000 0.727273 0.916667       1       1       1     0.381818
    748   h1       1 0.636364 0.956522 0.696970 0.960000 0.916667       1       1       1     0.373333
    749   h1       1 0.700000 1.000000 0.727273 1.000000 0.916667       1       1       1     0.466667
    750   h1       1 0.700000 1.000000 0.727273 1.000000 0.916667       1       1       1     0.466667
    751   h1       1 0.700000 1.000000 0.727273 1.000000 0.916667       1       1       1     0.466667
    752   h1       1 0.909091 0.695652 0.696970 0.872727 0.666667       1       1       1     0.256449
    753   h1       1 1.000000 0.727273 0.727273 0.909091 0.723333       1       1       1     0.347809
    754   h1       1 1.000000 0.727273 0.727273 0.909091 0.716667       1       1       1     0.344603
    755   h1       1 1.000000 0.727273 0.727273 0.836364 0.606667       1       1       1     0.268374