 ChipID Half   Layer0   Layer1  Layer2  Layer3  Layer4   Layer5   Layer6   Layer7  Layer8  Pseaudo_Eff
    332   h0 0.631579 0.950000       1       1       1 0.867769 0.964286 0.742706       1     0.372887
    333   h0 0.666667 1.000000       1       1       1 0.909091 1.000000 0.769231       1     0.466200
    334   h0 0.666667 1.000000       1       1       1 0.867769 1.000000 0.769231       1     0.445010
    335   h0 0.947368 0.633333       1       1       1 0.867769 0.890110 0.742706       1     0.344204
    336   h0 1.000000 0.666667       1       1       1 0.909091 0.923077 0.769231       1     0.430339
    337   h0 1.000000 0.666667       1       1       1 0.909091 0.923077 0.769231       1     0.430339
    338   h0 0.736842 0.950000       1       1       1 0.661157 0.741758 0.891247       1     0.305959
    339   h0 0.777778 1.000000       1       1       1 0.727273 0.769231 0.923077       1     0.401650
    340   h0 0.777778 1.000000       1       1       1 0.727273 0.769231 0.923077       1     0.401650
    341   h0 0.947368 0.633333       1       1       1 0.665289 0.890110 0.965517       1     0.343056
    342   h0 1.000000 0.666667       1       1       1 0.727273 0.923077 1.000000       1     0.447552
    343   h0 1.000000 0.666667       1       1       1 0.723140 0.923077 1.000000       1     0.445010
    356   h0 0.631579 0.950000       1       1       1 0.694215 0.741758 0.742706       1     0.229469
    357   h0 0.666667 1.000000       1       1       1 0.727273 0.769231 0.769231       1     0.286893
    358   h0 0.666667 1.000000       1       1       1 0.727273 0.769231 0.769231       1     0.286893
    359   h0 0.666667 1.000000       1       1       1 0.727273 0.769231 0.315650       1     0.117725
    360   h0 0.947368 0.738889       1       1       1 0.780992 0.741758 0.816976       1     0.331296
    361   h0 1.000000 0.777778       1       1       1 0.818182 0.769231 0.846154       1     0.414201
    362   h0 1.000000 0.777778       1       1       1 0.818182 0.769231 0.846154       1     0.414201
    363   h0 1.000000 0.777778       1       1       1 0.818182 0.769231 0.846154       1     0.414201
    364   h0 0.684211 0.533333       1       1       1 0.710744 0.744505 0.859416       1     0.165948
    365   h0 1.000000 0.666667       1       1       1 0.727273 0.769231 0.923077       1     0.344271
    366   h0 1.000000 0.666667       1       1       1 0.727273 0.769231 0.923077       1     0.344271
    367   h0 1.000000 0.666667       1       1       1 0.727273 0.769231 0.923077       1     0.344271
    368   h0 0.631579 1.000000       1       1       1 1.000000 0.846154 0.769231       1     0.411087
    369   h0 0.666667 1.000000       1       1       1 1.000000 0.846154 0.769231       1     0.433925
    370   h0 0.666667 1.000000       1       1       1 1.000000 0.846154 0.769231       1     0.433925
    371   h0 0.666667 1.000000       1       1       1 1.000000 0.846154 0.769231       1     0.433925
    372   h0 0.947368 0.777778       1       1       1 0.727273 0.964286 0.769231       1     0.397497
    373   h0 1.000000 0.777778       1       1       1 0.727273 1.000000 0.769231       1     0.435120
    374   h0 1.000000 0.777778       1       1       1 0.727273 1.000000 0.769231       1     0.435120
    375   h0 1.000000 0.777778       1       1       1 0.727273 1.000000 0.769231       1     0.435120
    376   h0 0.666667 0.638889       1       1       1 0.727273 0.923077 0.769231       1     0.219951
    377   h0 0.666667 0.666667       1       1       1 0.727273 0.923077 0.769231       1     0.229514
    378   h0 0.666667 0.666667       1       1       1 0.727273 0.923077 0.769231       1     0.229514
    379   h0 0.666667 0.666667       1       1       1 0.727273 0.923077 0.769231       1     0.229514
    380   h0 0.573099 0.850000       1       1       1 1.000000 0.769231 0.702918       1     0.263397
    381   h0 0.777778 1.000000       1       1       1 1.000000 0.769231 0.769231       1     0.460224
    382   h0 0.777778 1.000000       1       1       1 1.000000 0.769231 0.769231       1     0.460224
    383   h0 0.777778 1.000000       1       1       1 1.000000 0.769231 0.769231       1     0.460224
    384   h0 0.947368 0.844444       1       1       1 0.780992 0.741758 0.742706       1     0.344204
    385   h0 1.000000 0.888889       1       1       1 0.818182 0.769231 0.769231       1     0.430339
    386   h0 1.000000 0.888889       1       1       1 0.818182 0.769231 0.769231       1     0.430339
    387   h0 1.000000 0.888889       1       1       1 0.818182 0.769231 0.769231       1     0.430339
    388   h0 0.631579 0.633333       1       1       1 0.909091 0.741758 0.816976       1     0.220363
    389   h0 0.666667 0.666667       1       1       1 1.000000 0.769231 0.846154       1     0.289283
    390   h0 0.666667 0.666667       1       1       1 1.000000 0.769231 0.846154       1     0.289283
    391   h0 0.666667 0.666667       1       1       1 1.000000 0.681319 0.846154       1     0.256222
    428   h0 0.736842 0.633333       1       1       1 0.954545 0.741758 0.891247       1     0.294485
    429   h0 0.777778 0.666667       1       1       1 1.000000 0.769231 0.923077       1     0.368179
    430   h0 0.777778 0.666667       1       1       1 1.000000 0.769231 0.923077       1     0.368179
    431   h0 0.777778 0.666667       1       1       1 1.000000 0.769231 0.923077       1     0.368179
    432   h0 0.777778 0.666667       1       1       1 1.000000 0.412088 0.381963       1     0.081616
    433   h0 0.631579 0.950000       1       1       1 0.694215 0.593407 0.965517       1     0.238648
    434   h0 0.666667 1.000000       1       1       1 0.727273 0.769231 1.000000       1     0.372960
    435   h0 0.666667 1.000000       1       1       1 0.727273 0.769231 1.000000       1     0.372960
    436   h0 0.666667 1.000000       1       1       1 0.727273 0.769231 1.000000       1     0.372960
    437   h0 0.666667 1.000000       1       1       1 0.727273 0.519231 0.413793       1     0.104172
    438   h0 0.947368 0.422222       1       1       1 0.780992 0.615385 0.456233       1     0.087708
    439   h0 1.000000 0.644444       1       1       1 0.818182 0.769231 0.769231       1     0.311996
    440   h0 1.000000 0.666667       1       1       1 0.818182 0.769231 0.769231       1     0.322754
    441   h0 1.000000 0.666667       1       1       1 0.818182 0.769231 0.769231       1     0.322754
    442   h0 1.000000 0.666667       1       1       1 0.818182 0.483516 0.588859       1     0.155304
    443   h0 0.631579 0.844444       1       1       1 0.694215 0.741758 0.742706       1     0.203973
    444   h0 0.666667 0.888889       1       1       1 0.727273 0.769231 0.769231       1     0.255016
    445   h0 0.666667 0.888889       1       1       1 0.727273 0.769231 0.769231       1     0.255016
    446   h0 0.666667 0.888889       1       1       1 0.727273 0.769231 0.769231       1     0.255016
    447   h0 0.666667 1.000000       1       1       1 0.727273 0.412088 0.318302       1     0.063597
    800   h1 0.631579 0.900000       1       1       1 0.909091 1.000000 0.769231       1     0.397497
    801   h1 0.666667 1.000000       1       1       1 0.859504 1.000000 0.769231       1     0.440771
    802   h1 0.666667 1.000000       1       1       1 0.743802 1.000000 0.769231       1     0.381437
    803   h1 0.947368 0.600000       1       1       1 1.000000 0.846154 0.769231       1     0.369978
    804   h1 1.000000 0.666667       1       1       1 1.000000 0.846154 0.769231       1     0.433925
    805   h1 1.000000 0.666667       1       1       1 1.000000 0.846154 0.769231       1     0.433925
    806   h1 0.842105 0.900000       1       1       1 0.818182 0.769231 1.000000       1     0.476997
    807   h1 0.888889 1.000000       1       1       1 0.768595 0.769231 1.000000       1     0.525535
    808   h1 0.888889 1.000000       1       1       1 0.739669 0.769231 1.000000       1     0.505757
    809   h1 0.842105 0.600000       1       1       1 0.727273 0.923077 0.923077       1     0.313106
    810   h1 0.888889 0.666667       1       1       1 0.677686 0.923077 0.923077       1     0.342185
    811   h1 0.888889 0.666667       1       1       1 0.636364 0.923077 0.923077       1     0.321320
    824   h1 0.631579 0.900000       1       1       1 0.727273 0.769231 0.769231       1     0.244614
    825   h1 0.666667 1.000000       1       1       1 0.727273 0.769231 0.769231       1     0.286893
    826   h1 0.666667 1.000000       1       1       1 0.727273 0.769231 0.769231       1     0.286893
    827   h1 0.666667 1.000000       1       1       1 0.727273 0.725275 0.238727       1     0.083948
    828   h1 0.947368 0.600000       1       1       1 0.727273 0.769231 0.846154       1     0.269075
    829   h1 1.000000 0.666667       1       1       1 0.727273 0.769231 0.846154       1     0.315582
    830   h1 1.000000 0.666667       1       1       1 0.727273 0.769231 0.846154       1     0.315582
    831   h1 1.000000 0.666667       1       1       1 0.727273 0.769231 0.846154       1     0.315582
    832   h1 0.736842 0.550000       1       1       1 0.702479 0.744505 0.816976       1     0.173160
    833   h1 1.000000 0.666667       1       1       1 0.727273 0.769231 0.846154       1     0.315582
    834   h1 1.000000 0.666667       1       1       1 0.727273 0.769231 0.846154       1     0.315582
    835   h1 1.000000 0.666667       1       1       1 0.727273 0.769231 0.846154       1     0.315582
    836   h1 0.631579 0.950000       1       1       1 1.000000 0.846154 0.769231       1     0.390533
    837   h1 0.666667 1.000000       1       1       1 1.000000 0.846154 0.769231       1     0.433925
    838   h1 0.666667 1.000000       1       1       1 1.000000 0.846154 0.769231       1     0.433925
    839   h1 0.666667 1.000000       1       1       1 1.000000 0.846154 0.769231       1     0.433925
    840   h1 0.947368 0.777778       1       1       1 0.818182 1.000000 0.769231       1     0.463747
    841   h1 1.000000 0.777778       1       1       1 0.818182 1.000000 0.769231       1     0.489510
    842   h1 1.000000 0.666667       1       1       1 0.818182 1.000000 0.769231       1     0.419580
    843   h1 1.000000 0.666667       1       1       1 0.818182 1.000000 0.769231       1     0.419580
    844   h1 0.666667 0.633333       1       1       1 0.727273 0.923077 0.769231       1     0.218038
    845   h1 0.666667 0.666667       1       1       1 0.727273 0.923077 0.769231       1     0.229514
    846   h1 0.666667 0.666667       1       1       1 0.727273 0.923077 0.769231       1     0.229514
    847   h1 0.666667 0.666667       1       1       1 0.727273 0.923077 0.769231       1     0.229514
    848   h1 0.573099 0.850000       1       1       1 0.909091 0.769231 0.702918       1     0.239451
    849   h1 0.777778 1.000000       1       1       1 0.909091 0.769231 0.769231       1     0.418385
    850   h1 0.777778 1.000000       1       1       1 0.909091 0.769231 0.769231       1     0.418385
    851   h1 0.777778 1.000000       1       1       1 0.909091 0.769231 0.769231       1     0.418385
    852   h1 1.000000 0.700000       1       1       1 0.727273 0.769231 0.769231       1     0.301237
    853   h1 1.000000 0.777778       1       1       1 0.727273 0.769231 0.769231       1     0.334708
    854   h1 1.000000 0.777778       1       1       1 0.727273 0.769231 0.769231       1     0.334708
    855   h1 1.000000 0.777778       1       1       1 0.727273 0.769231 0.769231       1     0.334708
    856   h1 0.637427 0.600000       1       1       1 1.000000 0.769231 0.923077       1     0.271566
    857   h1 0.666667 0.666667       1       1       1 1.000000 0.769231 0.923077       1     0.315582
    858   h1 0.666667 0.666667       1       1       1 1.000000 0.769231 0.923077       1     0.315582
    859   h1 0.666667 0.666667       1       1       1 1.000000 0.681319 0.923077       1     0.279515
    896   h1 0.631579 0.700000       1       1       1 1.000000 0.769231 1.000000       1     0.340081
    897   h1 0.666667 0.777778       1       1       1 1.000000 0.769231 1.000000       1     0.398860
    898   h1 0.666667 0.777778       1       1       1 1.000000 0.769231 1.000000       1     0.398860
    899   h1 0.666667 0.777778       1       1       1 1.000000 0.769231 1.000000       1     0.398860
    900   h1 0.666667 0.777778       1       1       1 1.000000 0.425824 0.448276       1     0.098978
    901   h1 0.631579 0.900000       1       1       1 0.727273 0.620879 1.000000       1     0.256670
    902   h1 0.777778 1.000000       1       1       1 0.727273 0.769231 1.000000       1     0.435120
    903   h1 0.777778 1.000000       1       1       1 0.727273 0.769231 0.923077       1     0.401650
    904   h1 0.777778 1.000000       1       1       1 0.727273 0.769231 0.923077       1     0.401650
    905   h1 0.777778 1.000000       1       1       1 0.727273 0.538462 0.381963       1     0.116340
    906   h1 0.947368 0.300000       1       1       1 0.909091 0.642857 0.435013       1     0.072254
    907   h1 1.000000 0.633333       1       1       1 0.909091 0.769231 0.769231       1     0.340685
    908   h1 1.000000 0.666667       1       1       1 0.909091 0.769231 0.769231       1     0.358616
    909   h1 1.000000 0.666667       1       1       1 0.909091 0.769231 0.769231       1     0.358616
    910   h1 1.000000 0.666667       1       1       1 0.909091 0.483516 0.641910       1     0.188105
    911   h1 0.643275 0.900000       1       1       1 0.727273 0.769231 0.769231       1     0.249144
    912   h1 0.666667 1.000000       1       1       1 0.727273 0.769231 0.769231       1     0.286893
    913   h1 0.666667 1.000000       1       1       1 0.727273 0.769231 0.769231       1     0.286893
    914   h1 0.666667 1.000000       1       1       1 0.727273 0.769231 0.769231       1     0.286893
    915   h1 0.666667 1.000000       1       1       1 0.727273 0.412088 0.339523       1     0.067837