 ChipID Half  Layer0  Layer1  Layer2   Layer3   Layer4   Layer5   Layer6   Layer7  Layer8  Pseaudo_Eff
    344   h0       1       1       1 0.761905 0.954545 0.668182 0.740741 0.846154       1     0.304584
    345   h0       1       1       1 0.800000 1.000000 0.700000 0.769231 0.846154       1     0.364497
    346   h0       1       1       1 0.800000 1.000000 0.700000 0.769231 0.846154       1     0.364497
    347   h0       1       1       1 0.666667 0.668182 0.859091 0.740741 0.769231       1     0.218055
    348   h0       1       1       1 0.700000 0.700000 0.900000 0.769231 0.769231       1     0.260947
    349   h0       1       1       1 0.700000 0.700000 0.900000 0.769231 0.769231       1     0.260947
    350   h0       1       1       1 0.666667 0.954545 0.727273 0.740741 0.769231       1     0.263709
    351   h0       1       1       1 0.700000 1.000000 0.800000 0.769231 0.769231       1     0.331361
    352   h0       1       1       1 0.700000 1.000000 0.800000 0.769231 0.769231       1     0.331361
    353   h0       1       1       1 0.952381 0.668182 0.645455 0.740741 0.923077       1     0.280850
    354   h0       1       1       1 1.000000 0.700000 0.700000 0.769231 0.923077       1     0.347929
    355   h0       1       1       1 1.000000 0.668182 0.700000 0.769231 0.923077       1     0.332114
    392   h0       1       1       1 0.952381 0.668182 0.954545 0.814815 0.769231       1     0.380730
    393   h0       1       1       1 1.000000 0.700000 1.000000 0.846154 0.769231       1     0.455621
    394   h0       1       1       1 1.000000 0.700000 1.000000 0.846154 0.769231       1     0.455621
    395   h0       1       1       1 1.000000 0.700000 1.000000 0.846154 0.675824       1     0.400296
    396   h0       1       1       1 0.666667 0.954545 0.668182 0.962963 0.769231       1     0.314968
    397   h0       1       1       1 0.700000 1.000000 0.700000 1.000000 0.769231       1     0.376923
    398   h0       1       1       1 0.700000 1.000000 0.700000 1.000000 0.769231       1     0.376923
    399   h0       1       1       1 0.700000 1.000000 0.700000 1.000000 0.769231       1     0.376923
    400   h0       1       1       1 0.614286 0.954545 0.654545 0.649573 0.769231       1     0.191775
    401   h0       1       1       1 0.700000 1.000000 0.700000 0.769231 0.769231       1     0.289941
    402   h0       1       1       1 0.700000 1.000000 0.700000 0.769231 0.769231       1     0.289941
    403   h0       1       1       1 0.676190 1.000000 0.700000 0.769231 0.769231       1     0.280079
    404   h0       1       1       1 0.700000 0.700000 0.700000 0.746439 0.923077       1     0.236334
    405   h0       1       1       1 0.700000 0.700000 0.700000 0.769231 0.923077       1     0.243550
    406   h0       1       1       1 0.700000 0.700000 0.700000 0.769231 0.923077       1     0.243550
    407   h0       1       1       1 0.700000 0.700000 0.700000 0.769231 0.923077       1     0.243550
    408   h0       1       1       1 1.000000 0.700000 1.000000 0.746439 1.000000       1     0.522507
    409   h0       1       1       1 1.000000 0.700000 1.000000 0.769231 1.000000       1     0.538462
    410   h0       1       1       1 1.000000 0.700000 1.000000 0.769231 1.000000       1     0.538462
    411   h0       1       1       1 1.000000 0.700000 1.000000 0.769231 1.000000       1     0.538462
    412   h0       1       1       1 0.700000 1.000000 0.700000 0.712251 0.923077       1     0.322156
    413   h0       1       1       1 0.700000 1.000000 0.700000 0.769231 0.923077       1     0.347929
    414   h0       1       1       1 0.700000 1.000000 0.700000 0.769231 0.923077       1     0.347929
    415   h0       1       1       1 0.700000 1.000000 0.700000 0.769231 0.923077       1     0.347929
    416   h0       1       1       1 0.647619 0.677273 0.618182 0.888889 0.769231       1     0.185397
    417   h0       1       1       1 0.800000 0.700000 0.700000 0.923077 0.769231       1     0.278343
    418   h0       1       1       1 0.800000 0.700000 0.700000 0.923077 0.769231       1     0.278343
    419   h0       1       1       1 0.800000 0.700000 0.700000 0.923077 0.769231       1     0.278343
    420   h0       1       1       1 0.857143 0.668182 0.659091 0.740741 0.769231       1     0.215088
    421   h0       1       1       1 0.900000 0.700000 0.700000 0.769231 0.769231       1     0.260947
    422   h0       1       1       1 0.900000 0.700000 0.700000 0.769231 0.769231       1     0.260947
    423   h0       1       1       1 0.900000 0.700000 0.700000 0.769231 0.769231       1     0.260947
    424   h0       1       1       1 0.857143 0.668182 0.909091 0.740741 0.769231       1     0.296673
    425   h0       1       1       1 0.900000 0.700000 1.000000 0.769231 0.769231       1     0.372781
    426   h0       1       1       1 0.900000 0.700000 1.000000 0.769231 0.769231       1     0.372781
    427   h0       1       1       1 0.900000 0.700000 1.000000 0.569801 0.675824       1     0.242604
    448   h0       1       1       1 0.666667 0.668182 0.763636 0.814815 0.769231       1     0.213209
    449   h0       1       1       1 0.700000 0.700000 0.800000 0.846154 0.769231       1     0.255148
    450   h0       1       1       1 0.700000 0.700000 0.800000 0.846154 0.769231       1     0.255148
    451   h0       1       1       1 0.700000 0.700000 0.800000 0.846154 0.769231       1     0.255148
    452   h0       1       1       1 0.500000 0.700000 0.800000 0.532764 0.384615       1     0.057375
    453   h0       1       1       1 0.952381 0.668182 0.954545 0.279202 0.642857       1     0.109027
    454   h0       1       1       1 1.000000 0.700000 1.000000 0.769231 0.769231       1     0.414201
    455   h0       1       1       1 1.000000 0.700000 1.000000 0.769231 0.769231       1     0.414201
    456   h0       1       1       1 1.000000 0.700000 1.000000 0.769231 0.769231       1     0.414201
    457   h0       1       1       1 0.714286 0.700000 1.000000 0.740741 0.461538       1     0.170940
    458   h0       1       1       1 0.952381 0.668182 0.954545 0.923077 0.670330       1     0.375862
    459   h0       1       1       1 1.000000 0.700000 1.000000 0.923077 0.769231       1     0.497041
    460   h0       1       1       1 1.000000 0.700000 1.000000 0.923077 0.769231       1     0.497041
    461   h0       1       1       1 1.000000 0.700000 1.000000 0.923077 0.769231       1     0.497041
    462   h0       1       1       1 0.714286 0.700000 1.000000 0.581197 0.461538       1     0.134122
    463   h0       1       1       1 0.666667 0.954545 0.668182 0.740741 0.769231       1     0.242283
    464   h0       1       1       1 0.700000 1.000000 0.700000 0.769231 0.769231       1     0.289941
    465   h0       1       1       1 0.700000 1.000000 0.700000 0.769231 0.769231       1     0.289941
    466   h0       1       1       1 0.700000 1.000000 0.700000 0.769231 0.769231       1     0.289941
    467   h0       1       1       1 0.500000 1.000000 0.700000 0.484330 0.384615       1     0.065198
    812   h1       1       1       1 0.723810 0.954545 0.800000 0.769231 0.846154       1     0.359763
    813   h1       1       1       1 0.800000 1.000000 0.750000 0.769231 0.846154       1     0.390533
    814   h1       1       1       1 0.800000 1.000000 0.686364 0.769231 0.846154       1     0.357396
    815   h1       1       1       1 0.642857 0.668182 0.900000 0.769231 0.769231       1     0.228752
    816   h1       1       1       1 0.700000 0.700000 0.900000 0.769231 0.769231       1     0.260947
    817   h1       1       1       1 0.700000 0.700000 0.900000 0.769231 0.769231       1     0.260947
    818   h1       1       1       1 0.666667 0.954545 0.800000 0.769231 0.769231       1     0.301237
    819   h1       1       1       1 0.700000 1.000000 0.800000 0.769231 0.769231       1     0.331361
    820   h1       1       1       1 0.700000 1.000000 0.800000 0.769231 0.769231       1     0.331361
    821   h1       1       1       1 0.952381 0.668182 0.700000 0.769231 0.923077       1     0.316299
    822   h1       1       1       1 1.000000 0.700000 0.650000 0.769231 0.923077       1     0.323077
    823   h1       1       1       1 1.000000 0.700000 0.595455 0.769231 0.923077       1     0.295966
    860   h1       1       1       1 0.952381 0.763636 1.000000 0.846154 0.769231       1     0.473373
    861   h1       1       1       1 1.000000 0.800000 1.000000 0.846154 0.769231       1     0.520710
    862   h1       1       1       1 1.000000 0.800000 1.000000 0.846154 0.769231       1     0.520710
    863   h1       1       1       1 1.000000 0.800000 1.000000 0.846154 0.620879       1     0.420287
    864   h1       1       1       1 0.666667 0.954545 0.700000 1.000000 0.769231       1     0.342657
    865   h1       1       1       1 0.700000 1.000000 0.700000 1.000000 0.769231       1     0.376923
    866   h1       1       1       1 0.700000 1.000000 0.700000 1.000000 0.769231       1     0.376923
    867   h1       1       1       1 0.700000 1.000000 0.700000 1.000000 0.769231       1     0.376923
    868   h1       1       1       1 0.642857 0.954545 0.677273 0.683761 0.846154       1     0.240452
    869   h1       1       1       1 0.700000 1.000000 0.700000 0.769231 0.846154       1     0.318935
    870   h1       1       1       1 0.700000 1.000000 0.700000 0.769231 0.769231       1     0.289941
    871   h1       1       1       1 0.676190 1.000000 0.700000 0.769231 0.846154       1     0.308087
    872   h1       1       1       1 0.700000 0.700000 0.700000 0.757835 0.923077       1     0.239942
    873   h1       1       1       1 0.700000 0.700000 0.700000 0.769231 0.923077       1     0.243550
    874   h1       1       1       1 0.700000 0.700000 0.700000 0.769231 0.923077       1     0.243550
    875   h1       1       1       1 0.700000 0.700000 0.700000 0.769231 0.923077       1     0.243550
    876   h1       1       1       1 1.000000 0.700000 1.000000 0.769231 1.000000       1     0.538462
    877   h1       1       1       1 1.000000 0.700000 1.000000 0.769231 1.000000       1     0.538462
    878   h1       1       1       1 1.000000 0.700000 1.000000 0.769231 1.000000       1     0.538462
    879   h1       1       1       1 1.000000 0.700000 1.000000 0.769231 1.000000       1     0.538462
    880   h1       1       1       1 0.700000 1.000000 0.700000 0.814815 0.846154       1     0.337835
    881   h1       1       1       1 0.700000 1.000000 0.700000 0.846154 0.846154       1     0.350828
    882   h1       1       1       1 0.700000 1.000000 0.700000 0.769231 0.846154       1     0.318935
    883   h1       1       1       1 0.700000 1.000000 0.700000 0.769231 0.846154       1     0.318935
    884   h1       1       1       1 0.647619 0.663636 0.618182 0.925926 0.747253       1     0.183827
    885   h1       1       1       1 0.800000 0.700000 0.700000 1.000000 0.769231       1     0.301538
    886   h1       1       1       1 0.800000 0.700000 0.700000 1.000000 0.769231       1     0.301538
    887   h1       1       1       1 0.800000 0.700000 0.700000 1.000000 0.769231       1     0.301538
    888   h1       1       1       1 0.952381 0.668182 0.600000 0.769231 0.769231       1     0.225928
    889   h1       1       1       1 1.000000 0.700000 0.650000 0.769231 0.769231       1     0.269231
    890   h1       1       1       1 1.000000 0.700000 0.695455 0.769231 0.769231       1     0.288058
    891   h1       1       1       1 1.000000 0.700000 0.600000 0.769231 0.769231       1     0.248521
    892   h1       1       1       1 0.761905 0.668182 1.000000 0.769231 0.769231       1     0.301237
    893   h1       1       1       1 0.800000 0.700000 1.000000 0.769231 0.769231       1     0.331361
    894   h1       1       1       1 0.800000 0.700000 1.000000 0.769231 0.769231       1     0.331361
    895   h1       1       1       1 0.900000 0.700000 1.000000 0.555556 0.670330       1     0.234615
    916   h1       1       1       1 0.661905 0.668182 0.800000 0.846154 0.769231       1     0.230296
    917   h1       1       1       1 0.700000 0.700000 0.800000 0.846154 0.769231       1     0.255148
    918   h1       1       1       1 0.700000 0.700000 0.800000 0.846154 0.769231       1     0.255148
    919   h1       1       1       1 0.700000 0.700000 0.800000 0.846154 0.769231       1     0.255148
    920   h1       1       1       1 0.500000 0.700000 0.800000 0.532764 0.376374       1     0.056145
    921   h1       1       1       1 0.904762 0.763636 1.000000 0.307692 0.706044       1     0.150096
    922   h1       1       1       1 1.000000 0.800000 1.000000 0.769231 0.769231       1     0.473373
    923   h1       1       1       1 1.000000 0.800000 1.000000 0.769231 0.769231       1     0.473373
    924   h1       1       1       1 1.000000 0.800000 1.000000 0.769231 0.769231       1     0.473373
    925   h1       1       1       1 0.714286 0.800000 1.000000 0.740741 0.398352       1     0.168614
    926   h1       1       1       1 0.900000 0.668182 1.000000 0.923077 0.620879       1     0.344653
    927   h1       1       1       1 0.900000 0.700000 1.000000 0.923077 0.769231       1     0.447337
    928   h1       1       1       1 1.000000 0.700000 1.000000 0.923077 0.769231       1     0.497041
    929   h1       1       1       1 1.000000 0.700000 1.000000 0.923077 0.769231       1     0.497041
    930   h1       1       1       1 0.714286 0.700000 1.000000 0.547009 0.500000       1     0.136752
    931   h1       1       1       1 0.700000 0.954545 0.700000 0.769231 0.769231       1     0.276762
    932   h1       1       1       1 0.700000 1.000000 0.700000 0.769231 0.769231       1     0.289941
    933   h1       1       1       1 0.700000 1.000000 0.700000 0.769231 0.769231       1     0.289941
    934   h1       1       1       1 0.700000 1.000000 0.700000 0.769231 0.769231       1     0.289941
    935   h1       1       1       1 0.500000 1.000000 0.700000 0.455840 0.370879       1     0.059172