 ChipID Half  Layer0   Layer1  Layer2   Layer3   Layer4  Layer5  Layer6   Layer7   Layer8  Pseaudo_Eff
    344   h0       1 0.842105       1 0.761905 0.954545       1       1 0.846154 0.785714     0.407172
    345   h0       1 0.888889       1 0.800000 1.000000       1       1 0.846154 0.785714     0.472772
    346   h0       1 0.888889       1 0.800000 1.000000       1       1 0.846154 0.785714     0.472772
    347   h0       1 0.842105       1 0.666667 0.668182       1       1 0.769231 0.714286     0.206110
    348   h0       1 0.888889       1 0.700000 0.700000       1       1 0.769231 0.714286     0.239316
    349   h0       1 0.888889       1 0.700000 0.700000       1       1 0.769231 0.783410     0.262476
    350   h0       1 0.947368       1 0.666667 0.954545       1       1 0.769231 0.785714     0.364372
    351   h0       1 1.000000       1 0.700000 1.000000       1       1 0.769231 0.785714     0.423077
    352   h0       1 1.000000       1 0.700000 1.000000       1       1 0.769231 0.785714     0.423077
    353   h0       1 0.631579       1 0.952381 0.668182       1       1 0.923077 0.857143     0.317998
    354   h0       1 0.666667       1 1.000000 0.700000       1       1 0.923077 0.785714     0.338462
    355   h0       1 0.666667       1 1.000000 0.668182       1       1 0.923077 0.785714     0.323077
    392   h0       1 0.631579       1 0.952381 0.668182       1       1 0.769231 0.857143     0.264998
    393   h0       1 0.666667       1 1.000000 0.700000       1       1 0.769231 0.857143     0.307692
    394   h0       1 0.666667       1 1.000000 0.700000       1       1 0.769231 0.790323     0.283706
    395   h0       1 0.666667       1 1.000000 0.700000       1       1 0.675824 0.785714     0.247802
    396   h0       1 0.947368       1 0.666667 0.954545       1       1 0.769231 0.785714     0.364372
    397   h0       1 1.000000       1 0.700000 1.000000       1       1 0.769231 0.785714     0.423077
    398   h0       1 1.000000       1 0.700000 1.000000       1       1 0.769231 0.785714     0.423077
    399   h0       1 1.000000       1 0.700000 1.000000       1       1 0.769231 0.785714     0.423077
    400   h0       1 0.614035       1 0.614286 0.954545       1       1 0.769231 0.721198     0.199743
    401   h0       1 0.777778       1 0.700000 1.000000       1       1 0.769231 0.785714     0.329060
    402   h0       1 0.777778       1 0.700000 1.000000       1       1 0.769231 0.785714     0.329060
    403   h0       1 0.777778       1 0.676190 1.000000       1       1 0.769231 0.769585     0.311342
    404   h0       1 0.666667       1 0.700000 0.700000       1       1 0.923077 0.767281     0.231365
    405   h0       1 0.666667       1 0.700000 0.700000       1       1 0.923077 0.785714     0.236923
    406   h0       1 0.666667       1 0.700000 0.700000       1       1 0.923077 0.785714     0.236923
    407   h0       1 0.666667       1 0.700000 0.700000       1       1 0.923077 0.785714     0.236923
    408   h0       1 0.947368       1 1.000000 0.700000       1       1 1.000000 0.767281     0.508829
    409   h0       1 1.000000       1 1.000000 0.700000       1       1 1.000000 0.785714     0.550000
    410   h0       1 1.000000       1 1.000000 0.700000       1       1 1.000000 0.785714     0.550000
    411   h0       1 1.000000       1 1.000000 0.700000       1       1 1.000000 0.785714     0.550000
    412   h0       1 0.654971       1 0.700000 1.000000       1       1 0.923077 0.767281     0.324722
    413   h0       1 0.666667       1 0.700000 1.000000       1       1 0.923077 0.785714     0.338462
    414   h0       1 0.666667       1 0.700000 1.000000       1       1 0.923077 0.785714     0.338462
    415   h0       1 0.666667       1 0.700000 1.000000       1       1 0.923077 0.758065     0.326551
    416   h0       1 0.684211       1 0.647619 0.677273       1       1 0.769231 0.682028     0.157446
    417   h0       1 1.000000       1 0.800000 0.700000       1       1 0.769231 0.785714     0.338462
    418   h0       1 1.000000       1 0.800000 0.700000       1       1 0.769231 0.785714     0.338462
    419   h0       1 1.000000       1 0.800000 0.700000       1       1 0.769231 0.785714     0.338462
    420   h0       1 0.947368       1 0.857143 0.668182       1       1 0.769231 0.785714     0.327935
    421   h0       1 1.000000       1 0.900000 0.700000       1       1 0.769231 0.785714     0.380769
    422   h0       1 1.000000       1 0.900000 0.700000       1       1 0.769231 0.785714     0.380769
    423   h0       1 1.000000       1 0.900000 0.700000       1       1 0.769231 0.852535     0.413151
    424   h0       1 0.631579       1 0.857143 0.668182       1       1 0.769231 0.785714     0.218623
    425   h0       1 0.666667       1 0.900000 0.700000       1       1 0.769231 0.785714     0.253846
    426   h0       1 0.666667       1 0.900000 0.700000       1       1 0.769231 0.785714     0.253846
    427   h0       1 0.666667       1 0.900000 0.700000       1       1 0.675824 0.721198     0.204709
    448   h0       1 0.631579       1 0.666667 0.668182       1       1 0.769231 0.785714     0.170040
    449   h0       1 0.666667       1 0.700000 0.700000       1       1 0.769231 0.785714     0.197436
    450   h0       1 0.666667       1 0.700000 0.700000       1       1 0.769231 0.785714     0.197436
    451   h0       1 0.666667       1 0.700000 0.700000       1       1 0.769231 0.785714     0.197436
    452   h0       1 0.666667       1 0.500000 0.700000       1       1 0.384615 0.785714     0.070513
    453   h0       1 0.947368       1 0.952381 0.668182       1       1 0.642857 0.564516     0.218784
    454   h0       1 1.000000       1 1.000000 0.700000       1       1 0.769231 0.785714     0.423077
    455   h0       1 1.000000       1 1.000000 0.700000       1       1 0.769231 0.785714     0.423077
    456   h0       1 1.000000       1 1.000000 0.700000       1       1 0.769231 0.785714     0.423077
    457   h0       1 1.000000       1 0.714286 0.700000       1       1 0.461538 0.758065     0.174938
    458   h0       1 0.736842       1 0.952381 0.668182       1       1 0.670330 0.714286     0.224512
    459   h0       1 0.777778       1 1.000000 0.700000       1       1 0.769231 0.714286     0.299145
    460   h0       1 0.777778       1 1.000000 0.700000       1       1 0.769231 0.714286     0.299145
    461   h0       1 0.777778       1 1.000000 0.700000       1       1 0.769231 0.714286     0.299145
    462   h0       1 0.777778       1 0.714286 0.700000       1       1 0.461538 0.778802     0.139785
    463   h0       1 0.631579       1 0.666667 0.954545       1       1 0.769231 0.785714     0.242915
    464   h0       1 0.666667       1 0.700000 1.000000       1       1 0.769231 0.785714     0.282051
    465   h0       1 0.666667       1 0.700000 1.000000       1       1 0.769231 0.785714     0.282051
    466   h0       1 0.666667       1 0.700000 1.000000       1       1 0.769231 0.785714     0.282051
    467   h0       1 0.666667       1 0.500000 1.000000       1       1 0.384615 0.656682     0.084190
    812   h1       1 0.947368       1 0.723810 0.954545       1       1 0.846154 0.785714     0.435165
    813   h1       1 1.000000       1 0.800000 1.000000       1       1 0.846154 0.785714     0.531868
    814   h1       1 1.000000       1 0.800000 1.000000       1       1 0.846154 0.785714     0.531868
    815   h1       1 0.736842       1 0.642857 0.668182       1       1 0.769231 0.785714     0.191296
    816   h1       1 0.777778       1 0.700000 0.700000       1       1 0.769231 0.785714     0.230342
    817   h1       1 0.777778       1 0.700000 0.700000       1       1 0.769231 0.785714     0.230342
    818   h1       1 0.947368       1 0.666667 0.954545       1       1 0.769231 0.857143     0.397497
    819   h1       1 1.000000       1 0.700000 1.000000       1       1 0.769231 0.857143     0.461538
    820   h1       1 1.000000       1 0.700000 1.000000       1       1 0.769231 0.857143     0.461538
    821   h1       1 0.631579       1 0.952381 0.668182       1       1 0.923077 0.857143     0.317998
    822   h1       1 0.666667       1 1.000000 0.700000       1       1 0.923077 0.788018     0.339454
    823   h1       1 0.666667       1 1.000000 0.700000       1       1 0.923077 0.785714     0.338462
    860   h1       1 0.631579       1 0.952381 0.763636       1       1 0.769231 0.785714     0.277617
    861   h1       1 0.666667       1 1.000000 0.800000       1       1 0.769231 0.785714     0.322344
    862   h1       1 0.666667       1 1.000000 0.800000       1       1 0.769231 0.785714     0.322344
    863   h1       1 0.666667       1 1.000000 0.800000       1       1 0.620879 0.785714     0.260178
    864   h1       1 0.947368       1 0.666667 0.954545       1       1 0.769231 0.785714     0.364372
    865   h1       1 1.000000       1 0.700000 1.000000       1       1 0.769231 0.785714     0.423077
    866   h1       1 1.000000       1 0.700000 1.000000       1       1 0.769231 0.785714     0.423077
    867   h1       1 1.000000       1 0.700000 1.000000       1       1 0.769231 0.785714     0.423077
    868   h1       1 0.573099       1 0.642857 0.954545       1       1 0.846154 0.737327     0.219407
    869   h1       1 0.777778       1 0.700000 1.000000       1       1 0.846154 0.785714     0.361966
    870   h1       1 0.777778       1 0.700000 1.000000       1       1 0.769231 0.785714     0.329060
    871   h1       1 0.777778       1 0.676190 1.000000       1       1 0.846154 0.767281     0.341451
    872   h1       1 0.666667       1 0.700000 0.700000       1       1 0.923077 0.778802     0.234839
    873   h1       1 0.666667       1 0.700000 0.700000       1       1 0.923077 0.785714     0.236923
    874   h1       1 0.666667       1 0.700000 0.700000       1       1 0.923077 0.785714     0.236923
    875   h1       1 0.666667       1 0.700000 0.700000       1       1 0.923077 0.785714     0.236923
    876   h1       1 1.000000       1 1.000000 0.700000       1       1 1.000000 0.760369     0.532258
    877   h1       1 1.000000       1 1.000000 0.700000       1       1 1.000000 0.785714     0.550000
    878   h1       1 1.000000       1 1.000000 0.700000       1       1 1.000000 0.785714     0.550000
    879   h1       1 1.000000       1 1.000000 0.700000       1       1 1.000000 0.785714     0.550000
    880   h1       1 0.649123       1 0.700000 1.000000       1       1 0.846154 0.744240     0.286146
    881   h1       1 0.666667       1 0.700000 1.000000       1       1 0.846154 0.785714     0.310256
    882   h1       1 0.666667       1 0.700000 1.000000       1       1 0.846154 0.785714     0.310256
    883   h1       1 0.666667       1 0.700000 1.000000       1       1 0.846154 0.767281     0.302978
    884   h1       1 0.736842       1 0.647619 0.663636       1       1 0.747253 0.702765     0.166304
    885   h1       1 1.000000       1 0.800000 0.700000       1       1 0.769231 0.785714     0.338462
    886   h1       1 1.000000       1 0.800000 0.700000       1       1 0.769231 0.785714     0.338462
    887   h1       1 1.000000       1 0.800000 0.700000       1       1 0.769231 0.785714     0.338462
    888   h1       1 0.947368       1 0.952381 0.668182       1       1 0.769231 0.785714     0.364372
    889   h1       1 1.000000       1 1.000000 0.700000       1       1 0.769231 0.788018     0.424318
    890   h1       1 1.000000       1 1.000000 0.700000       1       1 0.769231 0.788018     0.424318
    891   h1       1 1.000000       1 1.000000 0.700000       1       1 0.769231 0.785714     0.423077
    892   h1       1 0.631579       1 0.761905 0.668182       1       1 0.769231 0.857143     0.211999
    893   h1       1 0.666667       1 0.800000 0.700000       1       1 0.769231 0.857143     0.246154
    894   h1       1 0.666667       1 0.800000 0.700000       1       1 0.769231 0.790323     0.226964
    895   h1       1 0.666667       1 0.900000 0.700000       1       1 0.670330 0.714286     0.201099
    916   h1       1 0.631579       1 0.661905 0.668182       1       1 0.769231 0.785714     0.168826
    917   h1       1 0.666667       1 0.700000 0.700000       1       1 0.769231 0.785714     0.197436
    918   h1       1 0.666667       1 0.700000 0.700000       1       1 0.769231 0.785714     0.197436
    919   h1       1 0.666667       1 0.700000 0.700000       1       1 0.769231 0.785714     0.197436
    920   h1       1 0.666667       1 0.500000 0.700000       1       1 0.376374 0.785714     0.069002
    921   h1       1 0.947368       1 0.904762 0.763636       1       1 0.706044 0.619816     0.286440
    922   h1       1 1.000000       1 1.000000 0.800000       1       1 0.769231 0.785714     0.483516
    923   h1       1 1.000000       1 1.000000 0.800000       1       1 0.769231 0.785714     0.483516
    924   h1       1 1.000000       1 1.000000 0.800000       1       1 0.769231 0.785714     0.483516
    925   h1       1 1.000000       1 0.714286 0.800000       1       1 0.398352 0.764977     0.174131
    926   h1       1 0.631579       1 0.900000 0.668182       1       1 0.620879 0.714286     0.168439
    927   h1       1 0.666667       1 0.900000 0.700000       1       1 0.769231 0.714286     0.230769
    928   h1       1 0.666667       1 1.000000 0.700000       1       1 0.769231 0.714286     0.256410
    929   h1       1 0.666667       1 1.000000 0.700000       1       1 0.769231 0.781106     0.280397
    930   h1       1 0.666667       1 0.714286 0.700000       1       1 0.500000 0.785714     0.130952
    931   h1       1 0.736842       1 0.700000 0.954545       1       1 0.769231 0.785714     0.297571
    932   h1       1 0.777778       1 0.700000 1.000000       1       1 0.769231 0.788018     0.330025
    933   h1       1 0.777778       1 0.700000 1.000000       1       1 0.769231 0.854839     0.358009
    934   h1       1 0.777778       1 0.700000 1.000000       1       1 0.769231 0.790323     0.330990
    935   h1       1 0.777778       1 0.500000 1.000000       1       1 0.370879 0.721198     0.104019