 ChipID Half  Layer0   Layer1  Layer2   Layer3   Layer4  Layer5   Layer6   Layer7  Layer8  Pseaudo_Eff
    332   h0       1 0.950000       1 0.666667 0.668182       1 0.964286 0.742706       1     0.303075
    333   h0       1 1.000000       1 0.700000 0.700000       1 1.000000 0.769231       1     0.376923
    334   h0       1 1.000000       1 0.700000 0.700000       1 1.000000 0.769231       1     0.376923
    335   h0       1 0.633333       1 0.952381 0.668182       1 0.890110 0.742706       1     0.266439
    336   h0       1 0.666667       1 1.000000 0.700000       1 0.923077 0.769231       1     0.331361
    337   h0       1 0.666667       1 1.000000 0.700000       1 0.923077 0.769231       1     0.331361
    338   h0       1 0.950000       1 0.666667 0.954545       1 0.741758 0.891247       1     0.399659
    339   h0       1 1.000000       1 0.700000 1.000000       1 0.769231 0.923077       1     0.497041
    340   h0       1 1.000000       1 0.700000 1.000000       1 0.769231 0.923077       1     0.497041
    341   h0       1 0.633333       1 0.952381 0.668182       1 0.890110 0.965517       1     0.346371
    342   h0       1 0.666667       1 1.000000 0.700000       1 0.923077 1.000000       1     0.430769
    343   h0       1 0.666667       1 1.000000 0.677273       1 0.923077 1.000000       1     0.416783
    356   h0       1 0.950000       1 0.857143 0.954545       1 0.741758 0.742706       1     0.428206
    357   h0       1 1.000000       1 0.900000 1.000000       1 0.769231 0.769231       1     0.532544
    358   h0       1 1.000000       1 0.900000 1.000000       1 0.769231 0.769231       1     0.532544
    359   h0       1 1.000000       1 0.800000 1.000000       1 0.769231 0.315650       1     0.194246
    360   h0       1 0.738889       1 0.666667 0.668182       1 0.741758 0.816976       1     0.199459
    361   h0       1 0.777778       1 0.700000 0.700000       1 0.769231 0.846154       1     0.248060
    362   h0       1 0.777778       1 0.700000 0.700000       1 0.769231 0.846154       1     0.248060
    363   h0       1 0.777778       1 0.700000 0.700000       1 0.769231 0.846154       1     0.248060
    364   h0       1 0.533333       1 0.652381 0.604545       1 0.744505 0.859416       1     0.134586
    365   h0       1 0.666667       1 0.700000 0.700000       1 0.769231 0.923077       1     0.231953
    366   h0       1 0.666667       1 0.700000 0.700000       1 0.769231 0.923077       1     0.231953
    367   h0       1 0.666667       1 0.628571 0.700000       1 0.769231 0.923077       1     0.208284
    368   h0       1 1.000000       1 1.000000 0.700000       1 0.846154 0.769231       1     0.455621
    369   h0       1 1.000000       1 1.000000 0.700000       1 0.846154 0.769231       1     0.455621
    370   h0       1 1.000000       1 1.000000 0.700000       1 0.846154 0.769231       1     0.455621
    371   h0       1 1.000000       1 1.000000 0.700000       1 0.846154 0.769231       1     0.455621
    372   h0       1 0.777778       1 0.700000 1.000000       1 0.964286 0.769231       1     0.403846
    373   h0       1 0.777778       1 0.700000 1.000000       1 1.000000 0.769231       1     0.418803
    374   h0       1 0.777778       1 0.700000 1.000000       1 1.000000 0.769231       1     0.418803
    375   h0       1 0.777778       1 0.700000 1.000000       1 1.000000 0.769231       1     0.418803
    376   h0       1 0.638889       1 0.700000 0.800000       1 0.923077 0.769231       1     0.254043
    377   h0       1 0.666667       1 0.700000 0.800000       1 0.923077 0.769231       1     0.265089
    378   h0       1 0.666667       1 0.700000 0.800000       1 0.923077 0.769231       1     0.265089
    379   h0       1 0.666667       1 0.700000 0.800000       1 0.923077 0.769231       1     0.265089
    380   h0       1 0.850000       1 0.904762 0.663636       1 0.769231 0.702918       1     0.275959
    381   h0       1 1.000000       1 1.000000 0.700000       1 0.769231 0.769231       1     0.414201
    382   h0       1 1.000000       1 1.000000 0.700000       1 0.769231 0.769231       1     0.414201
    383   h0       1 1.000000       1 1.000000 0.700000       1 0.769231 0.769231       1     0.414201
    384   h0       1 0.844444       1 0.952381 0.668182       1 0.741758 0.742706       1     0.296043
    385   h0       1 0.888889       1 1.000000 0.700000       1 0.769231 0.769231       1     0.368179
    386   h0       1 0.888889       1 1.000000 0.700000       1 0.769231 0.769231       1     0.368179
    387   h0       1 0.888889       1 1.000000 0.700000       1 0.769231 0.769231       1     0.368179
    388   h0       1 0.633333       1 0.666667 0.859091       1 0.741758 0.816976       1     0.219812
    389   h0       1 0.666667       1 0.700000 0.900000       1 0.769231 0.846154       1     0.273373
    390   h0       1 0.666667       1 0.700000 0.900000       1 0.769231 0.846154       1     0.273373
    391   h0       1 0.666667       1 0.700000 0.900000       1 0.681319 0.846154       1     0.242130
    428   h0       1 0.633333       1 0.952381 0.668182       1 0.741758 0.891247       1     0.266439
    429   h0       1 0.666667       1 1.000000 0.700000       1 0.769231 0.923077       1     0.331361
    430   h0       1 0.666667       1 1.000000 0.700000       1 0.769231 0.923077       1     0.331361
    431   h0       1 0.666667       1 1.000000 0.700000       1 0.769231 0.923077       1     0.331361
    432   h0       1 0.666667       1 0.666667 0.700000       1 0.412088 0.381963       1     0.048970
    433   h0       1 0.950000       1 0.761905 0.954545       1 0.593407 0.965517       1     0.395852
    434   h0       1 1.000000       1 0.800000 1.000000       1 0.769231 1.000000       1     0.615385
    435   h0       1 1.000000       1 0.800000 1.000000       1 0.769231 1.000000       1     0.615385
    436   h0       1 1.000000       1 0.800000 1.000000       1 0.769231 1.000000       1     0.615385
    437   h0       1 1.000000       1 0.533333 1.000000       1 0.519231 0.413793       1     0.114589
    438   h0       1 0.422222       1 0.666667 0.954545       1 0.615385 0.456233       1     0.075436
    439   h0       1 0.644444       1 0.700000 1.000000       1 0.769231 0.769231       1     0.266930
    440   h0       1 0.666667       1 0.700000 1.000000       1 0.769231 0.769231       1     0.276134
    441   h0       1 0.666667       1 0.700000 1.000000       1 0.769231 0.769231       1     0.276134
    442   h0       1 0.666667       1 0.466667 1.000000       1 0.483516 0.588859       1     0.088581
    443   h0       1 0.844444       1 0.666667 0.859091       1 0.741758 0.742706       1     0.266439
    444   h0       1 0.888889       1 0.700000 0.900000       1 0.769231 0.769231       1     0.331361
    445   h0       1 0.888889       1 0.700000 0.900000       1 0.769231 0.769231       1     0.331361
    446   h0       1 0.888889       1 0.700000 0.900000       1 0.769231 0.769231       1     0.331361
    447   h0       1 1.000000       1 0.466667 0.900000       1 0.412088 0.318302       1     0.055091
    800   h1       1 0.900000       1 0.666667 0.700000       1 1.000000 0.769231       1     0.323077
    801   h1       1 1.000000       1 0.700000 0.700000       1 1.000000 0.769231       1     0.376923
    802   h1       1 1.000000       1 0.700000 0.690909       1 1.000000 0.769231       1     0.372028
    803   h1       1 0.600000       1 0.952381 0.800000       1 0.846154 0.769231       1     0.297549
    804   h1       1 0.666667       1 1.000000 0.800000       1 0.846154 0.769231       1     0.347140
    805   h1       1 0.666667       1 1.000000 0.800000       1 0.846154 0.769231       1     0.347140
    806   h1       1 0.900000       1 0.700000 0.900000       1 0.769231 1.000000       1     0.436154
    807   h1       1 1.000000       1 0.700000 0.900000       1 0.769231 1.000000       1     0.484615
    808   h1       1 1.000000       1 0.700000 0.900000       1 0.769231 1.000000       1     0.484615
    809   h1       1 0.600000       1 1.000000 0.700000       1 0.923077 0.923077       1     0.357870
    810   h1       1 0.666667       1 1.000000 0.700000       1 0.923077 0.923077       1     0.397633
    811   h1       1 0.666667       1 1.000000 0.681818       1 0.923077 0.923077       1     0.387305
    824   h1       1 0.900000       1 0.800000 1.000000       1 0.769231 0.769231       1     0.426036
    825   h1       1 1.000000       1 0.800000 1.000000       1 0.769231 0.769231       1     0.473373
    826   h1       1 1.000000       1 0.800000 1.000000       1 0.769231 0.769231       1     0.473373
    827   h1       1 1.000000       1 0.800000 1.000000       1 0.725275 0.238727       1     0.138514
    828   h1       1 0.600000       1 0.700000 0.700000       1 0.769231 0.846154       1     0.191361
    829   h1       1 0.666667       1 0.700000 0.700000       1 0.769231 0.846154       1     0.212623
    830   h1       1 0.666667       1 0.700000 0.700000       1 0.769231 0.846154       1     0.212623
    831   h1       1 0.666667       1 0.700000 0.700000       1 0.769231 0.846154       1     0.212623
    832   h1       1 0.550000       1 0.661905 0.604545       1 0.744505 0.816976       1     0.133864
    833   h1       1 0.666667       1 0.700000 0.700000       1 0.769231 0.846154       1     0.212623
    834   h1       1 0.666667       1 0.700000 0.700000       1 0.769231 0.846154       1     0.212623
    835   h1       1 0.666667       1 0.604762 0.700000       1 0.769231 0.846154       1     0.183695
    836   h1       1 0.950000       1 1.000000 0.700000       1 0.846154 0.769231       1     0.432840
    837   h1       1 1.000000       1 1.000000 0.700000       1 0.846154 0.769231       1     0.455621
    838   h1       1 1.000000       1 1.000000 0.700000       1 0.846154 0.769231       1     0.455621
    839   h1       1 1.000000       1 1.000000 0.700000       1 0.846154 0.769231       1     0.455621
    840   h1       1 0.777778       1 0.700000 1.000000       1 1.000000 0.769231       1     0.418803
    841   h1       1 0.777778       1 0.700000 1.000000       1 1.000000 0.769231       1     0.418803
    842   h1       1 0.666667       1 0.700000 1.000000       1 1.000000 0.769231       1     0.358974
    843   h1       1 0.666667       1 0.700000 1.000000       1 1.000000 0.769231       1     0.358974
    844   h1       1 0.633333       1 0.700000 0.700000       1 0.923077 0.769231       1     0.220355
    845   h1       1 0.666667       1 0.700000 0.700000       1 0.923077 0.769231       1     0.231953
    846   h1       1 0.666667       1 0.700000 0.700000       1 0.923077 0.769231       1     0.231953
    847   h1       1 0.666667       1 0.700000 0.700000       1 0.923077 0.769231       1     0.231953
    848   h1       1 0.850000       1 0.952381 0.677273       1 0.769231 0.702918       1     0.296452
    849   h1       1 1.000000       1 1.000000 0.700000       1 0.769231 0.769231       1     0.414201
    850   h1       1 1.000000       1 1.000000 0.700000       1 0.769231 0.769231       1     0.414201
    851   h1       1 1.000000       1 1.000000 0.700000       1 0.769231 0.769231       1     0.414201
    852   h1       1 0.700000       1 1.000000 0.700000       1 0.769231 0.769231       1     0.289941
    853   h1       1 0.777778       1 1.000000 0.700000       1 0.769231 0.769231       1     0.322156
    854   h1       1 0.777778       1 1.000000 0.700000       1 0.769231 0.769231       1     0.322156
    855   h1       1 0.777778       1 1.000000 0.700000       1 0.769231 0.769231       1     0.322156
    856   h1       1 0.600000       1 0.700000 0.900000       1 0.769231 0.923077       1     0.268402
    857   h1       1 0.666667       1 0.700000 0.900000       1 0.769231 0.923077       1     0.298225
    858   h1       1 0.666667       1 0.700000 0.900000       1 0.769231 0.923077       1     0.298225
    859   h1       1 0.666667       1 0.700000 0.900000       1 0.681319 0.923077       1     0.264142
    896   h1       1 0.700000       1 1.000000 0.700000       1 0.769231 1.000000       1     0.376923
    897   h1       1 0.777778       1 1.000000 0.700000       1 0.769231 1.000000       1     0.418803
    898   h1       1 0.777778       1 1.000000 0.700000       1 0.769231 1.000000       1     0.418803
    899   h1       1 0.777778       1 1.000000 0.700000       1 0.769231 1.000000       1     0.418803
    900   h1       1 0.777778       1 0.619048 0.700000       1 0.425824 0.448276       1     0.064336
    901   h1       1 0.900000       1 0.761905 1.000000       1 0.620879 1.000000       1     0.425746
    902   h1       1 1.000000       1 0.800000 1.000000       1 0.769231 1.000000       1     0.615385
    903   h1       1 1.000000       1 0.700000 1.000000       1 0.769231 0.923077       1     0.497041
    904   h1       1 1.000000       1 0.700000 1.000000       1 0.769231 0.923077       1     0.497041
    905   h1       1 1.000000       1 0.433333 1.000000       1 0.538462 0.381963       1     0.089125
    906   h1       1 0.300000       1 0.700000 1.000000       1 0.642857 0.435013       1     0.058727
    907   h1       1 0.633333       1 0.700000 1.000000       1 0.769231 0.769231       1     0.262327
    908   h1       1 0.666667       1 0.700000 1.000000       1 0.769231 0.769231       1     0.276134
    909   h1       1 0.666667       1 0.700000 1.000000       1 0.769231 0.769231       1     0.276134
    910   h1       1 0.666667       1 0.433333 1.000000       1 0.483516 0.641910       1     0.089664
    911   h1       1 0.900000       1 0.700000 0.800000       1 0.769231 0.769231       1     0.298225
    912   h1       1 1.000000       1 0.700000 0.800000       1 0.769231 0.769231       1     0.331361
    913   h1       1 1.000000       1 0.700000 0.800000       1 0.769231 0.769231       1     0.331361
    914   h1       1 1.000000       1 0.700000 0.800000       1 0.769231 0.769231       1     0.331361
    915   h1       1 1.000000       1 0.433333 0.800000       1 0.412088 0.339523       1     0.048503