 ChipID Half   Layer0   Layer1   Layer2   Layer3   Layer4  Layer5  Layer6  Layer7  Layer8  Pseaudo_Eff
    214   h0 0.666667 0.954545 0.956522 0.696970 0.698182       1       1       1       1     0.296198
    215   h0 0.700000 1.000000 1.000000 0.727273 0.727273       1       1       1       1     0.370248
    216   h0 0.700000 0.954545 0.869565 0.545455 0.727273       1       1       1       1     0.230490
    217   h0 0.952381 0.668182 0.782609 0.696970 0.698182       1       1       1       1     0.242344
    218   h0 1.000000 0.700000 0.818182 0.727273 0.727273       1       1       1       1     0.302930
    219   h0 1.000000 0.695455 0.818182 0.568182 0.727273       1       1       1       1     0.235127
    220   h0 0.952381 0.859091 0.695652 0.871212 0.698182       1       1       1       1     0.346206
    221   h0 1.000000 0.900000 0.727273 0.909091 0.727273       1       1       1       1     0.432757
    222   h0 1.000000 0.900000 0.715415 0.909091 0.727273       1       1       1       1     0.425701
    223   h0 0.761905 0.668182 0.956522 0.958333 0.698182       1       1       1       1     0.325818
    224   h0 0.800000 0.700000 1.000000 1.000000 0.727273       1       1       1       1     0.407273
    225   h0 0.800000 0.686364 0.869565 0.750000 0.629091       1       1       1       1     0.225279
    226   h0 0.666667 0.859091 0.608696 0.174242 0.785455       1       1       1       1     0.047711
    227   h0 0.700000 0.900000 0.636364 0.181818 0.818182       1       1       1       1     0.059639
    228   h0 0.700000 0.859091 0.553360 0.136364 0.523636       1       1       1       1     0.023761
    244   h0 0.761905 0.668182 0.695652 0.958333 0.698182       1       1       1       1     0.236959
    245   h0 0.800000 0.700000 0.727273 1.000000 0.727273       1       1       1       1     0.296198
    246   h0 0.800000 0.700000 0.727273 1.000000 0.727273       1       1       1       1     0.296198
    247   h0 0.800000 0.700000 0.727273 1.000000 0.669091       1       1       1       1     0.272502
    248   h0 0.666667 0.954545 0.782609 0.784091 0.960000       1       1       1       1     0.374876
    249   h0 0.700000 1.000000 0.818182 0.818182 1.000000       1       1       1       1     0.468595
    250   h0 0.700000 1.000000 0.818182 0.818182 1.000000       1       1       1       1     0.468595
    251   h0 0.700000 1.000000 0.727273 0.818182 1.000000       1       1       1       1     0.416529
    252   h0 0.952381 0.668182 0.956522 0.696970 0.785455       1       1       1       1     0.333223
    253   h0 1.000000 0.700000 1.000000 0.727273 0.818182       1       1       1       1     0.416529
    254   h0 1.000000 0.700000 1.000000 0.727273 0.818182       1       1       1       1     0.416529
    255   h0 1.000000 0.700000 1.000000 0.727273 0.818182       1       1       1       1     0.416529
    256   h0 0.495238 0.618182 0.533597 0.727273 0.618182       1       1       1       1     0.073444
    257   h0 0.800000 0.700000 0.727273 0.727273 0.727273       1       1       1       1     0.215417
    258   h0 0.800000 0.700000 0.727273 0.727273 0.727273       1       1       1       1     0.215417
    259   h0 0.800000 0.618182 0.699605 0.393939 0.727273       1       1       1       1     0.099126
    260   h0 0.680952 1.000000 0.719368 1.000000 0.727273       1       1       1       1     0.356258
    261   h0 0.700000 1.000000 0.727273 1.000000 0.727273       1       1       1       1     0.370248
    262   h0 0.700000 1.000000 0.727273 1.000000 0.727273       1       1       1       1     0.370248
    263   h0 0.700000 1.000000 0.727273 1.000000 0.534545       1       1       1       1     0.272132
    264   h0 0.952381 0.800000 1.000000 0.727273 1.000000       1       1       1       1     0.554113
    265   h0 1.000000 0.800000 1.000000 0.727273 1.000000       1       1       1       1     0.581818
    266   h0 1.000000 0.800000 1.000000 0.727273 1.000000       1       1       1       1     0.581818
    267   h0 1.000000 0.800000 1.000000 0.727273 0.800000       1       1       1       1     0.465455
    268   h0 0.800000 0.677273 0.818182 0.727273 0.909091       1       1       1       1     0.293095
    269   h0 0.800000 0.700000 0.818182 0.727273 0.909091       1       1       1       1     0.302930
    270   h0 0.800000 0.700000 0.818182 0.727273 0.909091       1       1       1       1     0.302930
    271   h0 0.800000 0.700000 0.818182 0.693182 0.690909       1       1       1       1     0.219435
    272   h0 0.557143 0.772727 0.648221 0.715909 0.705455       1       1       1       1     0.140943
    273   h0 0.700000 1.000000 0.727273 0.818182 0.727273       1       1       1       1     0.302930
    274   h0 0.700000 1.000000 0.727273 0.818182 0.727273       1       1       1       1     0.302930
    275   h0 0.671429 1.000000 0.569170 0.818182 0.727273       1       1       1       1     0.227399
    276   h0 0.952381 0.763636 0.782609 0.958333 0.698182       1       1       1       1     0.380826
    277   h0 1.000000 0.800000 0.818182 1.000000 0.727273       1       1       1       1     0.476033
    278   h0 1.000000 0.800000 0.818182 1.000000 0.727273       1       1       1       1     0.476033
    279   h0 1.000000 0.800000 0.818182 1.000000 0.727273       1       1       1       1     0.476033
    280   h0 0.761905 0.668182 0.956522 0.696970 0.872727       1       1       1       1     0.296198
    281   h0 0.800000 0.700000 1.000000 0.727273 0.909091       1       1       1       1     0.370248
    282   h0 0.800000 0.700000 1.000000 0.727273 0.909091       1       1       1       1     0.370248
    283   h0 0.800000 0.700000 1.000000 0.727273 0.909091       1       1       1       1     0.370248
    284   h0 0.666667 0.954545 0.695652 0.696970 0.960000       1       1       1       1     0.296198
    285   h0 0.700000 1.000000 0.727273 0.727273 1.000000       1       1       1       1     0.370248
    286   h0 0.700000 1.000000 0.727273 0.727273 1.000000       1       1       1       1     0.370248
    287   h0 0.700000 1.000000 0.727273 0.727273 0.960000       1       1       1       1     0.355438
    682   h1 0.666667 0.909091 0.956522 0.666667 0.698182       1       1       1       1     0.269829
    683   h1 0.700000 1.000000 1.000000 0.727273 0.727273       1       1       1       1     0.370248
    684   h1 0.700000 1.000000 0.826087 0.545455 0.698182       1       1       1       1     0.220217
    685   h1 0.952381 0.636364 0.747036 0.666667 0.698182       1       1       1       1     0.210734
    686   h1 1.000000 0.700000 0.818182 0.727273 0.727273       1       1       1       1     0.302930
    687   h1 1.000000 0.700000 0.818182 0.545455 0.727273       1       1       1       1     0.227198
    688   h1 0.952381 0.727273 0.695652 0.871212 0.698182       1       1       1       1     0.293084
    689   h1 1.000000 0.800000 0.727273 0.909091 0.727273       1       1       1       1     0.384673
    690   h1 1.000000 0.800000 0.715415 0.909091 0.727273       1       1       1       1     0.378401
    691   h1 0.666667 0.636364 0.956522 0.871212 0.698182       1       1       1       1     0.246832
    692   h1 0.700000 0.700000 1.000000 0.909091 0.727273       1       1       1       1     0.323967
    693   h1 0.700000 0.700000 0.869565 0.681818 0.669091       1       1       1       1     0.194380
    694   h1 0.666667 0.909091 0.695652 0.174242 0.872727       1       1       1       1     0.064112
    695   h1 0.700000 1.000000 0.727273 0.181818 0.909091       1       1       1       1     0.084147
    696   h1 0.700000 1.000000 0.632411 0.136364 0.618182       1       1       1       1     0.037317
    712   h1 0.666667 0.636364 0.664032 0.958333 0.785455       1       1       1       1     0.212051
    713   h1 0.700000 0.700000 0.727273 1.000000 0.818182       1       1       1       1     0.291570
    714   h1 0.700000 0.700000 0.727273 1.000000 0.818182       1       1       1       1     0.291570
    715   h1 0.700000 0.700000 0.727273 1.000000 0.752727       1       1       1       1     0.268245
    716   h1 0.666667 0.909091 0.747036 0.696970 0.960000       1       1       1       1     0.302930
    717   h1 0.700000 1.000000 0.818182 0.727273 1.000000       1       1       1       1     0.416529
    718   h1 0.700000 1.000000 0.818182 0.727273 1.000000       1       1       1       1     0.416529
    719   h1 0.700000 1.000000 0.818182 0.727273 1.000000       1       1       1       1     0.416529
    720   h1 0.952381 0.636364 0.956522 0.681818 0.698182       1       1       1       1     0.275961
    721   h1 1.000000 0.700000 1.000000 0.727273 0.727273       1       1       1       1     0.370248
    722   h1 1.000000 0.700000 1.000000 0.727273 0.727273       1       1       1       1     0.370248
    723   h1 1.000000 0.700000 1.000000 0.727273 0.727273       1       1       1       1     0.370248
    724   h1 0.466667 0.659091 0.561265 0.818182 0.640000       1       1       1       1     0.090396
    725   h1 0.700000 0.700000 0.727273 0.818182 0.727273       1       1       1       1     0.212051
    726   h1 0.700000 0.700000 0.727273 0.818182 0.727273       1       1       1       1     0.212051
    727   h1 0.700000 0.618182 0.671937 0.443182 0.727273       1       1       1       1     0.093718
    728   h1 0.680952 0.954545 0.727273 1.000000 0.727273       1       1       1       1     0.343802
    729   h1 0.700000 1.000000 0.727273 1.000000 0.727273       1       1       1       1     0.370248
    730   h1 0.700000 1.000000 0.727273 1.000000 0.727273       1       1       1       1     0.370248
    731   h1 0.700000 1.000000 0.727273 1.000000 0.523636       1       1       1       1     0.266579
    732   h1 0.952381 0.700000 1.000000 0.727273 1.000000       1       1       1       1     0.484848
    733   h1 1.000000 0.700000 1.000000 0.727273 1.000000       1       1       1       1     0.509091
    734   h1 1.000000 0.700000 1.000000 0.727273 1.000000       1       1       1       1     0.509091
    735   h1 1.000000 0.700000 1.000000 0.693182 0.800000       1       1       1       1     0.388182
    736   h1 0.700000 0.700000 0.818182 0.727273 0.818182       1       1       1       1     0.238557
    737   h1 0.700000 0.700000 0.818182 0.727273 0.818182       1       1       1       1     0.238557
    738   h1 0.700000 0.700000 0.818182 0.727273 0.818182       1       1       1       1     0.238557
    739   h1 0.700000 0.700000 0.818182 0.693182 0.621818       1       1       1       1     0.172805
    740   h1 0.557143 0.818182 0.648221 0.795455 0.694545       1       1       1       1     0.163251
    741   h1 0.700000 1.000000 0.727273 0.909091 0.727273       1       1       1       1     0.336589
    742   h1 0.700000 1.000000 0.727273 0.909091 0.727273       1       1       1       1     0.336589
    743   h1 0.661905 1.000000 0.569170 0.909091 0.727273       1       1       1       1     0.249082
    744   h1 0.952381 0.636364 0.782609 0.958333 0.698182       1       1       1       1     0.317355
    745   h1 1.000000 0.800000 0.818182 1.000000 0.727273       1       1       1       1     0.476033
    746   h1 1.000000 0.700000 0.818182 1.000000 0.727273       1       1       1       1     0.416529
    747   h1 1.000000 0.700000 0.818182 1.000000 0.727273       1       1       1       1     0.416529
    748   h1 0.700000 0.636364 0.956522 0.696970 0.960000       1       1       1       1     0.285091
    749   h1 0.700000 0.700000 1.000000 0.727273 1.000000       1       1       1       1     0.356364
    750   h1 0.700000 0.700000 1.000000 0.727273 1.000000       1       1       1       1     0.356364
    751   h1 0.700000 0.700000 1.000000 0.727273 1.000000       1       1       1       1     0.356364
    752   h1 0.695238 0.909091 0.695652 0.696970 0.872727       1       1       1       1     0.267439
    753   h1 0.700000 1.000000 0.727273 0.727273 0.909091       1       1       1       1     0.336589
    754   h1 0.700000 1.000000 0.727273 0.727273 0.909091       1       1       1       1     0.336589
    755   h1 0.700000 1.000000 0.727273 0.727273 0.836364       1       1       1       1     0.309662