 ChipID Half  Layer0   Layer1  Layer2  Layer3   Layer4   Layer5  Layer6   Layer7  Layer8  Pseaudo_Eff
    332   h0       1 0.950000   0.950       1 0.668182 0.867769       1 0.742706       1     0.388653
    333   h0       1 1.000000   1.000       1 0.700000 0.909091       1 0.769231       1     0.489510
    334   h0       1 1.000000   1.000       1 0.700000 0.867769       1 0.769231       1     0.467260
    335   h0       1 0.633333   0.665       1 0.668182 0.867769       1 0.742706       1     0.181372
    336   h0       1 0.666667   0.700       1 0.700000 0.909091       1 0.769231       1     0.228438
    337   h0       1 0.666667   0.700       1 0.700000 0.909091       1 0.769231       1     0.228438
    338   h0       1 0.950000   0.665       1 0.954545 0.661157       1 0.891247       1     0.355340
    339   h0       1 1.000000   0.700       1 1.000000 0.727273       1 0.923077       1     0.469930
    340   h0       1 1.000000   0.700       1 1.000000 0.727273       1 0.923077       1     0.469930
    341   h0       1 0.633333   0.950       1 0.668182 0.665289       1 0.965517       1     0.258239
    342   h0       1 0.666667   1.000       1 0.700000 0.727273       1 1.000000       1     0.339394
    343   h0       1 0.666667   1.000       1 0.677273 0.723140       1 1.000000       1     0.326509
    356   h0       1 0.950000   0.665       1 0.954545 0.694215       1 0.742706       1     0.310923
    357   h0       1 1.000000   0.700       1 1.000000 0.727273       1 0.769231       1     0.391608
    358   h0       1 1.000000   0.700       1 1.000000 0.727273       1 0.769231       1     0.391608
    359   h0       1 1.000000   0.700       1 1.000000 0.727273       1 0.315650       1     0.160694
    360   h0       1 0.738889   0.950       1 0.668182 0.780992       1 0.816976       1     0.299263
    361   h0       1 0.777778   1.000       1 0.700000 0.818182       1 0.846154       1     0.376923
    362   h0       1 0.777778   1.000       1 0.700000 0.818182       1 0.846154       1     0.376923
    363   h0       1 0.777778   1.000       1 0.700000 0.818182       1 0.846154       1     0.376923
    364   h0       1 0.533333   0.675       1 0.604545 0.710744       1 0.859416       1     0.132938
    365   h0       1 0.666667   0.900       1 0.700000 0.727273       1 0.923077       1     0.281958
    366   h0       1 0.666667   0.900       1 0.700000 0.727273       1 0.923077       1     0.281958
    367   h0       1 0.666667   0.900       1 0.700000 0.727273       1 0.923077       1     0.281958
    368   h0       1 1.000000   0.700       1 0.700000 1.000000       1 0.769231       1     0.376923
    369   h0       1 1.000000   0.700       1 0.700000 1.000000       1 0.769231       1     0.376923
    370   h0       1 1.000000   0.700       1 0.700000 1.000000       1 0.769231       1     0.376923
    371   h0       1 1.000000   0.700       1 0.700000 1.000000       1 0.769231       1     0.376923
    372   h0       1 0.777778   1.000       1 1.000000 0.727273       1 0.769231       1     0.435120
    373   h0       1 0.777778   1.000       1 1.000000 0.727273       1 0.769231       1     0.435120
    374   h0       1 0.777778   1.000       1 1.000000 0.727273       1 0.769231       1     0.435120
    375   h0       1 0.777778   1.000       1 1.000000 0.727273       1 0.769231       1     0.435120
    376   h0       1 0.638889   0.700       1 0.800000 0.727273       1 0.769231       1     0.200155
    377   h0       1 0.666667   0.700       1 0.800000 0.727273       1 0.769231       1     0.208858
    378   h0       1 0.666667   0.700       1 0.800000 0.727273       1 0.769231       1     0.208858
    379   h0       1 0.666667   0.700       1 0.800000 0.727273       1 0.769231       1     0.208858
    380   h0       1 0.850000   0.610       1 0.663636 1.000000       1 0.702918       1     0.241871
    381   h0       1 1.000000   0.700       1 0.700000 1.000000       1 0.769231       1     0.376923
    382   h0       1 1.000000   0.700       1 0.700000 1.000000       1 0.769231       1     0.376923
    383   h0       1 1.000000   0.690       1 0.700000 1.000000       1 0.769231       1     0.371538
    384   h0       1 0.844444   0.760       1 0.668182 0.780992       1 0.742706       1     0.248738
    385   h0       1 0.888889   0.800       1 0.700000 0.818182       1 0.769231       1     0.313287
    386   h0       1 0.888889   0.800       1 0.700000 0.818182       1 0.769231       1     0.313287
    387   h0       1 0.888889   0.800       1 0.700000 0.818182       1 0.769231       1     0.313287
    388   h0       1 0.633333   0.950       1 0.859091 0.909091       1 0.816976       1     0.383894
    389   h0       1 0.666667   1.000       1 0.900000 1.000000       1 0.846154       1     0.507692
    390   h0       1 0.666667   1.000       1 0.900000 1.000000       1 0.846154       1     0.507692
    391   h0       1 0.666667   1.000       1 0.900000 1.000000       1 0.846154       1     0.507692
    428   h0       1 0.633333   0.665       1 0.668182 0.954545       1 0.891247       1     0.239410
    429   h0       1 0.666667   0.700       1 0.700000 1.000000       1 0.923077       1     0.301538
    430   h0       1 0.666667   0.700       1 0.700000 1.000000       1 0.923077       1     0.301538
    431   h0       1 0.666667   0.700       1 0.700000 1.000000       1 0.923077       1     0.301538
    432   h0       1 0.666667   0.595       1 0.700000 1.000000       1 0.381963       1     0.106058
    433   h0       1 0.950000   0.855       1 0.954545 0.694215       1 0.965517       1     0.519685
    434   h0       1 1.000000   0.900       1 1.000000 0.727273       1 1.000000       1     0.654545
    435   h0       1 1.000000   0.900       1 1.000000 0.727273       1 1.000000       1     0.654545
    436   h0       1 1.000000   0.900       1 1.000000 0.727273       1 1.000000       1     0.654545
    437   h0       1 1.000000   0.765       1 1.000000 0.727273       1 0.413793       1     0.230219
    438   h0       1 0.422222   0.950       1 0.954545 0.780992       1 0.456233       1     0.136425
    439   h0       1 0.644444   1.000       1 1.000000 0.818182       1 0.769231       1     0.405594
    440   h0       1 0.666667   1.000       1 1.000000 0.818182       1 0.769231       1     0.419580
    441   h0       1 0.666667   1.000       1 1.000000 0.818182       1 0.769231       1     0.419580
    442   h0       1 0.666667   0.850       1 1.000000 0.818182       1 0.588859       1     0.273017
    443   h0       1 0.844444   0.665       1 0.859091 0.694215       1 0.742706       1     0.248738
    444   h0       1 0.888889   0.700       1 0.900000 0.727273       1 0.769231       1     0.313287
    445   h0       1 0.888889   0.700       1 0.900000 0.727273       1 0.769231       1     0.313287
    446   h0       1 0.888889   0.700       1 0.900000 0.727273       1 0.769231       1     0.313287
    447   h0       1 1.000000   0.595       1 0.900000 0.727273       1 0.318302       1     0.123964
    800   h1       1 0.900000   1.000       1 0.700000 0.909091       1 0.769231       1     0.440559
    801   h1       1 1.000000   1.000       1 0.700000 0.859504       1 0.769231       1     0.462810
    802   h1       1 1.000000   1.000       1 0.690909 0.743802       1 0.769231       1     0.395307
    803   h1       1 0.600000   0.670       1 0.800000 1.000000       1 0.769231       1     0.247385
    804   h1       1 0.666667   0.700       1 0.800000 1.000000       1 0.769231       1     0.287179
    805   h1       1 0.666667   0.700       1 0.800000 1.000000       1 0.769231       1     0.287179
    806   h1       1 0.900000   0.700       1 0.900000 0.818182       1 1.000000       1     0.463909
    807   h1       1 1.000000   0.700       1 0.900000 0.768595       1 1.000000       1     0.484215
    808   h1       1 1.000000   0.700       1 0.900000 0.739669       1 1.000000       1     0.465992
    809   h1       1 0.600000   1.000       1 0.700000 0.727273       1 0.923077       1     0.281958
    810   h1       1 0.666667   1.000       1 0.700000 0.677686       1 0.923077       1     0.291926
    811   h1       1 0.666667   1.000       1 0.681818 0.636364       1 0.923077       1     0.267006
    824   h1       1 0.900000   0.665       1 1.000000 0.727273       1 0.769231       1     0.334825
    825   h1       1 1.000000   0.700       1 1.000000 0.727273       1 0.769231       1     0.391608
    826   h1       1 1.000000   0.700       1 1.000000 0.727273       1 0.769231       1     0.391608
    827   h1       1 1.000000   0.700       1 1.000000 0.727273       1 0.238727       1     0.121534
    828   h1       1 0.600000   0.950       1 0.700000 0.727273       1 0.846154       1     0.245538
    829   h1       1 0.666667   1.000       1 0.700000 0.727273       1 0.846154       1     0.287179
    830   h1       1 0.666667   1.000       1 0.700000 0.727273       1 0.846154       1     0.287179
    831   h1       1 0.666667   1.000       1 0.700000 0.727273       1 0.846154       1     0.287179
    832   h1       1 0.550000   0.720       1 0.604545 0.702479       1 0.816976       1     0.137394
    833   h1       1 0.666667   0.900       1 0.700000 0.727273       1 0.846154       1     0.258462
    834   h1       1 0.666667   0.900       1 0.700000 0.727273       1 0.846154       1     0.258462
    835   h1       1 0.666667   0.900       1 0.700000 0.727273       1 0.846154       1     0.258462
    836   h1       1 0.950000   0.700       1 0.700000 1.000000       1 0.769231       1     0.358077
    837   h1       1 1.000000   0.700       1 0.700000 1.000000       1 0.769231       1     0.376923
    838   h1       1 1.000000   0.700       1 0.700000 1.000000       1 0.769231       1     0.376923
    839   h1       1 1.000000   0.700       1 0.700000 1.000000       1 0.769231       1     0.376923
    840   h1       1 0.777778   1.000       1 1.000000 0.818182       1 0.769231       1     0.489510
    841   h1       1 0.777778   1.000       1 1.000000 0.818182       1 0.769231       1     0.489510
    842   h1       1 0.666667   1.000       1 1.000000 0.818182       1 0.769231       1     0.419580
    843   h1       1 0.666667   1.000       1 1.000000 0.818182       1 0.769231       1     0.419580
    844   h1       1 0.633333   0.700       1 0.700000 0.727273       1 0.769231       1     0.173613
    845   h1       1 0.666667   0.700       1 0.700000 0.727273       1 0.769231       1     0.182751
    846   h1       1 0.666667   0.700       1 0.700000 0.727273       1 0.769231       1     0.182751
    847   h1       1 0.666667   0.700       1 0.700000 0.727273       1 0.769231       1     0.182751
    848   h1       1 0.850000   0.640       1 0.677273 0.909091       1 0.702918       1     0.235437
    849   h1       1 1.000000   0.700       1 0.700000 0.909091       1 0.769231       1     0.342657
    850   h1       1 1.000000   0.700       1 0.700000 0.909091       1 0.769231       1     0.342657
    851   h1       1 1.000000   0.685       1 0.700000 0.909091       1 0.769231       1     0.335315
    852   h1       1 0.700000   0.800       1 0.700000 0.727273       1 0.769231       1     0.219301
    853   h1       1 0.777778   0.800       1 0.700000 0.727273       1 0.769231       1     0.243667
    854   h1       1 0.777778   0.800       1 0.700000 0.727273       1 0.769231       1     0.243667
    855   h1       1 0.777778   0.800       1 0.700000 0.727273       1 0.769231       1     0.243667
    856   h1       1 0.600000   1.000       1 0.900000 1.000000       1 0.923077       1     0.498462
    857   h1       1 0.666667   1.000       1 0.900000 1.000000       1 0.923077       1     0.553846
    858   h1       1 0.666667   1.000       1 0.900000 1.000000       1 0.923077       1     0.553846
    859   h1       1 0.666667   1.000       1 0.900000 1.000000       1 0.923077       1     0.553846
    896   h1       1 0.700000   0.685       1 0.700000 1.000000       1 1.000000       1     0.335650
    897   h1       1 0.777778   0.700       1 0.700000 1.000000       1 1.000000       1     0.381111
    898   h1       1 0.777778   0.700       1 0.700000 1.000000       1 1.000000       1     0.381111
    899   h1       1 0.777778   0.700       1 0.700000 1.000000       1 1.000000       1     0.381111
    900   h1       1 0.777778   0.560       1 0.700000 1.000000       1 0.448276       1     0.136674
    901   h1       1 0.900000   0.900       1 1.000000 0.727273       1 1.000000       1     0.589091
    902   h1       1 1.000000   0.900       1 1.000000 0.727273       1 1.000000       1     0.654545
    903   h1       1 1.000000   0.900       1 1.000000 0.727273       1 0.923077       1     0.604196
    904   h1       1 1.000000   0.900       1 1.000000 0.727273       1 0.923077       1     0.604196
    905   h1       1 1.000000   0.720       1 1.000000 0.727273       1 0.381963       1     0.200010
    906   h1       1 0.300000   1.000       1 1.000000 0.909091       1 0.435013       1     0.118640
    907   h1       1 0.633333   1.000       1 1.000000 0.909091       1 0.769231       1     0.442890
    908   h1       1 0.666667   1.000       1 1.000000 0.909091       1 0.769231       1     0.466200
    909   h1       1 0.666667   1.000       1 1.000000 0.909091       1 0.769231       1     0.466200
    910   h1       1 0.666667   0.800       1 1.000000 0.909091       1 0.641910       1     0.311229
    911   h1       1 0.900000   0.700       1 0.800000 0.727273       1 0.769231       1     0.281958
    912   h1       1 1.000000   0.700       1 0.800000 0.727273       1 0.769231       1     0.313287
    913   h1       1 1.000000   0.700       1 0.800000 0.727273       1 0.769231       1     0.313287
    914   h1       1 1.000000   0.700       1 0.800000 0.727273       1 0.769231       1     0.313287
    915   h1       1 1.000000   0.560       1 0.800000 0.727273       1 0.339523       1     0.110623