 ChipID Half  Layer0   Layer1  Layer2   Layer3   Layer4   Layer5   Layer6  Layer7  Layer8  Pseaudo_Eff
    344   h0       1 0.842105       1 0.761905 0.954545 0.668182 0.740741       1       1     0.303127
    345   h0       1 0.888889       1 0.800000 1.000000 0.700000 0.769231       1       1     0.382906
    346   h0       1 0.888889       1 0.800000 1.000000 0.700000 0.769231       1       1     0.382906
    347   h0       1 0.842105       1 0.666667 0.668182 0.859091 0.740741       1       1     0.238712
    348   h0       1 0.888889       1 0.700000 0.700000 0.900000 0.769231       1       1     0.301538
    349   h0       1 0.888889       1 0.700000 0.700000 0.900000 0.769231       1       1     0.301538
    350   h0       1 0.947368       1 0.666667 0.954545 0.727273 0.740741       1       1     0.324779
    351   h0       1 1.000000       1 0.700000 1.000000 0.800000 0.769231       1       1     0.430769
    352   h0       1 1.000000       1 0.700000 1.000000 0.800000 0.769231       1       1     0.430769
    353   h0       1 0.631579       1 0.952381 0.668182 0.645455 0.740741       1       1     0.192161
    354   h0       1 0.666667       1 1.000000 0.700000 0.700000 0.769231       1       1     0.251282
    355   h0       1 0.666667       1 1.000000 0.668182 0.700000 0.769231       1       1     0.239860
    392   h0       1 0.631579       1 0.952381 0.668182 0.954545 0.814815       1       1     0.312600
    393   h0       1 0.666667       1 1.000000 0.700000 1.000000 0.846154       1       1     0.394872
    394   h0       1 0.666667       1 1.000000 0.700000 1.000000 0.846154       1       1     0.394872
    395   h0       1 0.666667       1 1.000000 0.700000 1.000000 0.846154       1       1     0.394872
    396   h0       1 0.947368       1 0.666667 0.954545 0.668182 0.962963       1       1     0.387908
    397   h0       1 1.000000       1 0.700000 1.000000 0.700000 1.000000       1       1     0.490000
    398   h0       1 1.000000       1 0.700000 1.000000 0.700000 1.000000       1       1     0.490000
    399   h0       1 1.000000       1 0.700000 1.000000 0.700000 1.000000       1       1     0.490000
    400   h0       1 0.614035       1 0.614286 0.954545 0.654545 0.649573       1       1     0.153083
    401   h0       1 0.777778       1 0.700000 1.000000 0.700000 0.769231       1       1     0.293162
    402   h0       1 0.777778       1 0.700000 1.000000 0.700000 0.769231       1       1     0.293162
    403   h0       1 0.777778       1 0.676190 1.000000 0.700000 0.769231       1       1     0.283191
    404   h0       1 0.666667       1 0.700000 0.700000 0.700000 0.746439       1       1     0.170686
    405   h0       1 0.666667       1 0.700000 0.700000 0.700000 0.769231       1       1     0.175897
    406   h0       1 0.666667       1 0.700000 0.700000 0.700000 0.769231       1       1     0.175897
    407   h0       1 0.666667       1 0.700000 0.700000 0.700000 0.769231       1       1     0.175897
    408   h0       1 0.947368       1 1.000000 0.700000 1.000000 0.746439       1       1     0.495007
    409   h0       1 1.000000       1 1.000000 0.700000 1.000000 0.769231       1       1     0.538462
    410   h0       1 1.000000       1 1.000000 0.700000 1.000000 0.769231       1       1     0.538462
    411   h0       1 1.000000       1 1.000000 0.700000 1.000000 0.769231       1       1     0.538462
    412   h0       1 0.654971       1 0.700000 1.000000 0.700000 0.712251       1       1     0.228587
    413   h0       1 0.666667       1 0.700000 1.000000 0.700000 0.769231       1       1     0.251282
    414   h0       1 0.666667       1 0.700000 1.000000 0.700000 0.769231       1       1     0.251282
    415   h0       1 0.666667       1 0.700000 1.000000 0.700000 0.769231       1       1     0.251282
    416   h0       1 0.684211       1 0.647619 0.677273 0.618182 0.888889       1       1     0.164906
    417   h0       1 1.000000       1 0.800000 0.700000 0.700000 0.923077       1       1     0.361846
    418   h0       1 1.000000       1 0.800000 0.700000 0.700000 0.923077       1       1     0.361846
    419   h0       1 1.000000       1 0.800000 0.700000 0.700000 0.923077       1       1     0.361846
    420   h0       1 0.947368       1 0.857143 0.668182 0.659091 0.740741       1       1     0.264898
    421   h0       1 1.000000       1 0.900000 0.700000 0.700000 0.769231       1       1     0.339231
    422   h0       1 1.000000       1 0.900000 0.700000 0.700000 0.769231       1       1     0.339231
    423   h0       1 1.000000       1 0.900000 0.700000 0.700000 0.769231       1       1     0.339231
    424   h0       1 0.631579       1 0.857143 0.668182 0.909091 0.740741       1       1     0.243584
    425   h0       1 0.666667       1 0.900000 0.700000 1.000000 0.769231       1       1     0.323077
    426   h0       1 0.666667       1 0.900000 0.700000 1.000000 0.769231       1       1     0.323077
    427   h0       1 0.666667       1 0.900000 0.700000 1.000000 0.569801       1       1     0.239316
    448   h0       1 0.631579       1 0.666667 0.668182 0.763636 0.814815       1       1     0.175056
    449   h0       1 0.666667       1 0.700000 0.700000 0.800000 0.846154       1       1     0.221128
    450   h0       1 0.666667       1 0.700000 0.700000 0.800000 0.846154       1       1     0.221128
    451   h0       1 0.666667       1 0.700000 0.700000 0.800000 0.846154       1       1     0.221128
    452   h0       1 0.666667       1 0.500000 0.700000 0.800000 0.532764       1       1     0.099449
    453   h0       1 0.947368       1 0.952381 0.668182 0.954545 0.279202       1       1     0.160672
    454   h0       1 1.000000       1 1.000000 0.700000 1.000000 0.769231       1       1     0.538462
    455   h0       1 1.000000       1 1.000000 0.700000 1.000000 0.769231       1       1     0.538462
    456   h0       1 1.000000       1 1.000000 0.700000 1.000000 0.769231       1       1     0.538462
    457   h0       1 1.000000       1 0.714286 0.700000 1.000000 0.740741       1       1     0.370370
    458   h0       1 0.736842       1 0.952381 0.668182 0.954545 0.923077       1       1     0.413156
    459   h0       1 0.777778       1 1.000000 0.700000 1.000000 0.923077       1       1     0.502564
    460   h0       1 0.777778       1 1.000000 0.700000 1.000000 0.923077       1       1     0.502564
    461   h0       1 0.777778       1 1.000000 0.700000 1.000000 0.923077       1       1     0.502564
    462   h0       1 0.777778       1 0.714286 0.700000 1.000000 0.581197       1       1     0.226021
    463   h0       1 0.631579       1 0.666667 0.954545 0.668182 0.740741       1       1     0.198927
    464   h0       1 0.666667       1 0.700000 1.000000 0.700000 0.769231       1       1     0.251282
    465   h0       1 0.666667       1 0.700000 1.000000 0.700000 0.769231       1       1     0.251282
    466   h0       1 0.666667       1 0.700000 1.000000 0.700000 0.769231       1       1     0.251282
    467   h0       1 0.666667       1 0.500000 1.000000 0.700000 0.484330       1       1     0.113010
    812   h1       1 0.947368       1 0.723810 0.954545 0.800000 0.769231       1       1     0.402797
    813   h1       1 1.000000       1 0.800000 1.000000 0.750000 0.769231       1       1     0.461538
    814   h1       1 1.000000       1 0.800000 1.000000 0.686364 0.769231       1       1     0.422378
    815   h1       1 0.736842       1 0.642857 0.668182 0.900000 0.769231       1       1     0.219120
    816   h1       1 0.777778       1 0.700000 0.700000 0.900000 0.769231       1       1     0.263846
    817   h1       1 0.777778       1 0.700000 0.700000 0.900000 0.769231       1       1     0.263846
    818   h1       1 0.947368       1 0.666667 0.954545 0.800000 0.769231       1       1     0.370997
    819   h1       1 1.000000       1 0.700000 1.000000 0.800000 0.769231       1       1     0.430769
    820   h1       1 1.000000       1 0.700000 1.000000 0.800000 0.769231       1       1     0.430769
    821   h1       1 0.631579       1 0.952381 0.668182 0.700000 0.769231       1       1     0.216415
    822   h1       1 0.666667       1 1.000000 0.700000 0.650000 0.769231       1       1     0.233333
    823   h1       1 0.666667       1 1.000000 0.700000 0.595455 0.769231       1       1     0.213753
    860   h1       1 0.631579       1 0.952381 0.763636 1.000000 0.846154       1       1     0.388664
    861   h1       1 0.666667       1 1.000000 0.800000 1.000000 0.846154       1       1     0.451282
    862   h1       1 0.666667       1 1.000000 0.800000 1.000000 0.846154       1       1     0.451282
    863   h1       1 0.666667       1 1.000000 0.800000 1.000000 0.846154       1       1     0.451282
    864   h1       1 0.947368       1 0.666667 0.954545 0.700000 1.000000       1       1     0.422010
    865   h1       1 1.000000       1 0.700000 1.000000 0.700000 1.000000       1       1     0.490000
    866   h1       1 1.000000       1 0.700000 1.000000 0.700000 1.000000       1       1     0.490000
    867   h1       1 1.000000       1 0.700000 1.000000 0.700000 1.000000       1       1     0.490000
    868   h1       1 0.573099       1 0.642857 0.954545 0.677273 0.683761       1       1     0.162858
    869   h1       1 0.777778       1 0.700000 1.000000 0.700000 0.769231       1       1     0.293162
    870   h1       1 0.777778       1 0.700000 1.000000 0.700000 0.769231       1       1     0.293162
    871   h1       1 0.777778       1 0.676190 1.000000 0.700000 0.769231       1       1     0.283191
    872   h1       1 0.666667       1 0.700000 0.700000 0.700000 0.757835       1       1     0.173292
    873   h1       1 0.666667       1 0.700000 0.700000 0.700000 0.769231       1       1     0.175897
    874   h1       1 0.666667       1 0.700000 0.700000 0.700000 0.769231       1       1     0.175897
    875   h1       1 0.666667       1 0.700000 0.700000 0.700000 0.769231       1       1     0.175897
    876   h1       1 1.000000       1 1.000000 0.700000 1.000000 0.769231       1       1     0.538462
    877   h1       1 1.000000       1 1.000000 0.700000 1.000000 0.769231       1       1     0.538462
    878   h1       1 1.000000       1 1.000000 0.700000 1.000000 0.769231       1       1     0.538462
    879   h1       1 1.000000       1 1.000000 0.700000 1.000000 0.769231       1       1     0.538462
    880   h1       1 0.649123       1 0.700000 1.000000 0.700000 0.814815       1       1     0.259168
    881   h1       1 0.666667       1 0.700000 1.000000 0.700000 0.846154       1       1     0.276410
    882   h1       1 0.666667       1 0.700000 1.000000 0.700000 0.769231       1       1     0.251282
    883   h1       1 0.666667       1 0.700000 1.000000 0.700000 0.769231       1       1     0.251282
    884   h1       1 0.736842       1 0.647619 0.663636 0.618182 0.925926       1       1     0.181266
    885   h1       1 1.000000       1 0.800000 0.700000 0.700000 1.000000       1       1     0.392000
    886   h1       1 1.000000       1 0.800000 0.700000 0.700000 1.000000       1       1     0.392000
    887   h1       1 1.000000       1 0.800000 0.700000 0.700000 1.000000       1       1     0.392000
    888   h1       1 0.947368       1 0.952381 0.668182 0.600000 0.769231       1       1     0.278248
    889   h1       1 1.000000       1 1.000000 0.700000 0.650000 0.769231       1       1     0.350000
    890   h1       1 1.000000       1 1.000000 0.700000 0.695455 0.769231       1       1     0.374476
    891   h1       1 1.000000       1 1.000000 0.700000 0.600000 0.769231       1       1     0.323077
    892   h1       1 0.631579       1 0.761905 0.668182 1.000000 0.769231       1       1     0.247332
    893   h1       1 0.666667       1 0.800000 0.700000 1.000000 0.769231       1       1     0.287179
    894   h1       1 0.666667       1 0.800000 0.700000 1.000000 0.769231       1       1     0.287179
    895   h1       1 0.666667       1 0.900000 0.700000 1.000000 0.555556       1       1     0.233333
    916   h1       1 0.631579       1 0.661905 0.668182 0.800000 0.846154       1       1     0.189085
    917   h1       1 0.666667       1 0.700000 0.700000 0.800000 0.846154       1       1     0.221128
    918   h1       1 0.666667       1 0.700000 0.700000 0.800000 0.846154       1       1     0.221128
    919   h1       1 0.666667       1 0.700000 0.700000 0.800000 0.846154       1       1     0.221128
    920   h1       1 0.666667       1 0.500000 0.700000 0.800000 0.532764       1       1     0.099449
    921   h1       1 0.947368       1 0.904762 0.763636 1.000000 0.307692       1       1     0.201399
    922   h1       1 1.000000       1 1.000000 0.800000 1.000000 0.769231       1       1     0.615385
    923   h1       1 1.000000       1 1.000000 0.800000 1.000000 0.769231       1       1     0.615385
    924   h1       1 1.000000       1 1.000000 0.800000 1.000000 0.769231       1       1     0.615385
    925   h1       1 1.000000       1 0.714286 0.800000 1.000000 0.740741       1       1     0.423280
    926   h1       1 0.631579       1 0.900000 0.668182 1.000000 0.923077       1       1     0.350593
    927   h1       1 0.666667       1 0.900000 0.700000 1.000000 0.923077       1       1     0.387692
    928   h1       1 0.666667       1 1.000000 0.700000 1.000000 0.923077       1       1     0.430769
    929   h1       1 0.666667       1 1.000000 0.700000 1.000000 0.923077       1       1     0.430769
    930   h1       1 0.666667       1 0.714286 0.700000 1.000000 0.547009       1       1     0.182336
    931   h1       1 0.736842       1 0.700000 0.954545 0.700000 0.769231       1       1     0.265109
    932   h1       1 0.777778       1 0.700000 1.000000 0.700000 0.769231       1       1     0.293162
    933   h1       1 0.777778       1 0.700000 1.000000 0.700000 0.769231       1       1     0.293162
    934   h1       1 0.777778       1 0.700000 1.000000 0.700000 0.769231       1       1     0.293162
    935   h1       1 0.777778       1 0.500000 1.000000 0.700000 0.455840       1       1     0.124090