 ChipID Half   Layer0  Layer1  Layer2  Layer3  Layer4   Layer5  Layer6   Layer7   Layer8  Pseaudo_Eff
    344   h0 0.631579       1   0.665       1       1 0.668182       1 0.846154 0.785714     0.186577
    345   h0 0.666667       1   0.700       1       1 0.700000       1 0.846154 0.785714     0.217179
    346   h0 0.666667       1   0.700       1       1 0.700000       1 0.846154 0.785714     0.217179
    347   h0 0.842105       1   0.950       1       1 0.859091       1 0.769231 0.714286     0.377622
    348   h0 0.888889       1   1.000       1       1 0.900000       1 0.769231 0.714286     0.439560
    349   h0 0.888889       1   1.000       1       1 0.900000       1 0.769231 0.783410     0.482099
    350   h0 0.631579       1   0.665       1       1 0.727273       1 0.769231 0.785714     0.184615
    351   h0 0.666667       1   0.700       1       1 0.800000       1 0.769231 0.785714     0.225641
    352   h0 0.666667       1   0.700       1       1 0.800000       1 0.769231 0.785714     0.225641
    353   h0 0.947368       1   0.760       1       1 0.645455       1 0.923077 0.857143     0.367696
    354   h0 1.000000       1   0.800       1       1 0.700000       1 0.923077 0.785714     0.406154
    355   h0 1.000000       1   0.800       1       1 0.700000       1 0.923077 0.785714     0.406154
    392   h0 0.842105       1   0.665       1       1 0.954545       1 0.769231 0.857143     0.352448
    393   h0 0.888889       1   0.700       1       1 1.000000       1 0.769231 0.857143     0.410256
    394   h0 0.888889       1   0.700       1       1 1.000000       1 0.769231 0.790323     0.378274
    395   h0 0.888889       1   0.700       1       1 1.000000       1 0.675824 0.785714     0.330403
    396   h0 0.631579       1   0.855       1       1 0.668182       1 0.769231 0.785714     0.218077
    397   h0 0.666667       1   0.900       1       1 0.700000       1 0.769231 0.785714     0.253846
    398   h0 0.666667       1   0.900       1       1 0.700000       1 0.769231 0.785714     0.253846
    399   h0 0.666667       1   0.900       1       1 0.700000       1 0.769231 0.785714     0.253846
    400   h0 0.789474       1   0.850       1       1 0.654545       1 0.769231 0.721198     0.243673
    401   h0 1.000000       1   1.000       1       1 0.700000       1 0.769231 0.785714     0.423077
    402   h0 1.000000       1   1.000       1       1 0.700000       1 0.769231 0.785714     0.423077
    403   h0 1.000000       1   1.000       1       1 0.700000       1 0.769231 0.769585     0.414392
    404   h0 0.736842       1   0.700       1       1 0.700000       1 0.923077 0.767281     0.255719
    405   h0 0.777778       1   0.700       1       1 0.700000       1 0.923077 0.785714     0.276410
    406   h0 0.777778       1   0.700       1       1 0.700000       1 0.923077 0.785714     0.276410
    407   h0 0.777778       1   0.700       1       1 0.700000       1 0.923077 0.785714     0.276410
    408   h0 0.736842       1   0.700       1       1 1.000000       1 1.000000 0.767281     0.395756
    409   h0 0.777778       1   0.700       1       1 1.000000       1 1.000000 0.785714     0.427778
    410   h0 0.777778       1   0.700       1       1 1.000000       1 1.000000 0.785714     0.427778
    411   h0 0.777778       1   0.700       1       1 1.000000       1 1.000000 0.785714     0.427778
    412   h0 0.947368       1   1.000       1       1 0.700000       1 0.923077 0.767281     0.469688
    413   h0 1.000000       1   1.000       1       1 0.700000       1 0.923077 0.785714     0.507692
    414   h0 1.000000       1   1.000       1       1 0.700000       1 0.923077 0.785714     0.507692
    415   h0 1.000000       1   1.000       1       1 0.700000       1 0.923077 0.758065     0.489826
    416   h0 0.502924       1   0.610       1       1 0.618182       1 0.769231 0.682028     0.099496
    417   h0 0.666667       1   0.700       1       1 0.700000       1 0.769231 0.785714     0.197436
    418   h0 0.666667       1   0.700       1       1 0.700000       1 0.769231 0.785714     0.197436
    419   h0 0.666667       1   0.700       1       1 0.700000       1 0.769231 0.785714     0.197436
    420   h0 0.842105       1   0.665       1       1 0.659091       1 0.769231 0.785714     0.223077
    421   h0 0.888889       1   0.700       1       1 0.700000       1 0.769231 0.785714     0.263248
    422   h0 0.888889       1   0.700       1       1 0.700000       1 0.769231 0.785714     0.263248
    423   h0 0.888889       1   0.700       1       1 0.700000       1 0.769231 0.852535     0.285636
    424   h0 0.842105       1   0.950       1       1 0.909091       1 0.769231 0.785714     0.439560
    425   h0 0.888889       1   1.000       1       1 1.000000       1 0.769231 0.785714     0.537241
    426   h0 0.888889       1   1.000       1       1 1.000000       1 0.769231 0.785714     0.537241
    427   h0 0.888889       1   1.000       1       1 1.000000       1 0.675824 0.721198     0.433247
    448   h0 0.947368       1   0.855       1       1 0.763636       1 0.769231 0.785714     0.373846
    449   h0 1.000000       1   0.900       1       1 0.800000       1 0.769231 0.785714     0.435165
    450   h0 1.000000       1   0.900       1       1 0.800000       1 0.769231 0.785714     0.435165
    451   h0 1.000000       1   0.900       1       1 0.800000       1 0.769231 0.785714     0.435165
    452   h0 1.000000       1   0.810       1       1 0.800000       1 0.384615 0.785714     0.195824
    453   h0 0.210526       1   0.475       1       1 0.954545       1 0.642857 0.564516     0.034641
    454   h0 0.619883       1   0.690       1       1 1.000000       1 0.769231 0.785714     0.258512
    455   h0 0.666667       1   0.700       1       1 1.000000       1 0.769231 0.785714     0.282051
    456   h0 0.666667       1   0.700       1       1 1.000000       1 0.769231 0.785714     0.282051
    457   h0 0.666667       1   0.650       1       1 1.000000       1 0.461538 0.758065     0.151613
    458   h0 0.947368       1   0.950       1       1 0.954545       1 0.670330 0.714286     0.411339
    459   h0 1.000000       1   1.000       1       1 1.000000       1 0.769231 0.714286     0.549451
    460   h0 1.000000       1   1.000       1       1 1.000000       1 0.769231 0.714286     0.549451
    461   h0 1.000000       1   1.000       1       1 1.000000       1 0.769231 0.714286     0.549451
    462   h0 1.000000       1   0.900       1       1 1.000000       1 0.461538 0.778802     0.323502
    463   h0 0.631579       1   0.760       1       1 0.668182       1 0.769231 0.785714     0.193846
    464   h0 0.666667       1   0.800       1       1 0.700000       1 0.769231 0.785714     0.225641
    465   h0 0.666667       1   0.800       1       1 0.700000       1 0.769231 0.785714     0.225641
    466   h0 0.666667       1   0.800       1       1 0.700000       1 0.769231 0.785714     0.225641
    467   h0 0.666667       1   0.720       1       1 0.700000       1 0.384615 0.656682     0.084864
    812   h1 0.596491       1   0.695       1       1 0.800000       1 0.846154 0.785714     0.220492
    813   h1 0.666667       1   0.700       1       1 0.750000       1 0.846154 0.785714     0.232692
    814   h1 0.666667       1   0.700       1       1 0.686364       1 0.846154 0.785714     0.212949
    815   h1 0.795322       1   0.950       1       1 0.900000       1 0.769231 0.785714     0.410989
    816   h1 0.888889       1   1.000       1       1 0.900000       1 0.769231 0.785714     0.483516
    817   h1 0.888889       1   1.000       1       1 0.900000       1 0.769231 0.785714     0.483516
    818   h1 0.596491       1   0.700       1       1 0.800000       1 0.769231 0.857143     0.220243
    819   h1 0.666667       1   0.700       1       1 0.800000       1 0.769231 0.857143     0.246154
    820   h1 0.666667       1   0.700       1       1 0.800000       1 0.769231 0.857143     0.246154
    821   h1 0.894737       1   0.800       1       1 0.700000       1 0.923077 0.857143     0.396437
    822   h1 1.000000       1   0.800       1       1 0.650000       1 0.923077 0.788018     0.378249
    823   h1 1.000000       1   0.800       1       1 0.595455       1 0.923077 0.785714     0.345495
    860   h1 0.795322       1   0.665       1       1 1.000000       1 0.769231 0.785714     0.319658
    861   h1 0.888889       1   0.700       1       1 1.000000       1 0.769231 0.785714     0.376068
    862   h1 0.888889       1   0.700       1       1 1.000000       1 0.769231 0.785714     0.376068
    863   h1 0.888889       1   0.700       1       1 1.000000       1 0.620879 0.785714     0.303541
    864   h1 0.596491       1   0.855       1       1 0.700000       1 0.769231 0.785714     0.215769
    865   h1 0.666667       1   0.900       1       1 0.700000       1 0.769231 0.785714     0.253846
    866   h1 0.666667       1   0.900       1       1 0.700000       1 0.769231 0.785714     0.253846
    867   h1 0.666667       1   0.900       1       1 0.700000       1 0.769231 0.785714     0.253846
    868   h1 0.842105       1   0.900       1       1 0.677273       1 0.846154 0.737327     0.320245
    869   h1 1.000000       1   1.000       1       1 0.700000       1 0.846154 0.785714     0.465385
    870   h1 1.000000       1   1.000       1       1 0.700000       1 0.769231 0.785714     0.423077
    871   h1 1.000000       1   1.000       1       1 0.700000       1 0.846154 0.767281     0.454467
    872   h1 0.596491       1   0.700       1       1 0.700000       1 0.923077 0.778802     0.210119
    873   h1 0.666667       1   0.700       1       1 0.700000       1 0.923077 0.785714     0.236923
    874   h1 0.666667       1   0.700       1       1 0.700000       1 0.923077 0.785714     0.236923
    875   h1 0.666667       1   0.700       1       1 0.700000       1 0.923077 0.785714     0.236923
    876   h1 0.695906       1   0.700       1       1 1.000000       1 1.000000 0.760369     0.370402
    877   h1 0.777778       1   0.700       1       1 1.000000       1 1.000000 0.785714     0.427778
    878   h1 0.777778       1   0.700       1       1 1.000000       1 1.000000 0.785714     0.427778
    879   h1 0.777778       1   0.700       1       1 1.000000       1 1.000000 0.785714     0.427778
    880   h1 0.894737       1   1.000       1       1 0.700000       1 0.846154 0.744240     0.394417
    881   h1 1.000000       1   1.000       1       1 0.700000       1 0.846154 0.785714     0.465385
    882   h1 1.000000       1   1.000       1       1 0.700000       1 0.846154 0.785714     0.465385
    883   h1 1.000000       1   1.000       1       1 0.700000       1 0.846154 0.767281     0.454467
    884   h1 0.479532       1   0.625       1       1 0.618182       1 0.747253 0.702765     0.097295
    885   h1 0.666667       1   0.700       1       1 0.700000       1 0.769231 0.785714     0.197436
    886   h1 0.666667       1   0.700       1       1 0.700000       1 0.769231 0.785714     0.197436
    887   h1 0.666667       1   0.700       1       1 0.700000       1 0.769231 0.785714     0.197436
    888   h1 0.947368       1   0.700       1       1 0.600000       1 0.769231 0.785714     0.240486
    889   h1 1.000000       1   0.700       1       1 0.650000       1 0.769231 0.788018     0.275806
    890   h1 1.000000       1   0.700       1       1 0.695455       1 0.769231 0.788018     0.295094
    891   h1 1.000000       1   0.700       1       1 0.600000       1 0.769231 0.785714     0.253846
    892   h1 0.695906       1   1.000       1       1 1.000000       1 0.769231 0.857143     0.458839
    893   h1 0.777778       1   1.000       1       1 1.000000       1 0.769231 0.857143     0.512821
    894   h1 0.777778       1   1.000       1       1 1.000000       1 0.769231 0.790323     0.472843
    895   h1 0.777778       1   1.000       1       1 1.000000       1 0.670330 0.714286     0.372405
    916   h1 0.894737       1   0.900       1       1 0.800000       1 0.769231 0.785714     0.389358
    917   h1 1.000000       1   0.900       1       1 0.800000       1 0.769231 0.785714     0.435165
    918   h1 1.000000       1   0.900       1       1 0.800000       1 0.769231 0.785714     0.435165
    919   h1 1.000000       1   0.900       1       1 0.800000       1 0.769231 0.785714     0.435165
    920   h1 1.000000       1   0.810       1       1 0.800000       1 0.376374 0.785714     0.191628
    921   h1 0.298246       1   0.510       1       1 1.000000       1 0.706044 0.619816     0.066564
    922   h1 0.631579       1   0.690       1       1 1.000000       1 0.769231 0.785714     0.263389
    923   h1 0.666667       1   0.700       1       1 1.000000       1 0.769231 0.785714     0.282051
    924   h1 0.666667       1   0.700       1       1 1.000000       1 0.769231 0.785714     0.282051
    925   h1 0.666667       1   0.650       1       1 1.000000       1 0.398352 0.764977     0.132050
    926   h1 0.894737       1   1.000       1       1 1.000000       1 0.620879 0.714286     0.396802
    927   h1 1.000000       1   1.000       1       1 1.000000       1 0.769231 0.714286     0.549451
    928   h1 1.000000       1   1.000       1       1 1.000000       1 0.769231 0.714286     0.549451
    929   h1 1.000000       1   1.000       1       1 1.000000       1 0.769231 0.781106     0.600851
    930   h1 1.000000       1   0.900       1       1 1.000000       1 0.500000 0.785714     0.353571
    931   h1 0.619883       1   0.800       1       1 0.700000       1 0.769231 0.785714     0.209807
    932   h1 0.666667       1   0.800       1       1 0.700000       1 0.769231 0.788018     0.226303
    933   h1 0.666667       1   0.800       1       1 0.700000       1 0.769231 0.854839     0.245492
    934   h1 0.666667       1   0.800       1       1 0.700000       1 0.769231 0.790323     0.226964
    935   h1 0.666667       1   0.720       1       1 0.700000       1 0.370879 0.721198     0.089872