 ChipID Half   Layer0   Layer1  Layer2  Layer3  Layer4  Layer5   Layer6   Layer7  Layer8  Pseaudo_Eff
    344   h0 0.631579 0.842105   0.665       1       1       1 0.740741 0.846154       1     0.221682
    345   h0 0.666667 0.888889   0.700       1       1       1 0.769231 0.846154       1     0.269998
    346   h0 0.666667 0.888889   0.700       1       1       1 0.769231 0.846154       1     0.269998
    347   h0 0.842105 0.842105   0.950       1       1       1 0.740741 0.769231       1     0.383866
    348   h0 0.888889 0.888889   1.000       1       1       1 0.769231 0.769231       1     0.467529
    349   h0 0.888889 0.888889   1.000       1       1       1 0.769231 0.769231       1     0.467529
    350   h0 0.631579 0.947368   0.665       1       1       1 0.740741 0.769231       1     0.226721
    351   h0 0.666667 1.000000   0.700       1       1       1 0.769231 0.769231       1     0.276134
    352   h0 0.666667 1.000000   0.700       1       1       1 0.769231 0.769231       1     0.276134
    353   h0 0.947368 0.631579   0.760       1       1       1 0.740741 0.923077       1     0.310931
    354   h0 1.000000 0.666667   0.800       1       1       1 0.769231 0.923077       1     0.378698
    355   h0 1.000000 0.666667   0.800       1       1       1 0.769231 0.923077       1     0.378698
    392   h0 0.842105 0.631579   0.665       1       1       1 0.814815 0.769231       1     0.221682
    393   h0 0.888889 0.666667   0.700       1       1       1 0.846154 0.769231       1     0.269998
    394   h0 0.888889 0.666667   0.700       1       1       1 0.846154 0.769231       1     0.269998
    395   h0 0.888889 0.666667   0.700       1       1       1 0.846154 0.675824       1     0.237212
    396   h0 0.631579 0.947368   0.855       1       1       1 0.962963 0.769231       1     0.378947
    397   h0 0.666667 1.000000   0.900       1       1       1 1.000000 0.769231       1     0.461538
    398   h0 0.666667 1.000000   0.900       1       1       1 1.000000 0.769231       1     0.461538
    399   h0 0.666667 1.000000   0.900       1       1       1 1.000000 0.769231       1     0.461538
    400   h0 0.789474 0.614035   0.850       1       1       1 0.649573 0.769231       1     0.205889
    401   h0 1.000000 0.777778   1.000       1       1       1 0.769231 0.769231       1     0.460224
    402   h0 1.000000 0.777778   1.000       1       1       1 0.769231 0.769231       1     0.460224
    403   h0 1.000000 0.777778   1.000       1       1       1 0.769231 0.769231       1     0.460224
    404   h0 0.736842 0.666667   0.700       1       1       1 0.746439 0.923077       1     0.236926
    405   h0 0.777778 0.666667   0.700       1       1       1 0.769231 0.923077       1     0.257725
    406   h0 0.777778 0.666667   0.700       1       1       1 0.769231 0.923077       1     0.257725
    407   h0 0.777778 0.666667   0.700       1       1       1 0.769231 0.923077       1     0.257725
    408   h0 0.736842 0.947368   0.700       1       1       1 0.746439 1.000000       1     0.364742
    409   h0 0.777778 1.000000   0.700       1       1       1 0.769231 1.000000       1     0.418803
    410   h0 0.777778 1.000000   0.700       1       1       1 0.769231 1.000000       1     0.418803
    411   h0 0.777778 1.000000   0.700       1       1       1 0.769231 1.000000       1     0.418803
    412   h0 0.947368 0.654971   1.000       1       1       1 0.712251 0.923077       1     0.407954
    413   h0 1.000000 0.666667   1.000       1       1       1 0.769231 0.923077       1     0.473373
    414   h0 1.000000 0.666667   1.000       1       1       1 0.769231 0.923077       1     0.473373
    415   h0 1.000000 0.666667   1.000       1       1       1 0.769231 0.923077       1     0.473373
    416   h0 0.502924 0.684211   0.610       1       1       1 0.888889 0.769231       1     0.143525
    417   h0 0.666667 1.000000   0.700       1       1       1 0.923077 0.769231       1     0.331361
    418   h0 0.666667 1.000000   0.700       1       1       1 0.923077 0.769231       1     0.331361
    419   h0 0.666667 1.000000   0.700       1       1       1 0.923077 0.769231       1     0.331361
    420   h0 0.842105 0.947368   0.665       1       1       1 0.740741 0.769231       1     0.302294
    421   h0 0.888889 1.000000   0.700       1       1       1 0.769231 0.769231       1     0.368179
    422   h0 0.888889 1.000000   0.700       1       1       1 0.769231 0.769231       1     0.368179
    423   h0 0.888889 1.000000   0.700       1       1       1 0.769231 0.769231       1     0.368179
    424   h0 0.842105 0.631579   0.950       1       1       1 0.740741 0.769231       1     0.287899
    425   h0 0.888889 0.666667   1.000       1       1       1 0.769231 0.769231       1     0.350647
    426   h0 0.888889 0.666667   1.000       1       1       1 0.769231 0.769231       1     0.350647
    427   h0 0.888889 0.666667   1.000       1       1       1 0.569801 0.675824       1     0.228199
    448   h0 0.947368 0.631579   0.855       1       1       1 0.814815 0.769231       1     0.320648
    449   h0 1.000000 0.666667   0.900       1       1       1 0.846154 0.769231       1     0.390533
    450   h0 1.000000 0.666667   0.900       1       1       1 0.846154 0.769231       1     0.390533
    451   h0 1.000000 0.666667   0.900       1       1       1 0.846154 0.769231       1     0.390533
    452   h0 1.000000 0.666667   0.810       1       1       1 0.532764 0.384615       1     0.110651
    453   h0 0.210526 0.947368   0.475       1       1       1 0.279202 0.642857       1     0.017004
    454   h0 0.619883 1.000000   0.690       1       1       1 0.769231 0.769231       1     0.253088
    455   h0 0.666667 1.000000   0.700       1       1       1 0.769231 0.769231       1     0.276134
    456   h0 0.666667 1.000000   0.700       1       1       1 0.769231 0.769231       1     0.276134
    457   h0 0.666667 1.000000   0.650       1       1       1 0.740741 0.461538       1     0.148148
    458   h0 0.947368 0.736842   0.950       1       1       1 0.923077 0.670330       1     0.410339
    459   h0 1.000000 0.777778   1.000       1       1       1 0.923077 0.769231       1     0.552268
    460   h0 1.000000 0.777778   1.000       1       1       1 0.923077 0.769231       1     0.552268
    461   h0 1.000000 0.777778   1.000       1       1       1 0.923077 0.769231       1     0.552268
    462   h0 1.000000 0.777778   0.900       1       1       1 0.581197 0.461538       1     0.187771
    463   h0 0.631579 0.631579   0.760       1       1       1 0.740741 0.769231       1     0.172740
    464   h0 0.666667 0.666667   0.800       1       1       1 0.769231 0.769231       1     0.210388
    465   h0 0.666667 0.666667   0.800       1       1       1 0.769231 0.769231       1     0.210388
    466   h0 0.666667 0.666667   0.800       1       1       1 0.769231 0.769231       1     0.210388
    467   h0 0.666667 0.666667   0.720       1       1       1 0.484330 0.384615       1     0.059610
    812   h1 0.596491 0.947368   0.695       1       1       1 0.769231 0.846154       1     0.255631
    813   h1 0.666667 1.000000   0.700       1       1       1 0.769231 0.846154       1     0.303748
    814   h1 0.666667 1.000000   0.700       1       1       1 0.769231 0.846154       1     0.303748
    815   h1 0.795322 0.736842   0.950       1       1       1 0.769231 0.769231       1     0.329423
    816   h1 0.888889 0.777778   1.000       1       1       1 0.769231 0.769231       1     0.409088
    817   h1 0.888889 0.777778   1.000       1       1       1 0.769231 0.769231       1     0.409088
    818   h1 0.596491 0.947368   0.700       1       1       1 0.769231 0.769231       1     0.234064
    819   h1 0.666667 1.000000   0.700       1       1       1 0.769231 0.769231       1     0.276134
    820   h1 0.666667 1.000000   0.700       1       1       1 0.769231 0.769231       1     0.276134
    821   h1 0.894737 0.631579   0.800       1       1       1 0.769231 0.923077       1     0.321002
    822   h1 1.000000 0.666667   0.800       1       1       1 0.769231 0.923077       1     0.378698
    823   h1 1.000000 0.666667   0.800       1       1       1 0.769231 0.923077       1     0.378698
    860   h1 0.795322 0.631579   0.665       1       1       1 0.846154 0.769231       1     0.217419
    861   h1 0.888889 0.666667   0.700       1       1       1 0.846154 0.769231       1     0.269998
    862   h1 0.888889 0.666667   0.700       1       1       1 0.846154 0.769231       1     0.269998
    863   h1 0.888889 0.666667   0.700       1       1       1 0.846154 0.620879       1     0.217927
    864   h1 0.596491 0.947368   0.855       1       1       1 1.000000 0.769231       1     0.371660
    865   h1 0.666667 1.000000   0.900       1       1       1 1.000000 0.769231       1     0.461538
    866   h1 0.666667 1.000000   0.900       1       1       1 1.000000 0.769231       1     0.461538
    867   h1 0.666667 1.000000   0.900       1       1       1 1.000000 0.769231       1     0.461538
    868   h1 0.842105 0.573099   0.900       1       1       1 0.683761 0.846154       1     0.251300
    869   h1 1.000000 0.777778   1.000       1       1       1 0.769231 0.846154       1     0.506246
    870   h1 1.000000 0.777778   1.000       1       1       1 0.769231 0.769231       1     0.460224
    871   h1 1.000000 0.777778   1.000       1       1       1 0.769231 0.846154       1     0.506246
    872   h1 0.596491 0.666667   0.700       1       1       1 0.757835 0.923077       1     0.194726
    873   h1 0.666667 0.666667   0.700       1       1       1 0.769231 0.923077       1     0.220907
    874   h1 0.666667 0.666667   0.700       1       1       1 0.769231 0.923077       1     0.220907
    875   h1 0.666667 0.666667   0.700       1       1       1 0.769231 0.923077       1     0.220907
    876   h1 0.695906 1.000000   0.700       1       1       1 0.769231 1.000000       1     0.374719
    877   h1 0.777778 1.000000   0.700       1       1       1 0.769231 1.000000       1     0.418803
    878   h1 0.777778 1.000000   0.700       1       1       1 0.769231 1.000000       1     0.418803
    879   h1 0.777778 1.000000   0.700       1       1       1 0.769231 1.000000       1     0.418803
    880   h1 0.894737 0.649123   1.000       1       1       1 0.814815 0.846154       1     0.400434
    881   h1 1.000000 0.666667   1.000       1       1       1 0.846154 0.846154       1     0.477318
    882   h1 1.000000 0.666667   1.000       1       1       1 0.769231 0.846154       1     0.433925
    883   h1 1.000000 0.666667   1.000       1       1       1 0.769231 0.846154       1     0.433925
    884   h1 0.479532 0.736842   0.625       1       1       1 0.925926 0.747253       1     0.152797
    885   h1 0.666667 1.000000   0.700       1       1       1 1.000000 0.769231       1     0.358974
    886   h1 0.666667 1.000000   0.700       1       1       1 1.000000 0.769231       1     0.358974
    887   h1 0.666667 1.000000   0.700       1       1       1 1.000000 0.769231       1     0.358974
    888   h1 0.947368 0.947368   0.700       1       1       1 0.769231 0.769231       1     0.371748
    889   h1 1.000000 1.000000   0.700       1       1       1 0.769231 0.769231       1     0.414201
    890   h1 1.000000 1.000000   0.700       1       1       1 0.769231 0.769231       1     0.414201
    891   h1 1.000000 1.000000   0.700       1       1       1 0.769231 0.769231       1     0.414201
    892   h1 0.695906 0.631579   1.000       1       1       1 0.769231 0.769231       1     0.260071
    893   h1 0.777778 0.666667   1.000       1       1       1 0.769231 0.769231       1     0.306816
    894   h1 0.777778 0.666667   1.000       1       1       1 0.769231 0.769231       1     0.306816
    895   h1 0.777778 0.666667   1.000       1       1       1 0.555556 0.670330       1     0.193099
    916   h1 0.894737 0.631579   0.900       1       1       1 0.846154 0.769231       1     0.331033
    917   h1 1.000000 0.666667   0.900       1       1       1 0.846154 0.769231       1     0.390533
    918   h1 1.000000 0.666667   0.900       1       1       1 0.846154 0.769231       1     0.390533
    919   h1 1.000000 0.666667   0.900       1       1       1 0.846154 0.769231       1     0.390533
    920   h1 1.000000 0.666667   0.810       1       1       1 0.532764 0.376374       1     0.108280
    921   h1 0.298246 0.947368   0.510       1       1       1 0.307692 0.706044       1     0.031305
    922   h1 0.631579 1.000000   0.690       1       1       1 0.769231 0.769231       1     0.257864
    923   h1 0.666667 1.000000   0.700       1       1       1 0.769231 0.769231       1     0.276134
    924   h1 0.666667 1.000000   0.700       1       1       1 0.769231 0.769231       1     0.276134
    925   h1 0.666667 1.000000   0.650       1       1       1 0.740741 0.398352       1     0.127866
    926   h1 0.894737 0.631579   1.000       1       1       1 0.923077 0.620879       1     0.323868
    927   h1 1.000000 0.666667   1.000       1       1       1 0.923077 0.769231       1     0.473373
    928   h1 1.000000 0.666667   1.000       1       1       1 0.923077 0.769231       1     0.473373
    929   h1 1.000000 0.666667   1.000       1       1       1 0.923077 0.769231       1     0.473373
    930   h1 1.000000 0.666667   0.900       1       1       1 0.547009 0.500000       1     0.164103
    931   h1 0.619883 0.736842   0.800       1       1       1 0.769231 0.769231       1     0.216216
    932   h1 0.666667 0.777778   0.800       1       1       1 0.769231 0.769231       1     0.245453
    933   h1 0.666667 0.777778   0.800       1       1       1 0.769231 0.769231       1     0.245453
    934   h1 0.666667 0.777778   0.800       1       1       1 0.769231 0.769231       1     0.245453
    935   h1 0.666667 0.777778   0.720       1       1       1 0.455840 0.370879       1     0.063116