 ChipID Half   Layer0  Layer1  Layer2  Layer3  Layer4   Layer5   Layer6   Layer7   Layer8  Pseaudo_Eff
    344   h0 0.631579       1       1       1       1 0.668182 0.740741 0.846154 0.785714     0.207827
    345   h0 0.666667       1       1       1       1 0.700000 0.769231 0.846154 0.785714     0.238659
    346   h0 0.666667       1       1       1       1 0.700000 0.769231 0.846154 0.785714     0.238659
    347   h0 0.842105       1       1       1       1 0.859091 0.740741 0.769231 0.714286     0.294442
    348   h0 0.888889       1       1       1       1 0.900000 0.769231 0.769231 0.714286     0.338123
    349   h0 0.888889       1       1       1       1 0.900000 0.769231 0.769231 0.783410     0.370845
    350   h0 0.631579       1       1       1       1 0.727273 0.740741 0.769231 0.785714     0.205642
    351   h0 0.666667       1       1       1       1 0.800000 0.769231 0.769231 0.785714     0.247957
    352   h0 0.666667       1       1       1       1 0.800000 0.769231 0.769231 0.785714     0.247957
    353   h0 0.947368       1       1       1       1 0.645455 0.740741 0.923077 0.857143     0.358378
    354   h0 1.000000       1       1       1       1 0.700000 0.769231 0.923077 0.785714     0.390533
    355   h0 1.000000       1       1       1       1 0.700000 0.769231 0.923077 0.785714     0.390533
    392   h0 0.842105       1       1       1       1 0.954545 0.814815 0.769231 0.857143     0.431849
    393   h0 0.888889       1       1       1       1 1.000000 0.846154 0.769231 0.857143     0.495914
    394   h0 0.888889       1       1       1       1 1.000000 0.846154 0.769231 0.790323     0.457254
    395   h0 0.888889       1       1       1       1 1.000000 0.846154 0.675824 0.785714     0.399388
    396   h0 0.631579       1       1       1       1 0.668182 0.962963 0.769231 0.785714     0.245614
    397   h0 0.666667       1       1       1       1 0.700000 1.000000 0.769231 0.785714     0.282051
    398   h0 0.666667       1       1       1       1 0.700000 1.000000 0.769231 0.785714     0.282051
    399   h0 0.666667       1       1       1       1 0.700000 1.000000 0.769231 0.785714     0.282051
    400   h0 0.789474       1       1       1       1 0.654545 0.649573 0.769231 0.721198     0.186216
    401   h0 1.000000       1       1       1       1 0.700000 0.769231 0.769231 0.785714     0.325444
    402   h0 1.000000       1       1       1       1 0.700000 0.769231 0.769231 0.785714     0.325444
    403   h0 1.000000       1       1       1       1 0.700000 0.769231 0.769231 0.769585     0.318763
    404   h0 0.736842       1       1       1       1 0.700000 0.746439 0.923077 0.767281     0.272684
    405   h0 0.777778       1       1       1       1 0.700000 0.769231 0.923077 0.785714     0.303748
    406   h0 0.777778       1       1       1       1 0.700000 0.769231 0.923077 0.785714     0.303748
    407   h0 0.777778       1       1       1       1 0.700000 0.769231 0.923077 0.785714     0.303748
    408   h0 0.736842       1       1       1       1 1.000000 0.746439 1.000000 0.767281     0.422010
    409   h0 0.777778       1       1       1       1 1.000000 0.769231 1.000000 0.785714     0.470085
    410   h0 0.777778       1       1       1       1 1.000000 0.769231 1.000000 0.785714     0.470085
    411   h0 0.777778       1       1       1       1 1.000000 0.769231 1.000000 0.785714     0.470085
    412   h0 0.947368       1       1       1       1 0.700000 0.712251 0.923077 0.767281     0.334536
    413   h0 1.000000       1       1       1       1 0.700000 0.769231 0.923077 0.785714     0.390533
    414   h0 1.000000       1       1       1       1 0.700000 0.769231 0.923077 0.785714     0.390533
    415   h0 1.000000       1       1       1       1 0.700000 0.769231 0.923077 0.758065     0.376789
    416   h0 0.502924       1       1       1       1 0.618182 0.888889 0.769231 0.682028     0.144986
    417   h0 0.666667       1       1       1       1 0.700000 0.923077 0.769231 0.785714     0.260355
    418   h0 0.666667       1       1       1       1 0.700000 0.923077 0.769231 0.785714     0.260355
    419   h0 0.666667       1       1       1       1 0.700000 0.923077 0.769231 0.785714     0.260355
    420   h0 0.842105       1       1       1       1 0.659091 0.740741 0.769231 0.785714     0.248484
    421   h0 0.888889       1       1       1       1 0.700000 0.769231 0.769231 0.785714     0.289283
    422   h0 0.888889       1       1       1       1 0.700000 0.769231 0.769231 0.785714     0.289283
    423   h0 0.888889       1       1       1       1 0.700000 0.769231 0.769231 0.852535     0.313885
    424   h0 0.842105       1       1       1       1 0.909091 0.740741 0.769231 0.785714     0.342737
    425   h0 0.888889       1       1       1       1 1.000000 0.769231 0.769231 0.785714     0.413262
    426   h0 0.888889       1       1       1       1 1.000000 0.769231 0.769231 0.785714     0.413262
    427   h0 0.888889       1       1       1       1 1.000000 0.569801 0.675824 0.721198     0.246865
    448   h0 0.947368       1       1       1       1 0.763636 0.814815 0.769231 0.785714     0.356275
    449   h0 1.000000       1       1       1       1 0.800000 0.846154 0.769231 0.785714     0.409129
    450   h0 1.000000       1       1       1       1 0.800000 0.846154 0.769231 0.785714     0.409129
    451   h0 1.000000       1       1       1       1 0.800000 0.846154 0.769231 0.785714     0.409129
    452   h0 1.000000       1       1       1       1 0.800000 0.532764 0.384615 0.785714     0.128800
    453   h0 0.210526       1       1       1       1 0.954545 0.279202 0.642857 0.564516     0.020362
    454   h0 0.619883       1       1       1       1 1.000000 0.769231 0.769231 0.785714     0.288196
    455   h0 0.666667       1       1       1       1 1.000000 0.769231 0.769231 0.785714     0.309946
    456   h0 0.666667       1       1       1       1 1.000000 0.769231 0.769231 0.785714     0.309946
    457   h0 0.666667       1       1       1       1 1.000000 0.740741 0.461538 0.758065     0.172778
    458   h0 0.947368       1       1       1       1 0.954545 0.923077 0.670330 0.714286     0.399681
    459   h0 1.000000       1       1       1       1 1.000000 0.923077 0.769231 0.714286     0.507185
    460   h0 1.000000       1       1       1       1 1.000000 0.923077 0.769231 0.714286     0.507185
    461   h0 1.000000       1       1       1       1 1.000000 0.923077 0.769231 0.714286     0.507185
    462   h0 1.000000       1       1       1       1 1.000000 0.581197 0.461538 0.778802     0.208909
    463   h0 0.631579       1       1       1       1 0.668182 0.740741 0.769231 0.785714     0.188934
    464   h0 0.666667       1       1       1       1 0.700000 0.769231 0.769231 0.785714     0.216963
    465   h0 0.666667       1       1       1       1 0.700000 0.769231 0.769231 0.785714     0.216963
    466   h0 0.666667       1       1       1       1 0.700000 0.769231 0.769231 0.785714     0.216963
    467   h0 0.666667       1       1       1       1 0.700000 0.484330 0.384615 0.656682     0.057086
    812   h1 0.596491       1       1       1       1 0.800000 0.769231 0.846154 0.785714     0.244042
    813   h1 0.666667       1       1       1       1 0.750000 0.769231 0.846154 0.785714     0.255706
    814   h1 0.666667       1       1       1       1 0.686364 0.769231 0.846154 0.785714     0.234010
    815   h1 0.795322       1       1       1       1 0.900000 0.769231 0.769231 0.785714     0.332785
    816   h1 0.888889       1       1       1       1 0.900000 0.769231 0.769231 0.785714     0.371936
    817   h1 0.888889       1       1       1       1 0.900000 0.769231 0.769231 0.785714     0.371936
    818   h1 0.596491       1       1       1       1 0.800000 0.769231 0.769231 0.857143     0.242025
    819   h1 0.666667       1       1       1       1 0.800000 0.769231 0.769231 0.857143     0.270499
    820   h1 0.666667       1       1       1       1 0.800000 0.769231 0.769231 0.857143     0.270499
    821   h1 0.894737       1       1       1       1 0.700000 0.769231 0.923077 0.857143     0.381190
    822   h1 1.000000       1       1       1       1 0.650000 0.769231 0.923077 0.788018     0.363701
    823   h1 1.000000       1       1       1       1 0.595455 0.769231 0.923077 0.785714     0.332206
    860   h1 0.795322       1       1       1       1 1.000000 0.846154 0.769231 0.785714     0.406737
    861   h1 0.888889       1       1       1       1 1.000000 0.846154 0.769231 0.785714     0.454588
    862   h1 0.888889       1       1       1       1 1.000000 0.846154 0.769231 0.785714     0.454588
    863   h1 0.888889       1       1       1       1 1.000000 0.846154 0.620879 0.785714     0.366918
    864   h1 0.596491       1       1       1       1 0.700000 1.000000 0.769231 0.785714     0.252362
    865   h1 0.666667       1       1       1       1 0.700000 1.000000 0.769231 0.785714     0.282051
    866   h1 0.666667       1       1       1       1 0.700000 1.000000 0.769231 0.785714     0.282051
    867   h1 0.666667       1       1       1       1 0.700000 1.000000 0.769231 0.785714     0.282051
    868   h1 0.842105       1       1       1       1 0.677273 0.683761 0.846154 0.737327     0.243301
    869   h1 1.000000       1       1       1       1 0.700000 0.769231 0.846154 0.785714     0.357988
    870   h1 1.000000       1       1       1       1 0.700000 0.769231 0.769231 0.785714     0.325444
    871   h1 1.000000       1       1       1       1 0.700000 0.769231 0.846154 0.767281     0.349590
    872   h1 0.596491       1       1       1       1 0.700000 0.757835 0.923077 0.778802     0.227479
    873   h1 0.666667       1       1       1       1 0.700000 0.769231 0.923077 0.785714     0.260355
    874   h1 0.666667       1       1       1       1 0.700000 0.769231 0.923077 0.785714     0.260355
    875   h1 0.666667       1       1       1       1 0.700000 0.769231 0.923077 0.785714     0.260355
    876   h1 0.695906       1       1       1       1 1.000000 0.769231 1.000000 0.760369     0.407035
    877   h1 0.777778       1       1       1       1 1.000000 0.769231 1.000000 0.785714     0.470085
    878   h1 0.777778       1       1       1       1 1.000000 0.769231 1.000000 0.785714     0.470085
    879   h1 0.777778       1       1       1       1 1.000000 0.769231 1.000000 0.785714     0.470085
    880   h1 0.894737       1       1       1       1 0.700000 0.814815 0.846154 0.744240     0.321377
    881   h1 1.000000       1       1       1       1 0.700000 0.846154 0.846154 0.785714     0.393787
    882   h1 1.000000       1       1       1       1 0.700000 0.769231 0.846154 0.785714     0.357988
    883   h1 1.000000       1       1       1       1 0.700000 0.769231 0.846154 0.767281     0.349590
    884   h1 0.479532       1       1       1       1 0.618182 0.925926 0.747253 0.702765     0.144141
    885   h1 0.666667       1       1       1       1 0.700000 1.000000 0.769231 0.785714     0.282051
    886   h1 0.666667       1       1       1       1 0.700000 1.000000 0.769231 0.785714     0.282051
    887   h1 0.666667       1       1       1       1 0.700000 1.000000 0.769231 0.785714     0.282051
    888   h1 0.947368       1       1       1       1 0.600000 0.769231 0.769231 0.785714     0.264270
    889   h1 1.000000       1       1       1       1 0.650000 0.769231 0.769231 0.788018     0.303084
    890   h1 1.000000       1       1       1       1 0.695455 0.769231 0.769231 0.788018     0.324279
    891   h1 1.000000       1       1       1       1 0.600000 0.769231 0.769231 0.785714     0.278952
    892   h1 0.695906       1       1       1       1 1.000000 0.769231 0.769231 0.857143     0.352953
    893   h1 0.777778       1       1       1       1 1.000000 0.769231 0.769231 0.857143     0.394477
    894   h1 0.777778       1       1       1       1 1.000000 0.769231 0.769231 0.790323     0.363725
    895   h1 0.777778       1       1       1       1 1.000000 0.555556 0.670330 0.714286     0.206892
    916   h1 0.894737       1       1       1       1 0.800000 0.846154 0.769231 0.785714     0.366063
    917   h1 1.000000       1       1       1       1 0.800000 0.846154 0.769231 0.785714     0.409129
    918   h1 1.000000       1       1       1       1 0.800000 0.846154 0.769231 0.785714     0.409129
    919   h1 1.000000       1       1       1       1 0.800000 0.846154 0.769231 0.785714     0.409129
    920   h1 1.000000       1       1       1       1 0.800000 0.532764 0.376374 0.785714     0.126040
    921   h1 0.298246       1       1       1       1 1.000000 0.307692 0.706044 0.619816     0.040159
    922   h1 0.631579       1       1       1       1 1.000000 0.769231 0.769231 0.785714     0.293633
    923   h1 0.666667       1       1       1       1 1.000000 0.769231 0.769231 0.785714     0.309946
    924   h1 0.666667       1       1       1       1 1.000000 0.769231 0.769231 0.785714     0.309946
    925   h1 0.666667       1       1       1       1 1.000000 0.740741 0.398352 0.764977     0.150484
    926   h1 0.894737       1       1       1       1 1.000000 0.923077 0.620879 0.714286     0.366279
    927   h1 1.000000       1       1       1       1 1.000000 0.923077 0.769231 0.714286     0.507185
    928   h1 1.000000       1       1       1       1 1.000000 0.923077 0.769231 0.714286     0.507185
    929   h1 1.000000       1       1       1       1 1.000000 0.923077 0.769231 0.781106     0.554631
    930   h1 1.000000       1       1       1       1 1.000000 0.547009 0.500000 0.785714     0.214896
    931   h1 0.619883       1       1       1       1 0.700000 0.769231 0.769231 0.785714     0.201737
    932   h1 0.666667       1       1       1       1 0.700000 0.769231 0.769231 0.788018     0.217599
    933   h1 0.666667       1       1       1       1 0.700000 0.769231 0.769231 0.854839     0.236050
    934   h1 0.666667       1       1       1       1 0.700000 0.769231 0.769231 0.790323     0.218235
    935   h1 0.666667       1       1       1       1 0.700000 0.455840 0.370879 0.721198     0.056899