ChipID	Half	Layer0	Layer1	Layer2	Layer3	Layer4	Layer5	Layer6	Layer7	Layer8	Peff(%)
332	h0	0.477	0.868	1	0.61	0.64	0.08	1	0.2	0.0	0.0
333	h0	0.5	0.909	1	0.636	0.667	0.083	1	0.2	0.0	0.0
334	h0	0.477	0.826	1	0.424	0.373	0.042	1	0.17	0.0	0.0
335	h0	0.668	0.781	1	0.697	0.72	0.881	1	0.8	0.875	16.15
336	h0	0.7	0.868	1	0.727	0.75	0.917	1	0.8	0.875	21.27
337	h0	0.668	0.826	1	0.485	0.567	0.458	1	0.679	0.535	2.52
338	h0	0.955	0.694	1	0.958	0.72	0.721	1	0.933	0.875	26.91
339	h0	0.95	0.727	1	1.0	0.75	0.75	1	0.933	0.875	31.72
340	h0	0.859	0.678	1	0.667	0.567	0.667	1	0.792	0.535	6.22
341	h0	0.573	0.607	1	0.0	0.64	0.881	1	0.0	0.0	0.0
342	h0	0.655	0.636	1	0.0	0.667	0.917	1	0.0	0.0	0.0
343	h0	0.668	0.661	1	0.0	0.373	0.458	1	0.0	0.0	0.0
356	h0	0.955	0.781	1	0.784	0.72	0.881	1	0.8	0.875	25.96
357	h0	1.0	0.773	1	0.818	0.75	0.917	1	0.8	0.875	30.44
358	h0	1.0	0.702	1	0.545	0.75	0.917	1	0.679	0.535	9.56
359	h0	1.0	0.455	1	0.0	0.63	0.67	1	0.0	0.0	0.0
360	h0	0.668	0.694	1	0.958	0.96	0.721	1	0.8	0.812	19.97
361	h0	0.7	0.727	1	1.0	1.0	0.75	1	0.8	0.812	24.79
362	h0	0.7	0.818	1	1.0	1.0	0.75	1	0.743	0.812	25.91
363	h0	0.7	0.818	1	0.958	0.84	0.548	1	0.273	0.384	2.65
364	h0	0.645	0.711	1	0.818	0.833	0.917	1	0.8	0.812	18.61
365	h0	0.7	0.727	1	0.818	0.833	0.917	1	0.8	0.812	20.66
366	h0	0.7	0.727	1	0.818	0.833	0.917	1	0.8	0.812	20.66
367	h0	0.664	0.438	1	0.17	0.767	0.917	1	0.374	0.335	0.44
368	h0	0.7	1.0	1	1.0	0.667	0.917	1	0.8	0.812	27.81
369	h0	0.7	1.0	1	1.0	0.667	0.917	1	0.8	0.812	27.81
370	h0	0.7	1.0	1	1.0	0.667	0.917	1	0.8	0.812	27.81
371	h0	0.7	1.0	1	0.708	0.32	0.423	1	0.469	0.231	0.73
372	h0	1.0	0.727	1	0.727	1.0	0.75	1	0.8	0.875	27.75
373	h0	1.0	0.727	1	0.727	1.0	0.75	1	0.8	0.875	27.75
374	h0	1.0	0.727	1	0.727	1.0	0.75	1	0.8	0.875	27.75
375	h0	1.0	0.727	1	0.515	0.52	0.314	1	0.503	0.292	0.9
376	h0	0.7	0.727	1	0.727	0.833	0.75	1	0.8	0.812	15.01
377	h0	0.7	0.727	1	0.727	0.833	0.75	1	0.8	0.812	15.01
378	h0	0.7	0.727	1	0.727	0.833	0.75	1	0.8	0.812	15.01
379	h0	0.7	0.727	1	0.515	0.433	0.314	1	0.493	0.271	0.48
380	h0	0.655	1.0	1	0.727	0.667	0.75	1	0.798	0.812	15.44
381	h0	0.7	1.0	1	0.727	0.667	0.75	1	0.8	0.812	16.54
382	h0	0.7	1.0	1	0.727	0.667	0.75	1	0.8	0.812	16.54
383	h0	0.6	1.0	1	0.636	0.627	0.494	1	0.436	0.304	1.57
384	h0	0.668	0.781	1	0.697	0.96	0.721	1	0.867	0.812	17.72
385	h0	0.7	0.818	1	0.727	1.0	0.75	1	0.867	0.812	21.98
386	h0	0.7	0.818	1	0.727	1.0	0.75	1	0.867	0.812	21.98
387	h0	0.7	0.818	1	0.697	0.84	0.571	1	0.709	0.384	5.21
388	h0	0.955	0.955	1	0.697	0.72	0.721	1	0.933	0.812	25.0
389	h0	1.0	1.0	1	0.727	0.75	0.75	1	0.933	0.812	30.98
390	h0	1.0	1.0	1	0.727	0.75	0.75	1	0.792	0.497	16.1
391	h0	1.0	1.0	1	0.697	0.63	0.548	1	0.0	0.0	0.0
428	h0	0.668	0.955	1	0.697	0.88	0.721	1	0.8	0.812	18.33
429	h0	0.7	1.0	1	0.727	0.917	0.75	1	0.8	0.812	22.74
430	h0	0.7	1.0	1	0.727	0.957	0.75	1	0.8	0.812	23.73
431	h0	0.7	1.0	1	0.697	0.987	0.66	1	0.655	0.516	10.74
432	h0	0.318	0.364	1	0.03	0.833	0.401	1	0.0	0.083	0.0
433	h0	0.955	0.694	1	0.697	0.72	0.721	1	0.8	0.812	15.58
434	h0	1.0	0.727	1	0.727	0.75	0.75	1	0.8	0.812	19.31
435	h0	1.0	0.727	1	0.727	0.713	0.75	1	0.8	0.812	18.36
436	h0	1.0	0.727	1	0.697	0.683	0.75	1	0.655	0.812	13.81
437	h0	0.455	0.264	1	0.03	0.75	0.721	1	0.0	0.271	0.0
438	h0	0.955	0.781	1	0.958	0.8	0.881	1	0.766	0.812	31.32
439	h0	1.0	0.818	1	1.0	0.833	0.917	1	0.8	0.812	40.59
440	h0	1.0	0.818	1	1.0	0.833	0.917	1	0.8	0.812	40.59
441	h0	1.0	0.818	1	0.958	0.833	0.917	1	0.667	0.812	32.42
442	h0	0.455	0.298	1	0.042	0.833	0.881	1	0.026	0.293	0.0
443	h0	0.764	0.694	1	0.697	0.72	0.962	1	0.8	0.812	16.63
444	h0	0.8	0.727	1	0.727	0.75	1.0	1	0.8	0.812	20.6
445	h0	0.8	0.727	1	0.727	0.75	1.0	1	0.8	0.812	20.6
446	h0	0.8	0.727	1	0.697	0.75	1.0	1	0.655	0.549	10.93
447	h0	0.364	0.264	1	0.03	0.75	0.962	1	0.0	0.104	0.0
800	h1	0.455	0.781	1	0.61	0.72	0.154	1	0.267	0.0	0.0
801	h1	0.5	0.818	1	0.636	0.75	0.167	1	0.267	0.0	0.0
802	h1	0.5	0.744	1	0.451	0.45	0.09	1	0.234	0.0	0.0
803	h1	0.636	0.955	1	0.61	0.72	0.846	1	0.792	0.851	15.21
804	h1	0.7	1.0	1	0.697	0.75	0.917	1	0.8	0.875	23.49
805	h1	0.668	0.909	1	0.515	0.617	0.494	1	0.703	0.535	3.58
806	h1	0.909	0.694	1	0.958	0.72	0.692	1	0.905	0.851	23.19
807	h1	0.955	0.727	1	1.0	0.75	0.75	1	0.933	0.875	31.88
808	h1	0.859	0.669	1	0.708	0.55	0.673	1	0.82	0.535	6.61
809	h1	0.545	0.607	1	0.0	0.56	0.769	1	0.0	0.0	0.0
810	h1	0.65	0.636	1	0.0	0.583	0.833	1	0.0	0.0	0.0
811	h1	0.7	0.579	1	0.0	0.35	0.449	1	0.0	0.0	0.0
824	h1	0.909	0.694	1	0.871	0.72	0.923	1	0.776	0.851	24.11
825	h1	1.0	0.727	1	0.852	0.75	1.0	1	0.8	0.875	32.52
826	h1	1.0	0.711	1	0.58	0.75	1.0	1	0.703	0.559	12.15
827	h1	1.0	0.545	1	0.0	0.63	0.769	1	0.0	0.0	0.0
828	h1	0.636	0.694	1	0.958	0.88	0.692	1	0.776	0.79	15.79
829	h1	0.7	0.682	1	1.0	0.917	0.75	1	0.8	0.812	21.33
830	h1	0.7	0.727	1	1.0	0.917	0.75	1	0.752	0.812	21.37
831	h1	0.7	0.727	1	1.0	0.77	0.577	1	0.339	0.406	3.11
832	h1	0.605	0.694	1	0.818	0.71	0.833	1	0.8	0.812	13.2
833	h1	0.7	0.727	1	0.818	0.75	0.833	1	0.8	0.812	16.89
834	h1	0.7	0.727	1	0.818	0.75	0.917	1	0.8	0.812	18.6
835	h1	0.7	0.479	1	0.17	0.697	0.917	1	0.42	0.358	0.55
836	h1	0.7	1.0	1	1.0	0.75	1.0	1	0.8	0.812	34.1
837	h1	0.7	1.0	1	1.0	0.75	1.0	1	0.8	0.812	34.1
838	h1	0.7	1.0	1	1.0	0.75	1.0	1	0.8	0.812	34.1
839	h1	0.7	1.0	1	0.708	0.39	0.462	1	0.485	0.253	1.1
840	h1	1.0	0.818	1	0.727	1.0	0.75	1	0.8	0.875	31.22
841	h1	1.0	0.818	1	0.727	1.0	0.75	1	0.8	0.875	31.22
842	h1	1.0	0.818	1	0.727	1.0	0.75	1	0.8	0.875	31.22
843	h1	1.0	0.818	1	0.515	0.56	0.346	1	0.527	0.292	1.26
844	h1	0.7	0.727	1	0.727	0.833	0.75	1	0.8	0.812	15.01
845	h1	0.7	0.727	1	0.727	0.833	0.75	1	0.8	0.812	15.01
846	h1	0.7	0.727	1	0.727	0.833	0.75	1	0.8	0.812	15.01
847	h1	0.7	0.727	1	0.515	0.433	0.343	1	0.493	0.271	0.52
848	h1	0.655	0.909	1	0.727	0.75	0.75	1	0.796	0.812	15.74
849	h1	0.7	0.909	1	0.727	0.75	0.75	1	0.8	0.812	16.9
850	h1	0.7	0.909	1	0.727	0.75	0.75	1	0.8	0.812	16.9
851	h1	0.609	0.909	1	0.636	0.71	0.548	1	0.412	0.304	1.72
852	h1	0.668	0.694	1	0.697	0.96	0.692	1	0.84	0.79	14.24
853	h1	0.7	0.727	1	0.727	1.0	0.75	1	0.867	0.812	19.53
854	h1	0.7	0.727	1	0.727	1.0	0.75	1	0.867	0.812	19.53
855	h1	0.7	0.727	1	0.727	0.84	0.577	1	0.735	0.406	5.35
856	h1	0.909	0.955	1	0.697	0.72	0.692	1	0.905	0.79	21.55
857	h1	1.0	1.0	1	0.727	0.75	0.75	1	0.933	0.812	30.98
858	h1	1.0	1.0	1	0.727	0.75	0.75	1	0.82	0.497	16.67
859	h1	1.0	1.0	1	0.727	0.63	0.577	1	0.0	0.0	0.0
896	h1	0.636	0.955	1	0.697	0.88	0.692	1	0.776	0.79	15.8
897	h1	0.7	1.0	1	0.727	0.917	0.75	1	0.8	0.812	22.74
898	h1	0.7	1.0	1	0.727	0.917	0.75	1	0.8	0.812	22.74
899	h1	0.7	1.0	1	0.727	0.917	0.673	1	0.679	0.531	11.32
900	h1	0.318	0.364	1	0.03	0.917	0.417	1	0.0	0.09	0.0
901	h1	0.909	0.694	1	0.697	0.8	0.692	1	0.776	0.79	14.92
902	h1	1.0	0.777	1	0.727	0.777	0.75	1	0.8	0.812	21.38
903	h1	1.0	0.81	1	0.727	0.75	0.75	1	0.8	0.812	21.52
904	h1	1.0	0.727	1	0.727	0.75	0.75	1	0.679	0.812	16.39
905	h1	0.455	0.264	1	0.03	0.75	0.75	1	0.0	0.293	0.0
906	h1	0.955	0.868	1	0.958	0.72	0.769	1	0.776	0.79	26.95
907	h1	1.0	0.909	1	1.0	0.75	0.833	1	0.8	0.812	36.89
908	h1	1.0	0.909	1	1.0	0.75	0.833	1	0.8	0.812	36.89
909	h1	1.0	0.909	1	1.0	0.75	0.833	1	0.655	0.812	30.2
910	h1	0.455	0.331	1	0.042	0.75	0.833	1	0.0	0.293	0.0
911	h1	0.764	0.694	1	0.784	0.72	0.923	1	0.84	0.79	18.33
912	h1	0.8	0.727	1	0.818	0.75	1.0	1	0.867	0.812	25.12
913	h1	0.8	0.727	1	0.818	0.75	1.0	1	0.867	0.812	25.12
914	h1	0.8	0.727	1	0.818	0.833	1.0	1	0.709	0.562	15.79
915	h1	0.364	0.264	1	0.034	0.833	1.0	1	0.0	0.113	0.0
