ChipID	Half	Layer0	Layer1	Layer2	Layer3	Layer4	Layer5	Layer6	Layer7	Layer8	Peff(%)
332	h0	0.477	1	1	0.61	0.64	0.08	0.0	0.2	0.0	0.0
333	h0	0.5	1	1	0.636	0.667	0.083	0.0	0.2	0.0	0.0
334	h0	0.477	1	1	0.424	0.373	0.042	0.0	0.17	0.0	0.0
335	h0	0.668	1	1	0.697	0.72	0.881	0.8	0.8	0.875	16.54
336	h0	0.7	1	1	0.727	0.75	0.917	0.8	0.8	0.875	19.6
337	h0	0.668	1	1	0.485	0.567	0.458	0.75	0.679	0.535	2.29
338	h0	0.955	1	1	0.958	0.72	0.721	0.867	0.933	0.875	33.62
339	h0	0.95	1	1	1.0	0.75	0.75	0.867	0.933	0.875	37.82
340	h0	0.859	1	1	0.667	0.567	0.667	0.812	0.792	0.535	7.46
341	h0	0.573	1	1	0.0	0.64	0.881	0.867	0.0	0.0	0.0
342	h0	0.655	1	1	0.0	0.667	0.917	0.867	0.0	0.0	0.0
343	h0	0.668	1	1	0.0	0.373	0.458	0.812	0.0	0.0	0.0
356	h0	0.955	1	1	0.784	0.72	0.881	0.867	0.8	0.875	28.82
357	h0	1.0	1	1	0.818	0.75	0.917	0.867	0.8	0.875	34.14
358	h0	1.0	1	1	0.545	0.75	0.917	0.812	0.679	0.535	11.06
359	h0	1.0	1	1	0.0	0.63	0.67	0.0	0.0	0.0	0.0
360	h0	0.668	1	1	0.958	0.96	0.721	0.867	0.8	0.812	24.95
361	h0	0.7	1	1	1.0	1.0	0.75	0.867	0.8	0.812	29.57
362	h0	0.7	1	1	1.0	1.0	0.75	0.867	0.743	0.812	27.46
363	h0	0.7	1	1	0.958	0.84	0.548	0.812	0.273	0.384	2.63
364	h0	0.645	1	1	0.818	0.833	0.917	0.867	0.8	0.812	22.7
365	h0	0.7	1	1	0.818	0.833	0.917	0.867	0.8	0.812	24.63
366	h0	0.7	1	1	0.818	0.833	0.917	0.867	0.8	0.812	24.63
367	h0	0.664	1	1	0.17	0.767	0.917	0.623	0.374	0.335	0.62
368	h0	0.7	1	1	1.0	0.667	0.917	0.933	0.8	0.812	25.95
369	h0	0.7	1	1	1.0	0.667	0.917	0.933	0.8	0.812	25.95
370	h0	0.7	1	1	1.0	0.667	0.917	0.933	0.8	0.812	25.95
371	h0	0.7	1	1	0.708	0.32	0.423	0.729	0.469	0.231	0.53
372	h0	1.0	1	1	0.727	1.0	0.75	0.933	0.8	0.875	35.61
373	h0	1.0	1	1	0.727	1.0	0.75	0.933	0.8	0.875	35.61
374	h0	1.0	1	1	0.727	1.0	0.75	0.933	0.8	0.875	35.61
375	h0	1.0	1	1	0.515	0.52	0.314	0.729	0.503	0.292	0.9
376	h0	0.7	1	1	0.727	0.833	0.75	0.933	0.8	0.812	19.27
377	h0	0.7	1	1	0.727	0.833	0.75	0.933	0.8	0.812	19.27
378	h0	0.7	1	1	0.727	0.833	0.75	0.933	0.8	0.812	19.27
379	h0	0.7	1	1	0.515	0.433	0.314	0.729	0.493	0.271	0.48
380	h0	0.655	1	1	0.727	0.667	0.75	0.933	0.798	0.812	14.4
381	h0	0.7	1	1	0.727	0.667	0.75	0.933	0.8	0.812	15.43
382	h0	0.7	1	1	0.727	0.667	0.75	0.933	0.8	0.812	15.43
383	h0	0.6	1	1	0.636	0.627	0.494	0.671	0.436	0.304	1.05
384	h0	0.668	1	1	0.697	0.96	0.721	0.933	0.867	0.812	21.17
385	h0	0.7	1	1	0.727	1.0	0.75	0.933	0.867	0.812	25.07
386	h0	0.7	1	1	0.727	1.0	0.75	0.933	0.867	0.812	25.07
387	h0	0.7	1	1	0.697	0.84	0.571	0.875	0.709	0.384	5.57
388	h0	0.955	1	1	0.697	0.72	0.721	0.933	0.933	0.812	24.42
389	h0	1.0	1	1	0.727	0.75	0.75	0.933	0.933	0.812	28.91
390	h0	1.0	1	1	0.727	0.75	0.75	0.812	0.792	0.497	13.07
391	h0	1.0	1	1	0.697	0.63	0.548	0.0	0.0	0.0	0.0
428	h0	0.668	1	1	0.697	0.88	0.721	0.867	0.8	0.812	16.64
429	h0	0.7	1	1	0.727	0.917	0.75	0.867	0.8	0.812	19.71
430	h0	0.7	1	1	0.727	0.957	0.75	0.867	0.8	0.812	20.57
431	h0	0.7	1	1	0.697	0.987	0.66	0.812	0.655	0.516	8.72
432	h0	0.318	1	1	0.03	0.833	0.401	0.0	0.0	0.083	0.0
433	h0	0.955	1	1	0.697	0.72	0.721	0.867	0.8	0.812	19.46
434	h0	1.0	1	1	0.727	0.75	0.75	0.867	0.8	0.812	23.03
435	h0	1.0	1	1	0.727	0.713	0.75	0.867	0.8	0.812	21.9
436	h0	1.0	1	1	0.697	0.683	0.75	0.812	0.655	0.812	15.42
437	h0	0.455	1	1	0.03	0.75	0.721	0.0	0.0	0.271	0.0
438	h0	0.955	1	1	0.958	0.8	0.881	0.933	0.766	0.812	37.42
439	h0	1.0	1	1	1.0	0.833	0.917	0.933	0.8	0.812	46.3
440	h0	1.0	1	1	1.0	0.833	0.917	0.933	0.8	0.812	46.3
441	h0	1.0	1	1	0.958	0.833	0.917	0.875	0.667	0.812	34.68
442	h0	0.455	1	1	0.042	0.833	0.881	0.0	0.026	0.293	0.0
443	h0	0.764	1	1	0.697	0.72	0.962	0.933	0.8	0.812	22.35
444	h0	0.8	1	1	0.727	0.75	1.0	0.933	0.8	0.812	26.44
445	h0	0.8	1	1	0.727	0.75	1.0	0.933	0.8	0.812	26.44
446	h0	0.8	1	1	0.697	0.75	1.0	0.875	0.655	0.549	13.16
447	h0	0.364	1	1	0.03	0.75	0.962	0.0	0.0	0.104	0.0
800	h1	0.455	1	1	0.61	0.72	0.154	0.0	0.267	0.0	0.0
801	h1	0.5	1	1	0.636	0.75	0.167	0.0	0.267	0.0	0.0
802	h1	0.5	1	1	0.451	0.45	0.09	0.0	0.234	0.0	0.0
803	h1	0.636	1	1	0.61	0.72	0.846	0.867	0.792	0.851	13.81
804	h1	0.7	1	1	0.697	0.75	0.917	0.867	0.8	0.875	20.36
805	h1	0.668	1	1	0.515	0.617	0.494	0.84	0.703	0.535	3.31
806	h1	0.909	1	1	0.958	0.72	0.692	0.8	0.905	0.851	26.73
807	h1	0.955	1	1	1.0	0.75	0.75	0.8	0.933	0.875	35.08
808	h1	0.859	1	1	0.708	0.55	0.673	0.775	0.82	0.535	7.65
809	h1	0.545	1	1	0.0	0.56	0.769	0.775	0.0	0.0	0.0
810	h1	0.65	1	1	0.0	0.583	0.833	0.8	0.0	0.0	0.0
811	h1	0.7	1	1	0.0	0.35	0.449	0.775	0.0	0.0	0.0
824	h1	0.909	1	1	0.871	0.72	0.923	0.867	0.776	0.851	30.12
825	h1	1.0	1	1	0.852	0.75	1.0	0.867	0.8	0.875	38.78
826	h1	1.0	1	1	0.58	0.75	1.0	0.84	0.703	0.559	14.36
827	h1	1.0	1	1	0.0	0.63	0.769	0.0	0.0	0.0	0.0
828	h1	0.636	1	1	0.958	0.88	0.692	0.904	0.776	0.79	20.56
829	h1	0.7	1	1	1.0	0.917	0.75	0.933	0.8	0.812	29.18
830	h1	0.7	1	1	1.0	0.917	0.75	0.933	0.752	0.812	27.43
831	h1	0.7	1	1	1.0	0.77	0.577	0.875	0.339	0.406	3.75
832	h1	0.605	1	1	0.818	0.71	0.833	0.933	0.8	0.812	17.74
833	h1	0.7	1	1	0.818	0.75	0.833	0.933	0.8	0.812	21.68
834	h1	0.7	1	1	0.818	0.75	0.917	0.933	0.8	0.812	23.87
835	h1	0.7	1	1	0.17	0.697	0.917	0.7	0.42	0.358	0.8
836	h1	0.7	1	1	1.0	0.75	1.0	0.933	0.8	0.812	31.82
837	h1	0.7	1	1	1.0	0.75	1.0	0.933	0.8	0.812	31.82
838	h1	0.7	1	1	1.0	0.75	1.0	0.933	0.8	0.812	31.82
839	h1	0.7	1	1	0.708	0.39	0.462	0.729	0.485	0.253	0.8
840	h1	1.0	1	1	0.727	1.0	0.75	0.933	0.8	0.875	35.61
841	h1	1.0	1	1	0.727	1.0	0.75	0.933	0.8	0.875	35.61
842	h1	1.0	1	1	0.727	1.0	0.75	0.933	0.8	0.875	35.61
843	h1	1.0	1	1	0.515	0.56	0.346	0.758	0.527	0.292	1.16
844	h1	0.7	1	1	0.727	0.833	0.75	0.933	0.8	0.812	19.27
845	h1	0.7	1	1	0.727	0.833	0.75	0.933	0.8	0.812	19.27
846	h1	0.7	1	1	0.727	0.833	0.75	0.933	0.8	0.812	19.27
847	h1	0.7	1	1	0.515	0.433	0.343	0.729	0.493	0.271	0.52
848	h1	0.655	1	1	0.727	0.75	0.75	0.933	0.796	0.812	16.15
849	h1	0.7	1	1	0.727	0.75	0.75	0.933	0.8	0.812	17.35
850	h1	0.7	1	1	0.727	0.75	0.75	0.933	0.8	0.812	17.35
851	h1	0.609	1	1	0.636	0.71	0.548	0.729	0.412	0.304	1.38
852	h1	0.668	1	1	0.697	0.96	0.692	0.867	0.84	0.79	17.8
853	h1	0.7	1	1	0.727	1.0	0.75	0.867	0.867	0.812	23.3
854	h1	0.7	1	1	0.727	1.0	0.75	0.867	0.867	0.812	23.3
855	h1	0.7	1	1	0.727	0.84	0.577	0.812	0.735	0.406	5.98
856	h1	0.909	1	1	0.697	0.72	0.692	0.84	0.905	0.79	18.96
857	h1	1.0	1	1	0.727	0.75	0.75	0.867	0.933	0.812	26.86
858	h1	1.0	1	1	0.727	0.75	0.75	0.84	0.82	0.497	14.0
859	h1	1.0	1	1	0.727	0.63	0.577	0.0	0.0	0.0	0.0
896	h1	0.636	1	1	0.697	0.88	0.692	0.904	0.776	0.79	14.96
897	h1	0.7	1	1	0.727	0.917	0.75	0.933	0.8	0.812	21.21
898	h1	0.7	1	1	0.727	0.917	0.75	0.933	0.8	0.812	21.21
899	h1	0.7	1	1	0.727	0.917	0.673	0.875	0.679	0.531	9.91
900	h1	0.318	1	1	0.03	0.917	0.417	0.0	0.0	0.09	0.0
901	h1	0.909	1	1	0.697	0.8	0.692	0.904	0.776	0.79	19.44
902	h1	1.0	1	1	0.727	0.777	0.75	0.933	0.8	0.812	25.68
903	h1	1.0	1	1	0.727	0.75	0.75	0.933	0.8	0.812	24.78
904	h1	1.0	1	1	0.727	0.75	0.75	0.875	0.679	0.812	19.73
905	h1	0.455	1	1	0.03	0.75	0.75	0.0	0.0	0.293	0.0
906	h1	0.955	1	1	0.958	0.72	0.769	0.84	0.776	0.79	26.09
907	h1	1.0	1	1	1.0	0.75	0.833	0.867	0.8	0.812	35.19
908	h1	1.0	1	1	1.0	0.75	0.833	0.867	0.8	0.812	35.19
909	h1	1.0	1	1	1.0	0.75	0.833	0.812	0.655	0.812	26.98
910	h1	0.455	1	1	0.042	0.75	0.833	0.0	0.0	0.293	0.0
911	h1	0.764	1	1	0.784	0.72	0.923	0.867	0.84	0.79	22.9
912	h1	0.8	1	1	0.818	0.75	1.0	0.867	0.867	0.812	29.96
913	h1	0.8	1	1	0.818	0.75	1.0	0.867	0.867	0.812	29.96
914	h1	0.8	1	1	0.818	0.833	1.0	0.812	0.709	0.562	17.64
915	h1	0.364	1	1	0.034	0.833	1.0	0.0	0.0	0.113	0.0
