ChipID	Half	Layer0	Layer1	Layer2	Layer3	Layer4	Layer5	Layer6	Layer7	Layer8	Peff(%)
332	h0	0.95	1	0.573	0.957	0.87	0.697	1	0.929	0.333	9.77
333	h0	1.0	1	0.6	1.0	0.909	0.727	1	0.929	0.333	12.27
334	h0	1.0	1	0.573	0.87	0.711	0.515	1	0.929	0.265	4.49
335	h0	0.665	1	0.668	0.783	0.957	0.697	1	0.829	0.8	15.39
336	h0	0.7	1	0.7	0.818	1.0	0.727	1	0.857	0.8	19.98
337	h0	0.7	1	0.668	0.711	1.0	0.621	1	0.857	0.635	11.24
338	h0	0.76	1	0.859	0.696	0.87	0.958	1	0.76	0.8	23.03
339	h0	0.765	1	0.855	0.727	0.909	1.0	1	0.786	0.8	27.18
340	h0	0.7	1	0.764	0.644	0.909	1.0	1	0.786	0.635	15.63
341	h0	0.855	1	0.573	0.522	0.957	0.697	1	0.429	0.333	2.44
342	h0	0.94	1	0.65	0.545	0.909	0.727	1	0.429	0.333	3.14
343	h0	1.0	1	0.668	0.553	0.711	0.542	1	0.429	0.265	1.62
356	h0	0.76	1	0.955	0.696	0.696	0.697	1	0.829	0.8	16.25
357	h0	0.8	1	1.0	0.727	0.727	0.727	1	0.857	0.8	21.07
358	h0	0.8	1	1.0	0.68	0.727	0.727	1	0.857	0.731	18.01
359	h0	0.8	1	1.0	0.364	0.727	0.727	1	0.111	0.343	0.59
360	h0	0.95	1	0.668	0.783	0.696	0.958	1	0.76	0.8	20.14
361	h0	1.0	1	0.7	0.818	0.727	1.0	1	0.786	0.8	26.18
362	h0	1.0	1	0.7	0.818	0.751	1.0	1	0.786	0.8	27.04
363	h0	1.0	1	0.7	0.818	0.818	1.0	1	0.786	0.588	21.65
364	h0	0.64	1	0.605	0.711	0.794	0.727	1	0.786	0.8	9.99
365	h0	0.8	1	0.7	0.727	0.818	0.727	1	0.786	0.8	15.22
366	h0	0.8	1	0.7	0.727	0.818	0.727	1	0.786	0.8	15.22
367	h0	0.8	1	0.7	0.395	0.818	0.818	1	0.737	0.541	5.9
368	h0	0.7	1	0.7	1.0	0.636	1.0	1	0.786	0.867	21.24
369	h0	0.7	1	0.7	1.0	0.636	1.0	1	0.786	0.867	21.24
370	h0	0.7	1	0.7	1.0	0.636	1.0	1	0.786	0.867	21.24
371	h0	0.7	1	0.7	1.0	0.526	0.792	1	0.749	0.561	8.58
372	h0	1.0	1	1.0	0.727	1.0	0.727	1	0.786	0.933	38.76
373	h0	1.0	1	1.0	0.727	1.0	0.727	1	0.786	0.933	38.76
374	h0	1.0	1	1.0	0.727	1.0	0.727	1	0.786	0.933	38.76
375	h0	1.0	1	1.0	0.727	0.87	0.576	1	0.781	0.604	17.19
376	h0	0.7	1	0.7	0.727	0.818	0.727	1	0.786	0.933	15.54
377	h0	0.7	1	0.7	0.727	0.818	0.727	1	0.786	0.933	15.54
378	h0	0.7	1	0.7	0.727	0.818	0.727	1	0.786	0.933	15.54
379	h0	0.7	1	0.7	0.715	0.711	0.545	1	0.749	0.631	6.42
380	h0	0.595	1	0.655	0.909	0.636	0.818	1	0.765	0.8	11.28
381	h0	0.7	1	0.7	0.909	0.636	0.818	1	0.786	0.8	14.57
382	h0	0.7	1	0.7	0.909	0.636	0.818	1	0.786	0.8	14.57
383	h0	0.7	1	0.609	0.909	0.636	0.784	1	0.675	0.586	7.64
384	h0	0.855	1	0.668	0.696	0.609	0.697	1	0.76	0.8	10.26
385	h0	0.9	1	0.7	0.727	0.636	0.727	1	0.786	0.8	13.32
386	h0	0.9	1	0.7	0.727	0.636	0.727	1	0.786	0.8	13.32
387	h0	0.9	1	0.7	0.727	0.636	0.727	1	0.786	0.588	9.79
388	h0	0.855	1	0.955	0.957	0.696	0.784	1	0.76	0.8	25.92
389	h0	0.9	1	1.0	1.0	0.727	0.818	1	0.786	0.8	33.65
390	h0	0.9	1	1.0	1.0	0.727	0.818	1	0.786	0.745	31.34
391	h0	0.9	1	1.0	1.0	0.727	0.818	1	0.412	0.392	8.64
428	h0	0.665	1	0.668	0.957	0.957	0.697	1	0.786	0.8	17.83
429	h0	0.7	1	0.7	1.0	1.0	0.727	1	0.786	0.8	22.4
430	h0	0.7	1	0.7	1.0	0.98	0.727	1	0.786	0.8	21.95
431	h0	0.7	1	0.7	1.0	0.909	0.727	1	0.786	0.747	19.01
432	h0	0.56	1	0.318	0.304	0.988	0.727	1	0.101	0.388	0.15
433	h0	0.95	1	0.955	0.696	0.783	0.697	1	0.786	0.8	21.67
434	h0	1.0	1	1.0	0.727	0.818	0.727	1	0.786	0.8	27.19
435	h0	1.0	1	1.0	0.727	0.818	0.727	1	0.786	0.8	27.19
436	h0	1.0	1	1.0	0.727	0.818	0.727	1	0.786	0.8	27.19
437	h0	0.762	1	0.455	0.221	0.818	0.727	1	0.101	0.518	0.24
438	h0	0.95	1	0.955	0.87	0.783	0.958	1	0.604	0.8	28.61
439	h0	1.0	1	1.0	0.909	0.818	1.0	1	0.786	0.8	46.76
440	h0	1.0	1	1.0	0.909	0.818	1.0	1	0.786	0.8	46.76
441	h0	1.0	1	1.0	0.909	0.818	1.0	1	0.786	0.8	46.76
442	h0	0.762	1	0.5	0.277	0.818	1.0	1	0.267	0.518	1.19
443	h0	0.665	1	0.764	0.696	0.957	0.697	1	0.786	0.8	14.83
444	h0	0.7	1	0.8	0.727	1.0	0.727	1	0.786	0.8	18.61
445	h0	0.7	1	0.8	0.727	1.0	0.727	1	0.786	0.8	18.61
446	h0	0.7	1	0.8	0.727	1.0	0.727	1	0.786	0.765	17.8
447	h0	0.56	1	0.364	0.221	1.0	0.727	1	0.101	0.431	0.14
800	h1	0.95	1	0.545	0.83	0.783	0.75	1	0.929	0.324	7.6
801	h1	1.0	1	0.6	0.909	0.818	0.818	1	0.929	0.333	11.29
802	h1	1.0	1	0.6	0.83	0.64	0.614	1	0.929	0.275	5.0
803	h1	0.665	1	0.727	0.747	0.957	0.667	1	0.899	0.776	16.08
804	h1	0.7	1	0.8	0.866	1.0	0.727	1	0.929	0.8	26.2
805	h1	0.7	1	0.8	0.791	1.0	0.636	1	0.929	0.659	17.25
806	h1	0.76	1	0.727	0.664	0.783	0.958	1	0.76	0.776	16.23
807	h1	0.765	1	0.8	0.727	0.818	1.0	1	0.786	0.8	22.89
808	h1	0.7	1	0.8	0.644	0.818	1.0	1	0.786	0.659	15.28
809	h1	0.855	1	0.636	0.498	0.957	0.667	1	0.415	0.324	2.32
810	h1	0.94	1	0.7	0.545	1.0	0.727	1	0.429	0.333	3.72
811	h1	1.0	1	0.7	0.474	0.783	0.545	1	0.429	0.275	1.67
824	h1	0.665	1	0.909	0.747	0.696	0.667	1	0.829	0.776	13.49
825	h1	0.7	1	1.0	0.775	0.727	0.727	1	0.857	0.8	19.66
826	h1	0.7	1	1.0	0.692	0.727	0.727	1	0.857	0.741	16.26
827	h1	0.7	1	1.0	0.455	0.727	0.727	1	0.138	0.357	0.83
828	h1	0.95	1	0.636	0.664	0.696	0.917	1	0.829	0.776	16.47
829	h1	1.0	1	0.6	0.727	0.727	1.0	1	0.857	0.8	21.74
830	h1	1.0	1	0.6	0.727	0.727	1.0	1	0.857	0.8	21.74
831	h1	1.0	1	0.6	0.727	0.727	1.0	1	0.857	0.612	16.63
832	h1	0.72	1	0.605	0.688	0.652	0.727	1	0.786	0.8	8.93
833	h1	0.9	1	0.7	0.727	0.727	0.727	1	0.786	0.8	15.22
834	h1	0.9	1	0.7	0.727	0.727	0.727	1	0.786	0.8	15.22
835	h1	0.9	1	0.7	0.466	0.727	0.727	1	0.74	0.541	6.21
836	h1	0.7	1	0.7	1.0	0.727	1.0	1	0.786	0.867	24.28
837	h1	0.7	1	0.7	1.0	0.727	1.0	1	0.786	0.867	24.28
838	h1	0.7	1	0.7	1.0	0.727	1.0	1	0.786	0.867	24.28
839	h1	0.7	1	0.7	1.0	0.609	0.792	1	0.77	0.561	10.21
840	h1	1.0	1	1.0	0.818	1.0	0.727	1	0.786	0.933	43.61
841	h1	1.0	1	1.0	0.818	1.0	0.727	1	0.786	0.933	43.61
842	h1	1.0	1	1.0	0.818	1.0	0.727	1	0.786	0.933	43.61
843	h1	1.0	1	1.0	0.818	0.87	0.576	1	0.781	0.631	20.2
844	h1	0.7	1	0.7	0.727	0.818	0.727	1	0.786	0.867	14.44
845	h1	0.7	1	0.7	0.727	0.818	0.727	1	0.786	0.867	14.44
846	h1	0.7	1	0.7	0.727	0.818	0.727	1	0.786	0.933	15.54
847	h1	0.7	1	0.7	0.727	0.711	0.545	1	0.765	0.604	6.38
848	h1	0.61	1	0.632	0.818	0.727	0.727	1	0.758	0.8	10.11
849	h1	0.7	1	0.7	0.818	0.727	0.727	1	0.786	0.8	13.32
850	h1	0.7	1	0.7	0.818	0.727	0.727	1	0.786	0.8	13.32
851	h1	0.686	1	0.618	0.818	0.727	0.697	1	0.675	0.541	6.42
852	h1	0.76	1	0.636	0.664	0.696	0.697	1	0.76	0.776	9.18
853	h1	0.8	1	0.7	0.727	0.727	0.727	1	0.786	0.8	13.53
854	h1	0.8	1	0.7	0.727	0.727	0.727	1	0.786	0.8	13.53
855	h1	0.8	1	0.7	0.727	0.727	0.727	1	0.786	0.588	9.94
856	h1	0.95	1	0.909	0.913	0.696	0.75	1	0.76	0.776	24.27
857	h1	1.0	1	1.0	1.0	0.727	0.818	1	0.786	0.8	37.39
858	h1	1.0	1	1.0	1.0	0.727	0.818	1	0.786	0.753	35.2
859	h1	1.0	1	1.0	1.0	0.727	0.818	1	0.426	0.408	10.34
896	h1	0.665	1	0.636	0.913	0.87	0.75	1	0.76	0.776	14.86
897	h1	0.7	1	0.7	1.0	0.909	0.818	1	0.786	0.8	22.91
898	h1	0.7	1	0.7	1.0	0.909	0.818	1	0.786	0.8	22.91
899	h1	0.7	1	0.7	1.0	0.909	0.727	1	0.786	0.769	19.57
900	h1	0.567	1	0.35	0.348	0.909	0.727	1	0.127	0.451	0.26
901	h1	0.855	1	0.909	0.664	0.957	0.667	1	0.76	0.776	19.43
902	h1	0.9	1	1.0	0.727	0.949	0.727	1	0.786	0.8	28.39
903	h1	0.9	1	1.0	0.727	0.909	0.727	1	0.786	0.8	27.19
904	h1	0.9	1	1.0	0.727	0.909	0.727	1	0.786	0.8	27.19
905	h1	0.729	1	0.5	0.253	0.909	0.727	1	0.127	0.541	0.42
906	h1	0.95	1	0.909	0.913	0.696	0.958	1	0.636	0.776	25.94
907	h1	1.0	1	1.0	1.0	0.727	1.0	1	0.786	0.8	45.71
908	h1	1.0	1	1.0	1.0	0.727	1.0	1	0.786	0.8	45.71
909	h1	1.0	1	1.0	1.0	0.727	1.0	1	0.786	0.8	45.71
910	h1	0.81	1	0.5	0.348	0.727	1.0	1	0.251	0.541	1.39
911	h1	0.633	1	0.727	0.664	0.957	0.697	1	0.76	0.776	12.02
912	h1	0.7	1	0.8	0.727	1.0	0.727	1	0.786	0.8	18.61
913	h1	0.7	1	0.8	0.727	1.0	0.727	1	0.786	0.8	18.61
914	h1	0.7	1	0.8	0.727	1.0	0.727	1	0.786	0.765	17.8
915	h1	0.567	1	0.4	0.253	1.0	0.727	1	0.127	0.451	0.24
