 ChipID Half   Layer0   Layer1  Layer2  Layer3   Layer4   Layer5   Layer6  Layer7  Layer8  Pseaudo_Eff
    344   h0 0.631579 0.842105   0.665       1 0.954545 0.668182 0.740741       1       1     0.167099
    345   h0 0.666667 0.888889   0.700       1 1.000000 0.700000 0.769231       1       1     0.223362
    346   h0 0.666667 0.888889   0.700       1 1.000000 0.700000 0.769231       1       1     0.223362
    347   h0 0.842105 0.842105   0.950       1 0.668182 0.859091 0.740741       1       1     0.286455
    348   h0 0.888889 0.888889   1.000       1 0.700000 0.900000 0.769231       1       1     0.382906
    349   h0 0.888889 0.888889   1.000       1 0.700000 0.900000 0.769231       1       1     0.382906
    350   h0 0.631579 0.947368   0.665       1 0.954545 0.727273 0.740741       1       1     0.204611
    351   h0 0.666667 1.000000   0.700       1 1.000000 0.800000 0.769231       1       1     0.287179
    352   h0 0.666667 1.000000   0.700       1 1.000000 0.800000 0.769231       1       1     0.287179
    353   h0 0.947368 0.631579   0.760       1 0.668182 0.645455 0.740741       1       1     0.145274
    354   h0 1.000000 0.666667   0.800       1 0.700000 0.700000 0.769231       1       1     0.201026
    355   h0 1.000000 0.666667   0.800       1 0.668182 0.700000 0.769231       1       1     0.191888
    392   h0 0.842105 0.631579   0.665       1 0.668182 0.954545 0.814815       1       1     0.183809
    393   h0 0.888889 0.666667   0.700       1 0.700000 1.000000 0.846154       1       1     0.245698
    394   h0 0.888889 0.666667   0.700       1 0.700000 1.000000 0.846154       1       1     0.245698
    395   h0 0.888889 0.666667   0.700       1 0.700000 1.000000 0.846154       1       1     0.245698
    396   h0 0.631579 0.947368   0.855       1 0.954545 0.668182 0.962963       1       1     0.314205
    397   h0 0.666667 1.000000   0.900       1 1.000000 0.700000 1.000000       1       1     0.420000
    398   h0 0.666667 1.000000   0.900       1 1.000000 0.700000 1.000000       1       1     0.420000
    399   h0 0.666667 1.000000   0.900       1 1.000000 0.700000 1.000000       1       1     0.420000
    400   h0 0.789474 0.614035   0.850       1 0.954545 0.654545 0.649573       1       1     0.167230
    401   h0 1.000000 0.777778   1.000       1 1.000000 0.700000 0.769231       1       1     0.418803
    402   h0 1.000000 0.777778   1.000       1 1.000000 0.700000 0.769231       1       1     0.418803
    403   h0 1.000000 0.777778   1.000       1 1.000000 0.700000 0.769231       1       1     0.418803
    404   h0 0.736842 0.666667   0.700       1 0.700000 0.700000 0.746439       1       1     0.125768
    405   h0 0.777778 0.666667   0.700       1 0.700000 0.700000 0.769231       1       1     0.136809
    406   h0 0.777778 0.666667   0.700       1 0.700000 0.700000 0.769231       1       1     0.136809
    407   h0 0.777778 0.666667   0.700       1 0.700000 0.700000 0.769231       1       1     0.136809
    408   h0 0.736842 0.947368   0.700       1 0.700000 1.000000 0.746439       1       1     0.255319
    409   h0 0.777778 1.000000   0.700       1 0.700000 1.000000 0.769231       1       1     0.293162
    410   h0 0.777778 1.000000   0.700       1 0.700000 1.000000 0.769231       1       1     0.293162
    411   h0 0.777778 1.000000   0.700       1 0.700000 1.000000 0.769231       1       1     0.293162
    412   h0 0.947368 0.654971   1.000       1 1.000000 0.700000 0.712251       1       1     0.309365
    413   h0 1.000000 0.666667   1.000       1 1.000000 0.700000 0.769231       1       1     0.358974
    414   h0 1.000000 0.666667   1.000       1 1.000000 0.700000 0.769231       1       1     0.358974
    415   h0 1.000000 0.666667   1.000       1 1.000000 0.700000 0.769231       1       1     0.358974
    416   h0 0.502924 0.684211   0.610       1 0.677273 0.618182 0.888889       1       1     0.078118
    417   h0 0.666667 1.000000   0.700       1 0.700000 0.700000 0.923077       1       1     0.211077
    418   h0 0.666667 1.000000   0.700       1 0.700000 0.700000 0.923077       1       1     0.211077
    419   h0 0.666667 1.000000   0.700       1 0.700000 0.700000 0.923077       1       1     0.211077
    420   h0 0.842105 0.947368   0.665       1 0.668182 0.659091 0.740741       1       1     0.173067
    421   h0 0.888889 1.000000   0.700       1 0.700000 0.700000 0.769231       1       1     0.234530
    422   h0 0.888889 1.000000   0.700       1 0.700000 0.700000 0.769231       1       1     0.234530
    423   h0 0.888889 1.000000   0.700       1 0.700000 0.700000 0.769231       1       1     0.234530
    424   h0 0.842105 0.631579   0.950       1 0.668182 0.909091 0.740741       1       1     0.227345
    425   h0 0.888889 0.666667   1.000       1 0.700000 1.000000 0.769231       1       1     0.319088
    426   h0 0.888889 0.666667   1.000       1 0.700000 1.000000 0.769231       1       1     0.319088
    427   h0 0.888889 0.666667   1.000       1 0.700000 1.000000 0.569801       1       1     0.236362
    448   h0 0.947368 0.631579   0.855       1 0.668182 0.763636 0.814815       1       1     0.212693
    449   h0 1.000000 0.666667   0.900       1 0.700000 0.800000 0.846154       1       1     0.284308
    450   h0 1.000000 0.666667   0.900       1 0.700000 0.800000 0.846154       1       1     0.284308
    451   h0 1.000000 0.666667   0.900       1 0.700000 0.800000 0.846154       1       1     0.284308
    452   h0 1.000000 0.666667   0.810       1 0.700000 0.800000 0.532764       1       1     0.161108
    453   h0 0.210526 0.947368   0.475       1 0.668182 0.954545 0.279202       1       1     0.016871
    454   h0 0.619883 1.000000   0.690       1 0.700000 1.000000 0.769231       1       1     0.230310
    455   h0 0.666667 1.000000   0.700       1 0.700000 1.000000 0.769231       1       1     0.251282
    456   h0 0.666667 1.000000   0.700       1 0.700000 1.000000 0.769231       1       1     0.251282
    457   h0 0.666667 1.000000   0.650       1 0.700000 1.000000 0.740741       1       1     0.224691
    458   h0 0.947368 0.736842   0.950       1 0.668182 0.954545 0.923077       1       1     0.390433
    459   h0 1.000000 0.777778   1.000       1 0.700000 1.000000 0.923077       1       1     0.502564
    460   h0 1.000000 0.777778   1.000       1 0.700000 1.000000 0.923077       1       1     0.502564
    461   h0 1.000000 0.777778   1.000       1 0.700000 1.000000 0.923077       1       1     0.502564
    462   h0 1.000000 0.777778   0.900       1 0.700000 1.000000 0.581197       1       1     0.284786
    463   h0 0.631579 0.631579   0.760       1 0.954545 0.668182 0.740741       1       1     0.143227
    464   h0 0.666667 0.666667   0.800       1 1.000000 0.700000 0.769231       1       1     0.191453
    465   h0 0.666667 0.666667   0.800       1 1.000000 0.700000 0.769231       1       1     0.191453
    466   h0 0.666667 0.666667   0.800       1 1.000000 0.700000 0.769231       1       1     0.191453
    467   h0 0.666667 0.666667   0.720       1 1.000000 0.700000 0.484330       1       1     0.108490
    812   h1 0.596491 0.947368   0.695       1 0.954545 0.800000 0.769231       1       1     0.230702
    813   h1 0.666667 1.000000   0.700       1 1.000000 0.750000 0.769231       1       1     0.269231
    814   h1 0.666667 1.000000   0.700       1 1.000000 0.686364 0.769231       1       1     0.246387
    815   h1 0.795322 0.736842   0.950       1 0.668182 0.900000 0.769231       1       1     0.257534
    816   h1 0.888889 0.777778   1.000       1 0.700000 0.900000 0.769231       1       1     0.335043
    817   h1 0.888889 0.777778   1.000       1 0.700000 0.900000 0.769231       1       1     0.335043
    818   h1 0.596491 0.947368   0.700       1 0.954545 0.800000 0.769231       1       1     0.232362
    819   h1 0.666667 1.000000   0.700       1 1.000000 0.800000 0.769231       1       1     0.287179
    820   h1 0.666667 1.000000   0.700       1 1.000000 0.800000 0.769231       1       1     0.287179
    821   h1 0.894737 0.631579   0.800       1 0.668182 0.700000 0.769231       1       1     0.162653
    822   h1 1.000000 0.666667   0.800       1 0.700000 0.650000 0.769231       1       1     0.186667
    823   h1 1.000000 0.666667   0.800       1 0.700000 0.595455 0.769231       1       1     0.171002
    860   h1 0.795322 0.631579   0.665       1 0.763636 1.000000 0.846154       1       1     0.215838
    861   h1 0.888889 0.666667   0.700       1 0.800000 1.000000 0.846154       1       1     0.280798
    862   h1 0.888889 0.666667   0.700       1 0.800000 1.000000 0.846154       1       1     0.280798
    863   h1 0.888889 0.666667   0.700       1 0.800000 1.000000 0.846154       1       1     0.280798
    864   h1 0.596491 0.947368   0.855       1 0.954545 0.700000 1.000000       1       1     0.322837
    865   h1 0.666667 1.000000   0.900       1 1.000000 0.700000 1.000000       1       1     0.420000
    866   h1 0.666667 1.000000   0.900       1 1.000000 0.700000 1.000000       1       1     0.420000
    867   h1 0.666667 1.000000   0.900       1 1.000000 0.700000 1.000000       1       1     0.420000
    868   h1 0.842105 0.573099   0.900       1 0.954545 0.677273 0.683761       1       1     0.192001
    869   h1 1.000000 0.777778   1.000       1 1.000000 0.700000 0.769231       1       1     0.418803
    870   h1 1.000000 0.777778   1.000       1 1.000000 0.700000 0.769231       1       1     0.418803
    871   h1 1.000000 0.777778   1.000       1 1.000000 0.700000 0.769231       1       1     0.418803
    872   h1 0.596491 0.666667   0.700       1 0.700000 0.700000 0.757835       1       1     0.103367
    873   h1 0.666667 0.666667   0.700       1 0.700000 0.700000 0.769231       1       1     0.117265
    874   h1 0.666667 0.666667   0.700       1 0.700000 0.700000 0.769231       1       1     0.117265
    875   h1 0.666667 0.666667   0.700       1 0.700000 0.700000 0.769231       1       1     0.117265
    876   h1 0.695906 1.000000   0.700       1 0.700000 1.000000 0.769231       1       1     0.262303
    877   h1 0.777778 1.000000   0.700       1 0.700000 1.000000 0.769231       1       1     0.293162
    878   h1 0.777778 1.000000   0.700       1 0.700000 1.000000 0.769231       1       1     0.293162
    879   h1 0.777778 1.000000   0.700       1 0.700000 1.000000 0.769231       1       1     0.293162
    880   h1 0.894737 0.649123   1.000       1 1.000000 0.700000 0.814815       1       1     0.331268
    881   h1 1.000000 0.666667   1.000       1 1.000000 0.700000 0.846154       1       1     0.394872
    882   h1 1.000000 0.666667   1.000       1 1.000000 0.700000 0.769231       1       1     0.358974
    883   h1 1.000000 0.666667   1.000       1 1.000000 0.700000 0.769231       1       1     0.358974
    884   h1 0.479532 0.736842   0.625       1 0.663636 0.618182 0.925926       1       1     0.083887
    885   h1 0.666667 1.000000   0.700       1 0.700000 0.700000 1.000000       1       1     0.228667
    886   h1 0.666667 1.000000   0.700       1 0.700000 0.700000 1.000000       1       1     0.228667
    887   h1 0.666667 1.000000   0.700       1 0.700000 0.700000 1.000000       1       1     0.228667
    888   h1 0.947368 0.947368   0.700       1 0.668182 0.600000 0.769231       1       1     0.193749
    889   h1 1.000000 1.000000   0.700       1 0.700000 0.650000 0.769231       1       1     0.245000
    890   h1 1.000000 1.000000   0.700       1 0.700000 0.695455 0.769231       1       1     0.262133
    891   h1 1.000000 1.000000   0.700       1 0.700000 0.600000 0.769231       1       1     0.226154
    892   h1 0.695906 0.631579   1.000       1 0.668182 1.000000 0.769231       1       1     0.225907
    893   h1 0.777778 0.666667   1.000       1 0.700000 1.000000 0.769231       1       1     0.279202
    894   h1 0.777778 0.666667   1.000       1 0.700000 1.000000 0.769231       1       1     0.279202
    895   h1 0.777778 0.666667   1.000       1 0.700000 1.000000 0.555556       1       1     0.201646
    916   h1 0.894737 0.631579   0.900       1 0.668182 0.800000 0.846154       1       1     0.230038
    917   h1 1.000000 0.666667   0.900       1 0.700000 0.800000 0.846154       1       1     0.284308
    918   h1 1.000000 0.666667   0.900       1 0.700000 0.800000 0.846154       1       1     0.284308
    919   h1 1.000000 0.666667   0.900       1 0.700000 0.800000 0.846154       1       1     0.284308
    920   h1 1.000000 0.666667   0.810       1 0.700000 0.800000 0.532764       1       1     0.161108
    921   h1 0.298246 0.947368   0.510       1 0.763636 1.000000 0.307692       1       1     0.033858
    922   h1 0.631579 1.000000   0.690       1 0.800000 1.000000 0.769231       1       1     0.268178
    923   h1 0.666667 1.000000   0.700       1 0.800000 1.000000 0.769231       1       1     0.287179
    924   h1 0.666667 1.000000   0.700       1 0.800000 1.000000 0.769231       1       1     0.287179
    925   h1 0.666667 1.000000   0.650       1 0.800000 1.000000 0.740741       1       1     0.256790
    926   h1 0.894737 0.631579   1.000       1 0.668182 1.000000 0.923077       1       1     0.348542
    927   h1 1.000000 0.666667   1.000       1 0.700000 1.000000 0.923077       1       1     0.430769
    928   h1 1.000000 0.666667   1.000       1 0.700000 1.000000 0.923077       1       1     0.430769
    929   h1 1.000000 0.666667   1.000       1 0.700000 1.000000 0.923077       1       1     0.430769
    930   h1 1.000000 0.666667   0.900       1 0.700000 1.000000 0.547009       1       1     0.229744
    931   h1 0.619883 0.736842   0.800       1 0.954545 0.700000 0.769231       1       1     0.187813
    932   h1 0.666667 0.777778   0.800       1 1.000000 0.700000 0.769231       1       1     0.223362
    933   h1 0.666667 0.777778   0.800       1 1.000000 0.700000 0.769231       1       1     0.223362
    934   h1 0.666667 0.777778   0.800       1 1.000000 0.700000 0.769231       1       1     0.223362
    935   h1 0.666667 0.777778   0.720       1 1.000000 0.700000 0.455840       1       1     0.119126