 ChipID Half  Layer0   Layer1  Layer2  Layer3   Layer4   Layer5   Layer6   Layer7  Layer8  Pseaudo_Eff
    332   h0       1 0.950000   0.950       1 0.668182 0.867769 0.964286 0.742706       1     0.374773
    333   h0       1 1.000000   1.000       1 0.700000 0.909091 1.000000 0.769231       1     0.489510
    334   h0       1 1.000000   1.000       1 0.700000 0.867769 1.000000 0.769231       1     0.467260
    335   h0       1 0.633333   0.665       1 0.668182 0.867769 0.890110 0.742706       1     0.161441
    336   h0       1 0.666667   0.700       1 0.700000 0.909091 0.923077 0.769231       1     0.210866
    337   h0       1 0.666667   0.700       1 0.700000 0.909091 0.923077 0.769231       1     0.210866
    338   h0       1 0.950000   0.665       1 0.954545 0.661157 0.741758 0.891247       1     0.263577
    339   h0       1 1.000000   0.700       1 1.000000 0.727273 0.769231 0.923077       1     0.361485
    340   h0       1 1.000000   0.700       1 1.000000 0.727273 0.769231 0.923077       1     0.361485
    341   h0       1 0.633333   0.950       1 0.668182 0.665289 0.890110 0.965517       1     0.229861
    342   h0       1 0.666667   1.000       1 0.700000 0.727273 0.923077 1.000000       1     0.313287
    343   h0       1 0.666667   1.000       1 0.677273 0.723140 0.923077 1.000000       1     0.301393
    356   h0       1 0.950000   0.665       1 0.954545 0.694215 0.741758 0.742706       1     0.230629
    357   h0       1 1.000000   0.700       1 1.000000 0.727273 0.769231 0.769231       1     0.301237
    358   h0       1 1.000000   0.700       1 1.000000 0.727273 0.769231 0.769231       1     0.301237
    359   h0       1 1.000000   0.700       1 1.000000 0.727273 0.769231 0.315650       1     0.123611
    360   h0       1 0.738889   0.950       1 0.668182 0.780992 0.741758 0.816976       1     0.221981
    361   h0       1 0.777778   1.000       1 0.700000 0.818182 0.769231 0.846154       1     0.289941
    362   h0       1 0.777778   1.000       1 0.700000 0.818182 0.769231 0.846154       1     0.289941
    363   h0       1 0.777778   1.000       1 0.700000 0.818182 0.769231 0.846154       1     0.289941
    364   h0       1 0.533333   0.675       1 0.604545 0.710744 0.744505 0.859416       1     0.098973
    365   h0       1 0.666667   0.900       1 0.700000 0.727273 0.769231 0.923077       1     0.216891
    366   h0       1 0.666667   0.900       1 0.700000 0.727273 0.769231 0.923077       1     0.216891
    367   h0       1 0.666667   0.900       1 0.700000 0.727273 0.769231 0.923077       1     0.216891
    368   h0       1 1.000000   0.700       1 0.700000 1.000000 0.846154 0.769231       1     0.318935
    369   h0       1 1.000000   0.700       1 0.700000 1.000000 0.846154 0.769231       1     0.318935
    370   h0       1 1.000000   0.700       1 0.700000 1.000000 0.846154 0.769231       1     0.318935
    371   h0       1 1.000000   0.700       1 0.700000 1.000000 0.846154 0.769231       1     0.318935
    372   h0       1 0.777778   1.000       1 1.000000 0.727273 0.964286 0.769231       1     0.419580
    373   h0       1 0.777778   1.000       1 1.000000 0.727273 1.000000 0.769231       1     0.435120
    374   h0       1 0.777778   1.000       1 1.000000 0.727273 1.000000 0.769231       1     0.435120
    375   h0       1 0.777778   1.000       1 1.000000 0.727273 1.000000 0.769231       1     0.435120
    376   h0       1 0.638889   0.700       1 0.800000 0.727273 0.923077 0.769231       1     0.184759
    377   h0       1 0.666667   0.700       1 0.800000 0.727273 0.923077 0.769231       1     0.192792
    378   h0       1 0.666667   0.700       1 0.800000 0.727273 0.923077 0.769231       1     0.192792
    379   h0       1 0.666667   0.700       1 0.800000 0.727273 0.923077 0.769231       1     0.192792
    380   h0       1 0.850000   0.610       1 0.663636 1.000000 0.769231 0.702918       1     0.186054
    381   h0       1 1.000000   0.700       1 0.700000 1.000000 0.769231 0.769231       1     0.289941
    382   h0       1 1.000000   0.700       1 0.700000 1.000000 0.769231 0.769231       1     0.289941
    383   h0       1 1.000000   0.690       1 0.700000 1.000000 0.769231 0.769231       1     0.285799
    384   h0       1 0.844444   0.760       1 0.668182 0.780992 0.741758 0.742706       1     0.184504
    385   h0       1 0.888889   0.800       1 0.700000 0.818182 0.769231 0.769231       1     0.240990
    386   h0       1 0.888889   0.800       1 0.700000 0.818182 0.769231 0.769231       1     0.240990
    387   h0       1 0.888889   0.800       1 0.700000 0.818182 0.769231 0.769231       1     0.240990
    388   h0       1 0.633333   0.950       1 0.859091 0.909091 0.741758 0.816976       1     0.284757
    389   h0       1 0.666667   1.000       1 0.900000 1.000000 0.769231 0.846154       1     0.390533
    390   h0       1 0.666667   1.000       1 0.900000 1.000000 0.769231 0.846154       1     0.390533
    391   h0       1 0.666667   1.000       1 0.900000 1.000000 0.681319 0.846154       1     0.345900
    428   h0       1 0.633333   0.665       1 0.668182 0.954545 0.741758 0.891247       1     0.177585
    429   h0       1 0.666667   0.700       1 0.700000 1.000000 0.769231 0.923077       1     0.231953
    430   h0       1 0.666667   0.700       1 0.700000 1.000000 0.769231 0.923077       1     0.231953
    431   h0       1 0.666667   0.700       1 0.700000 1.000000 0.769231 0.923077       1     0.231953
    432   h0       1 0.666667   0.595       1 0.700000 1.000000 0.412088 0.381963       1     0.043705
    433   h0       1 0.950000   0.855       1 0.954545 0.694215 0.593407 0.965517       1     0.308385
    434   h0       1 1.000000   0.900       1 1.000000 0.727273 0.769231 1.000000       1     0.503497
    435   h0       1 1.000000   0.900       1 1.000000 0.727273 0.769231 1.000000       1     0.503497
    436   h0       1 1.000000   0.900       1 1.000000 0.727273 0.769231 1.000000       1     0.503497
    437   h0       1 1.000000   0.765       1 1.000000 0.727273 0.519231 0.413793       1     0.119537
    438   h0       1 0.422222   0.950       1 0.954545 0.780992 0.615385 0.456233       1     0.083954
    439   h0       1 0.644444   1.000       1 1.000000 0.818182 0.769231 0.769231       1     0.311996
    440   h0       1 0.666667   1.000       1 1.000000 0.818182 0.769231 0.769231       1     0.322754
    441   h0       1 0.666667   1.000       1 1.000000 0.818182 0.769231 0.769231       1     0.322754
    442   h0       1 0.666667   0.850       1 1.000000 0.818182 0.483516 0.588859       1     0.132008
    443   h0       1 0.844444   0.665       1 0.859091 0.694215 0.741758 0.742706       1     0.184504
    444   h0       1 0.888889   0.700       1 0.900000 0.727273 0.769231 0.769231       1     0.240990
    445   h0       1 0.888889   0.700       1 0.900000 0.727273 0.769231 0.769231       1     0.240990
    446   h0       1 0.888889   0.700       1 0.900000 0.727273 0.769231 0.769231       1     0.240990
    447   h0       1 1.000000   0.595       1 0.900000 0.727273 0.412088 0.318302       1     0.051084
    800   h1       1 0.900000   1.000       1 0.700000 0.909091 1.000000 0.769231       1     0.440559
    801   h1       1 1.000000   1.000       1 0.700000 0.859504 1.000000 0.769231       1     0.462810
    802   h1       1 1.000000   1.000       1 0.690909 0.743802 1.000000 0.769231       1     0.395307
    803   h1       1 0.600000   0.670       1 0.800000 1.000000 0.846154 0.769231       1     0.209325
    804   h1       1 0.666667   0.700       1 0.800000 1.000000 0.846154 0.769231       1     0.242998
    805   h1       1 0.666667   0.700       1 0.800000 1.000000 0.846154 0.769231       1     0.242998
    806   h1       1 0.900000   0.700       1 0.900000 0.818182 0.769231 1.000000       1     0.356853
    807   h1       1 1.000000   0.700       1 0.900000 0.768595 0.769231 1.000000       1     0.372473
    808   h1       1 1.000000   0.700       1 0.900000 0.739669 0.769231 1.000000       1     0.358455
    809   h1       1 0.600000   1.000       1 0.700000 0.727273 0.923077 0.923077       1     0.260269
    810   h1       1 0.666667   1.000       1 0.700000 0.677686 0.923077 0.923077       1     0.269470
    811   h1       1 0.666667   1.000       1 0.681818 0.636364 0.923077 0.923077       1     0.246467
    824   h1       1 0.900000   0.665       1 1.000000 0.727273 0.769231 0.769231       1     0.257558
    825   h1       1 1.000000   0.700       1 1.000000 0.727273 0.769231 0.769231       1     0.301237
    826   h1       1 1.000000   0.700       1 1.000000 0.727273 0.769231 0.769231       1     0.301237
    827   h1       1 1.000000   0.700       1 1.000000 0.727273 0.725275 0.238727       1     0.088145
    828   h1       1 0.600000   0.950       1 0.700000 0.727273 0.769231 0.846154       1     0.188876
    829   h1       1 0.666667   1.000       1 0.700000 0.727273 0.769231 0.846154       1     0.220907
    830   h1       1 0.666667   1.000       1 0.700000 0.727273 0.769231 0.846154       1     0.220907
    831   h1       1 0.666667   1.000       1 0.700000 0.727273 0.769231 0.846154       1     0.220907
    832   h1       1 0.550000   0.720       1 0.604545 0.702479 0.744505 0.816976       1     0.102290
    833   h1       1 0.666667   0.900       1 0.700000 0.727273 0.769231 0.846154       1     0.198817
    834   h1       1 0.666667   0.900       1 0.700000 0.727273 0.769231 0.846154       1     0.198817
    835   h1       1 0.666667   0.900       1 0.700000 0.727273 0.769231 0.846154       1     0.198817
    836   h1       1 0.950000   0.700       1 0.700000 1.000000 0.846154 0.769231       1     0.302988
    837   h1       1 1.000000   0.700       1 0.700000 1.000000 0.846154 0.769231       1     0.318935
    838   h1       1 1.000000   0.700       1 0.700000 1.000000 0.846154 0.769231       1     0.318935
    839   h1       1 1.000000   0.700       1 0.700000 1.000000 0.846154 0.769231       1     0.318935
    840   h1       1 0.777778   1.000       1 1.000000 0.818182 1.000000 0.769231       1     0.489510
    841   h1       1 0.777778   1.000       1 1.000000 0.818182 1.000000 0.769231       1     0.489510
    842   h1       1 0.666667   1.000       1 1.000000 0.818182 1.000000 0.769231       1     0.419580
    843   h1       1 0.666667   1.000       1 1.000000 0.818182 1.000000 0.769231       1     0.419580
    844   h1       1 0.633333   0.700       1 0.700000 0.727273 0.923077 0.769231       1     0.160258
    845   h1       1 0.666667   0.700       1 0.700000 0.727273 0.923077 0.769231       1     0.168693
    846   h1       1 0.666667   0.700       1 0.700000 0.727273 0.923077 0.769231       1     0.168693
    847   h1       1 0.666667   0.700       1 0.700000 0.727273 0.923077 0.769231       1     0.168693
    848   h1       1 0.850000   0.640       1 0.677273 0.909091 0.769231 0.702918       1     0.181105
    849   h1       1 1.000000   0.700       1 0.700000 0.909091 0.769231 0.769231       1     0.263583
    850   h1       1 1.000000   0.700       1 0.700000 0.909091 0.769231 0.769231       1     0.263583
    851   h1       1 1.000000   0.685       1 0.700000 0.909091 0.769231 0.769231       1     0.257934
    852   h1       1 0.700000   0.800       1 0.700000 0.727273 0.769231 0.769231       1     0.168693
    853   h1       1 0.777778   0.800       1 0.700000 0.727273 0.769231 0.769231       1     0.187436
    854   h1       1 0.777778   0.800       1 0.700000 0.727273 0.769231 0.769231       1     0.187436
    855   h1       1 0.777778   0.800       1 0.700000 0.727273 0.769231 0.769231       1     0.187436
    856   h1       1 0.600000   1.000       1 0.900000 1.000000 0.769231 0.923077       1     0.383432
    857   h1       1 0.666667   1.000       1 0.900000 1.000000 0.769231 0.923077       1     0.426036
    858   h1       1 0.666667   1.000       1 0.900000 1.000000 0.769231 0.923077       1     0.426036
    859   h1       1 0.666667   1.000       1 0.900000 1.000000 0.681319 0.923077       1     0.377346
    896   h1       1 0.700000   0.685       1 0.700000 1.000000 0.769231 1.000000       1     0.258192
    897   h1       1 0.777778   0.700       1 0.700000 1.000000 0.769231 1.000000       1     0.293162
    898   h1       1 0.777778   0.700       1 0.700000 1.000000 0.769231 1.000000       1     0.293162
    899   h1       1 0.777778   0.700       1 0.700000 1.000000 0.769231 1.000000       1     0.293162
    900   h1       1 0.777778   0.560       1 0.700000 1.000000 0.425824 0.448276       1     0.058199
    901   h1       1 0.900000   0.900       1 1.000000 0.727273 0.620879 1.000000       1     0.365754
    902   h1       1 1.000000   0.900       1 1.000000 0.727273 0.769231 1.000000       1     0.503497
    903   h1       1 1.000000   0.900       1 1.000000 0.727273 0.769231 0.923077       1     0.464766
    904   h1       1 1.000000   0.900       1 1.000000 0.727273 0.769231 0.923077       1     0.464766
    905   h1       1 1.000000   0.720       1 1.000000 0.727273 0.538462 0.381963       1     0.107698
    906   h1       1 0.300000   1.000       1 1.000000 0.909091 0.642857 0.435013       1     0.076269
    907   h1       1 0.633333   1.000       1 1.000000 0.909091 0.769231 0.769231       1     0.340685
    908   h1       1 0.666667   1.000       1 1.000000 0.909091 0.769231 0.769231       1     0.358616
    909   h1       1 0.666667   1.000       1 1.000000 0.909091 0.769231 0.769231       1     0.358616
    910   h1       1 0.666667   0.800       1 1.000000 0.909091 0.483516 0.641910       1     0.150484
    911   h1       1 0.900000   0.700       1 0.800000 0.727273 0.769231 0.769231       1     0.216891
    912   h1       1 1.000000   0.700       1 0.800000 0.727273 0.769231 0.769231       1     0.240990
    913   h1       1 1.000000   0.700       1 0.800000 0.727273 0.769231 0.769231       1     0.240990
    914   h1       1 1.000000   0.700       1 0.800000 0.727273 0.769231 0.769231       1     0.240990
    915   h1       1 1.000000   0.560       1 0.800000 0.727273 0.412088 0.339523       1     0.045586