 ChipID Half   Layer0   Layer1  Layer2  Layer3  Layer4   Layer5   Layer6   Layer7  Layer8  Pseaudo_Eff
    344   h0 0.631579 0.842105   0.665       1       1 0.668182 0.740741 0.846154       1     0.148124
    345   h0 0.666667 0.888889   0.700       1       1 0.700000 0.769231 0.846154       1     0.188998
    346   h0 0.666667 0.888889   0.700       1       1 0.700000 0.769231 0.846154       1     0.188998
    347   h0 0.842105 0.842105   0.950       1       1 0.859091 0.740741 0.769231       1     0.329775
    348   h0 0.888889 0.888889   1.000       1       1 0.900000 0.769231 0.769231       1     0.420776
    349   h0 0.888889 0.888889   1.000       1       1 0.900000 0.769231 0.769231       1     0.420776
    350   h0 0.631579 0.947368   0.665       1       1 0.727273 0.740741 0.769231       1     0.164888
    351   h0 0.666667 1.000000   0.700       1       1 0.800000 0.769231 0.769231       1     0.220907
    352   h0 0.666667 1.000000   0.700       1       1 0.800000 0.769231 0.769231       1     0.220907
    353   h0 0.947368 0.631579   0.760       1       1 0.645455 0.740741 0.923077       1     0.200692
    354   h0 1.000000 0.666667   0.800       1       1 0.700000 0.769231 0.923077       1     0.265089
    355   h0 1.000000 0.666667   0.800       1       1 0.700000 0.769231 0.923077       1     0.265089
    392   h0 0.842105 0.631579   0.665       1       1 0.954545 0.814815 0.769231       1     0.211606
    393   h0 0.888889 0.666667   0.700       1       1 1.000000 0.846154 0.769231       1     0.269998
    394   h0 0.888889 0.666667   0.700       1       1 1.000000 0.846154 0.769231       1     0.269998
    395   h0 0.888889 0.666667   0.700       1       1 1.000000 0.846154 0.675824       1     0.237212
    396   h0 0.631579 0.947368   0.855       1       1 0.668182 0.962963 0.769231       1     0.253206
    397   h0 0.666667 1.000000   0.900       1       1 0.700000 1.000000 0.769231       1     0.323077
    398   h0 0.666667 1.000000   0.900       1       1 0.700000 1.000000 0.769231       1     0.323077
    399   h0 0.666667 1.000000   0.900       1       1 0.700000 1.000000 0.769231       1     0.323077
    400   h0 0.789474 0.614035   0.850       1       1 0.654545 0.649573 0.769231       1     0.134764
    401   h0 1.000000 0.777778   1.000       1       1 0.700000 0.769231 0.769231       1     0.322156
    402   h0 1.000000 0.777778   1.000       1       1 0.700000 0.769231 0.769231       1     0.322156
    403   h0 1.000000 0.777778   1.000       1       1 0.700000 0.769231 0.769231       1     0.322156
    404   h0 0.736842 0.666667   0.700       1       1 0.700000 0.746439 0.923077       1     0.165848
    405   h0 0.777778 0.666667   0.700       1       1 0.700000 0.769231 0.923077       1     0.180408
    406   h0 0.777778 0.666667   0.700       1       1 0.700000 0.769231 0.923077       1     0.180408
    407   h0 0.777778 0.666667   0.700       1       1 0.700000 0.769231 0.923077       1     0.180408
    408   h0 0.736842 0.947368   0.700       1       1 1.000000 0.746439 1.000000       1     0.364742
    409   h0 0.777778 1.000000   0.700       1       1 1.000000 0.769231 1.000000       1     0.418803
    410   h0 0.777778 1.000000   0.700       1       1 1.000000 0.769231 1.000000       1     0.418803
    411   h0 0.777778 1.000000   0.700       1       1 1.000000 0.769231 1.000000       1     0.418803
    412   h0 0.947368 0.654971   1.000       1       1 0.700000 0.712251 0.923077       1     0.285568
    413   h0 1.000000 0.666667   1.000       1       1 0.700000 0.769231 0.923077       1     0.331361
    414   h0 1.000000 0.666667   1.000       1       1 0.700000 0.769231 0.923077       1     0.331361
    415   h0 1.000000 0.666667   1.000       1       1 0.700000 0.769231 0.923077       1     0.331361
    416   h0 0.502924 0.684211   0.610       1       1 0.618182 0.888889 0.769231       1     0.088724
    417   h0 0.666667 1.000000   0.700       1       1 0.700000 0.923077 0.769231       1     0.231953
    418   h0 0.666667 1.000000   0.700       1       1 0.700000 0.923077 0.769231       1     0.231953
    419   h0 0.666667 1.000000   0.700       1       1 0.700000 0.923077 0.769231       1     0.231953
    420   h0 0.842105 0.947368   0.665       1       1 0.659091 0.740741 0.769231       1     0.199239
    421   h0 0.888889 1.000000   0.700       1       1 0.700000 0.769231 0.769231       1     0.257725
    422   h0 0.888889 1.000000   0.700       1       1 0.700000 0.769231 0.769231       1     0.257725
    423   h0 0.888889 1.000000   0.700       1       1 0.700000 0.769231 0.769231       1     0.257725
    424   h0 0.842105 0.631579   0.950       1       1 0.909091 0.740741 0.769231       1     0.261727
    425   h0 0.888889 0.666667   1.000       1       1 1.000000 0.769231 0.769231       1     0.350647
    426   h0 0.888889 0.666667   1.000       1       1 1.000000 0.769231 0.769231       1     0.350647
    427   h0 0.888889 0.666667   1.000       1       1 1.000000 0.569801 0.675824       1     0.228199
    448   h0 0.947368 0.631579   0.855       1       1 0.763636 0.814815 0.769231       1     0.244858
    449   h0 1.000000 0.666667   0.900       1       1 0.800000 0.846154 0.769231       1     0.312426
    450   h0 1.000000 0.666667   0.900       1       1 0.800000 0.846154 0.769231       1     0.312426
    451   h0 1.000000 0.666667   0.900       1       1 0.800000 0.846154 0.769231       1     0.312426
    452   h0 1.000000 0.666667   0.810       1       1 0.800000 0.532764 0.384615       1     0.088521
    453   h0 0.210526 0.947368   0.475       1       1 0.954545 0.279202 0.642857       1     0.016231
    454   h0 0.619883 1.000000   0.690       1       1 1.000000 0.769231 0.769231       1     0.253088
    455   h0 0.666667 1.000000   0.700       1       1 1.000000 0.769231 0.769231       1     0.276134
    456   h0 0.666667 1.000000   0.700       1       1 1.000000 0.769231 0.769231       1     0.276134
    457   h0 0.666667 1.000000   0.650       1       1 1.000000 0.740741 0.461538       1     0.148148
    458   h0 0.947368 0.736842   0.950       1       1 0.954545 0.923077 0.670330       1     0.391688
    459   h0 1.000000 0.777778   1.000       1       1 1.000000 0.923077 0.769231       1     0.552268
    460   h0 1.000000 0.777778   1.000       1       1 1.000000 0.923077 0.769231       1     0.552268
    461   h0 1.000000 0.777778   1.000       1       1 1.000000 0.923077 0.769231       1     0.552268
    462   h0 1.000000 0.777778   0.900       1       1 1.000000 0.581197 0.461538       1     0.187771
    463   h0 0.631579 0.631579   0.760       1       1 0.668182 0.740741 0.769231       1     0.115421
    464   h0 0.666667 0.666667   0.800       1       1 0.700000 0.769231 0.769231       1     0.147272
    465   h0 0.666667 0.666667   0.800       1       1 0.700000 0.769231 0.769231       1     0.147272
    466   h0 0.666667 0.666667   0.800       1       1 0.700000 0.769231 0.769231       1     0.147272
    467   h0 0.666667 0.666667   0.720       1       1 0.700000 0.484330 0.384615       1     0.041727
    812   h1 0.596491 0.947368   0.695       1       1 0.800000 0.769231 0.846154       1     0.204505
    813   h1 0.666667 1.000000   0.700       1       1 0.750000 0.769231 0.846154       1     0.227811
    814   h1 0.666667 1.000000   0.700       1       1 0.686364 0.769231 0.846154       1     0.208481
    815   h1 0.795322 0.736842   0.950       1       1 0.900000 0.769231 0.769231       1     0.296481
    816   h1 0.888889 0.777778   1.000       1       1 0.900000 0.769231 0.769231       1     0.368179
    817   h1 0.888889 0.777778   1.000       1       1 0.900000 0.769231 0.769231       1     0.368179
    818   h1 0.596491 0.947368   0.700       1       1 0.800000 0.769231 0.769231       1     0.187251
    819   h1 0.666667 1.000000   0.700       1       1 0.800000 0.769231 0.769231       1     0.220907
    820   h1 0.666667 1.000000   0.700       1       1 0.800000 0.769231 0.769231       1     0.220907
    821   h1 0.894737 0.631579   0.800       1       1 0.700000 0.769231 0.923077       1     0.224701
    822   h1 1.000000 0.666667   0.800       1       1 0.650000 0.769231 0.923077       1     0.246154
    823   h1 1.000000 0.666667   0.800       1       1 0.595455 0.769231 0.923077       1     0.225498
    860   h1 0.795322 0.631579   0.665       1       1 1.000000 0.846154 0.769231       1     0.217419
    861   h1 0.888889 0.666667   0.700       1       1 1.000000 0.846154 0.769231       1     0.269998
    862   h1 0.888889 0.666667   0.700       1       1 1.000000 0.846154 0.769231       1     0.269998
    863   h1 0.888889 0.666667   0.700       1       1 1.000000 0.846154 0.620879       1     0.217927
    864   h1 0.596491 0.947368   0.855       1       1 0.700000 1.000000 0.769231       1     0.260162
    865   h1 0.666667 1.000000   0.900       1       1 0.700000 1.000000 0.769231       1     0.323077
    866   h1 0.666667 1.000000   0.900       1       1 0.700000 1.000000 0.769231       1     0.323077
    867   h1 0.666667 1.000000   0.900       1       1 0.700000 1.000000 0.769231       1     0.323077
    868   h1 0.842105 0.573099   0.900       1       1 0.677273 0.683761 0.846154       1     0.170199
    869   h1 1.000000 0.777778   1.000       1       1 0.700000 0.769231 0.846154       1     0.354372
    870   h1 1.000000 0.777778   1.000       1       1 0.700000 0.769231 0.769231       1     0.322156
    871   h1 1.000000 0.777778   1.000       1       1 0.700000 0.769231 0.846154       1     0.354372
    872   h1 0.596491 0.666667   0.700       1       1 0.700000 0.757835 0.923077       1     0.136308
    873   h1 0.666667 0.666667   0.700       1       1 0.700000 0.769231 0.923077       1     0.154635
    874   h1 0.666667 0.666667   0.700       1       1 0.700000 0.769231 0.923077       1     0.154635
    875   h1 0.666667 0.666667   0.700       1       1 0.700000 0.769231 0.923077       1     0.154635
    876   h1 0.695906 1.000000   0.700       1       1 1.000000 0.769231 1.000000       1     0.374719
    877   h1 0.777778 1.000000   0.700       1       1 1.000000 0.769231 1.000000       1     0.418803
    878   h1 0.777778 1.000000   0.700       1       1 1.000000 0.769231 1.000000       1     0.418803
    879   h1 0.777778 1.000000   0.700       1       1 1.000000 0.769231 1.000000       1     0.418803
    880   h1 0.894737 0.649123   1.000       1       1 0.700000 0.814815 0.846154       1     0.280303
    881   h1 1.000000 0.666667   1.000       1       1 0.700000 0.846154 0.846154       1     0.334122
    882   h1 1.000000 0.666667   1.000       1       1 0.700000 0.769231 0.846154       1     0.303748
    883   h1 1.000000 0.666667   1.000       1       1 0.700000 0.769231 0.846154       1     0.303748
    884   h1 0.479532 0.736842   0.625       1       1 0.618182 0.925926 0.747253       1     0.094457
    885   h1 0.666667 1.000000   0.700       1       1 0.700000 1.000000 0.769231       1     0.251282
    886   h1 0.666667 1.000000   0.700       1       1 0.700000 1.000000 0.769231       1     0.251282
    887   h1 0.666667 1.000000   0.700       1       1 0.700000 1.000000 0.769231       1     0.251282
    888   h1 0.947368 0.947368   0.700       1       1 0.600000 0.769231 0.769231       1     0.223049
    889   h1 1.000000 1.000000   0.700       1       1 0.650000 0.769231 0.769231       1     0.269231
    890   h1 1.000000 1.000000   0.700       1       1 0.695455 0.769231 0.769231       1     0.288058
    891   h1 1.000000 1.000000   0.700       1       1 0.600000 0.769231 0.769231       1     0.248521
    892   h1 0.695906 0.631579   1.000       1       1 1.000000 0.769231 0.769231       1     0.260071
    893   h1 0.777778 0.666667   1.000       1       1 1.000000 0.769231 0.769231       1     0.306816
    894   h1 0.777778 0.666667   1.000       1       1 1.000000 0.769231 0.769231       1     0.306816
    895   h1 0.777778 0.666667   1.000       1       1 1.000000 0.555556 0.670330       1     0.193099
    916   h1 0.894737 0.631579   0.900       1       1 0.800000 0.846154 0.769231       1     0.264827
    917   h1 1.000000 0.666667   0.900       1       1 0.800000 0.846154 0.769231       1     0.312426
    918   h1 1.000000 0.666667   0.900       1       1 0.800000 0.846154 0.769231       1     0.312426
    919   h1 1.000000 0.666667   0.900       1       1 0.800000 0.846154 0.769231       1     0.312426
    920   h1 1.000000 0.666667   0.810       1       1 0.800000 0.532764 0.376374       1     0.086624
    921   h1 0.298246 0.947368   0.510       1       1 1.000000 0.307692 0.706044       1     0.031305
    922   h1 0.631579 1.000000   0.690       1       1 1.000000 0.769231 0.769231       1     0.257864
    923   h1 0.666667 1.000000   0.700       1       1 1.000000 0.769231 0.769231       1     0.276134
    924   h1 0.666667 1.000000   0.700       1       1 1.000000 0.769231 0.769231       1     0.276134
    925   h1 0.666667 1.000000   0.650       1       1 1.000000 0.740741 0.398352       1     0.127866
    926   h1 0.894737 0.631579   1.000       1       1 1.000000 0.923077 0.620879       1     0.323868
    927   h1 1.000000 0.666667   1.000       1       1 1.000000 0.923077 0.769231       1     0.473373
    928   h1 1.000000 0.666667   1.000       1       1 1.000000 0.923077 0.769231       1     0.473373
    929   h1 1.000000 0.666667   1.000       1       1 1.000000 0.923077 0.769231       1     0.473373
    930   h1 1.000000 0.666667   0.900       1       1 1.000000 0.547009 0.500000       1     0.164103
    931   h1 0.619883 0.736842   0.800       1       1 0.700000 0.769231 0.769231       1     0.151351
    932   h1 0.666667 0.777778   0.800       1       1 0.700000 0.769231 0.769231       1     0.171817
    933   h1 0.666667 0.777778   0.800       1       1 0.700000 0.769231 0.769231       1     0.171817
    934   h1 0.666667 0.777778   0.800       1       1 0.700000 0.769231 0.769231       1     0.171817
    935   h1 0.666667 0.777778   0.720       1       1 0.700000 0.455840 0.370879       1     0.044181