 ChipID Half   Layer0   Layer1  Layer2  Layer3  Layer4   Layer5  Layer6   Layer7   Layer8  Pseaudo_Eff
    344   h0 0.631579 0.842105   0.665       1       1 0.668182       1 0.846154 0.785714     0.157117
    345   h0 0.666667 0.888889   0.700       1       1 0.700000       1 0.846154 0.785714     0.193048
    346   h0 0.666667 0.888889   0.700       1       1 0.700000       1 0.846154 0.785714     0.193048
    347   h0 0.842105 0.842105   0.950       1       1 0.859091       1 0.769231 0.714286     0.317998
    348   h0 0.888889 0.888889   1.000       1       1 0.900000       1 0.769231 0.714286     0.390720
    349   h0 0.888889 0.888889   1.000       1       1 0.900000       1 0.769231 0.783410     0.428532
    350   h0 0.631579 0.947368   0.665       1       1 0.727273       1 0.769231 0.785714     0.174899
    351   h0 0.666667 1.000000   0.700       1       1 0.800000       1 0.769231 0.785714     0.225641
    352   h0 0.666667 1.000000   0.700       1       1 0.800000       1 0.769231 0.785714     0.225641
    353   h0 0.947368 0.631579   0.760       1       1 0.645455       1 0.923077 0.857143     0.232229
    354   h0 1.000000 0.666667   0.800       1       1 0.700000       1 0.923077 0.785714     0.270769
    355   h0 1.000000 0.666667   0.800       1       1 0.700000       1 0.923077 0.785714     0.270769
    392   h0 0.842105 0.631579   0.665       1       1 0.954545       1 0.769231 0.857143     0.222598
    393   h0 0.888889 0.666667   0.700       1       1 1.000000       1 0.769231 0.857143     0.273504
    394   h0 0.888889 0.666667   0.700       1       1 1.000000       1 0.769231 0.790323     0.252183
    395   h0 0.888889 0.666667   0.700       1       1 1.000000       1 0.675824 0.785714     0.220269
    396   h0 0.631579 0.947368   0.855       1       1 0.668182       1 0.769231 0.785714     0.206599
    397   h0 0.666667 1.000000   0.900       1       1 0.700000       1 0.769231 0.785714     0.253846
    398   h0 0.666667 1.000000   0.900       1       1 0.700000       1 0.769231 0.785714     0.253846
    399   h0 0.666667 1.000000   0.900       1       1 0.700000       1 0.769231 0.785714     0.253846
    400   h0 0.789474 0.614035   0.850       1       1 0.654545       1 0.769231 0.721198     0.149624
    401   h0 1.000000 0.777778   1.000       1       1 0.700000       1 0.769231 0.785714     0.329060
    402   h0 1.000000 0.777778   1.000       1       1 0.700000       1 0.769231 0.785714     0.329060
    403   h0 1.000000 0.777778   1.000       1       1 0.700000       1 0.769231 0.769585     0.322305
    404   h0 0.736842 0.666667   0.700       1       1 0.700000       1 0.923077 0.767281     0.170479
    405   h0 0.777778 0.666667   0.700       1       1 0.700000       1 0.923077 0.785714     0.184274
    406   h0 0.777778 0.666667   0.700       1       1 0.700000       1 0.923077 0.785714     0.184274
    407   h0 0.777778 0.666667   0.700       1       1 0.700000       1 0.923077 0.785714     0.184274
    408   h0 0.736842 0.947368   0.700       1       1 1.000000       1 1.000000 0.767281     0.374926
    409   h0 0.777778 1.000000   0.700       1       1 1.000000       1 1.000000 0.785714     0.427778
    410   h0 0.777778 1.000000   0.700       1       1 1.000000       1 1.000000 0.785714     0.427778
    411   h0 0.777778 1.000000   0.700       1       1 1.000000       1 1.000000 0.785714     0.427778
    412   h0 0.947368 0.654971   1.000       1       1 0.700000       1 0.923077 0.767281     0.307632
    413   h0 1.000000 0.666667   1.000       1       1 0.700000       1 0.923077 0.785714     0.338462
    414   h0 1.000000 0.666667   1.000       1       1 0.700000       1 0.923077 0.785714     0.338462
    415   h0 1.000000 0.666667   1.000       1       1 0.700000       1 0.923077 0.758065     0.326551
    416   h0 0.502924 0.684211   0.610       1       1 0.618182       1 0.769231 0.682028     0.068076
    417   h0 0.666667 1.000000   0.700       1       1 0.700000       1 0.769231 0.785714     0.197436
    418   h0 0.666667 1.000000   0.700       1       1 0.700000       1 0.769231 0.785714     0.197436
    419   h0 0.666667 1.000000   0.700       1       1 0.700000       1 0.769231 0.785714     0.197436
    420   h0 0.842105 0.947368   0.665       1       1 0.659091       1 0.769231 0.785714     0.211336
    421   h0 0.888889 1.000000   0.700       1       1 0.700000       1 0.769231 0.785714     0.263248
    422   h0 0.888889 1.000000   0.700       1       1 0.700000       1 0.769231 0.785714     0.263248
    423   h0 0.888889 1.000000   0.700       1       1 0.700000       1 0.769231 0.852535     0.285636
    424   h0 0.842105 0.631579   0.950       1       1 0.909091       1 0.769231 0.785714     0.277617
    425   h0 0.888889 0.666667   1.000       1       1 1.000000       1 0.769231 0.785714     0.358160
    426   h0 0.888889 0.666667   1.000       1       1 1.000000       1 0.769231 0.785714     0.358160
    427   h0 0.888889 0.666667   1.000       1       1 1.000000       1 0.675824 0.721198     0.288831
    448   h0 0.947368 0.631579   0.855       1       1 0.763636       1 0.769231 0.785714     0.236113
    449   h0 1.000000 0.666667   0.900       1       1 0.800000       1 0.769231 0.785714     0.290110
    450   h0 1.000000 0.666667   0.900       1       1 0.800000       1 0.769231 0.785714     0.290110
    451   h0 1.000000 0.666667   0.900       1       1 0.800000       1 0.769231 0.785714     0.290110
    452   h0 1.000000 0.666667   0.810       1       1 0.800000       1 0.384615 0.785714     0.130549
    453   h0 0.210526 0.947368   0.475       1       1 0.954545       1 0.642857 0.564516     0.032818
    454   h0 0.619883 1.000000   0.690       1       1 1.000000       1 0.769231 0.785714     0.258512
    455   h0 0.666667 1.000000   0.700       1       1 1.000000       1 0.769231 0.785714     0.282051
    456   h0 0.666667 1.000000   0.700       1       1 1.000000       1 0.769231 0.785714     0.282051
    457   h0 0.666667 1.000000   0.650       1       1 1.000000       1 0.461538 0.758065     0.151613
    458   h0 0.947368 0.736842   0.950       1       1 0.954545       1 0.670330 0.714286     0.303092
    459   h0 1.000000 0.777778   1.000       1       1 1.000000       1 0.769231 0.714286     0.427350
    460   h0 1.000000 0.777778   1.000       1       1 1.000000       1 0.769231 0.714286     0.427350
    461   h0 1.000000 0.777778   1.000       1       1 1.000000       1 0.769231 0.714286     0.427350
    462   h0 1.000000 0.777778   0.900       1       1 1.000000       1 0.461538 0.778802     0.251613
    463   h0 0.631579 0.631579   0.760       1       1 0.668182       1 0.769231 0.785714     0.122429
    464   h0 0.666667 0.666667   0.800       1       1 0.700000       1 0.769231 0.785714     0.150427
    465   h0 0.666667 0.666667   0.800       1       1 0.700000       1 0.769231 0.785714     0.150427
    466   h0 0.666667 0.666667   0.800       1       1 0.700000       1 0.769231 0.785714     0.150427
    467   h0 0.666667 0.666667   0.720       1       1 0.700000       1 0.384615 0.656682     0.056576
    812   h1 0.596491 0.947368   0.695       1       1 0.800000       1 0.846154 0.785714     0.208887
    813   h1 0.666667 1.000000   0.700       1       1 0.750000       1 0.846154 0.785714     0.232692
    814   h1 0.666667 1.000000   0.700       1       1 0.686364       1 0.846154 0.785714     0.212949
    815   h1 0.795322 0.736842   0.950       1       1 0.900000       1 0.769231 0.785714     0.302834
    816   h1 0.888889 0.777778   1.000       1       1 0.900000       1 0.769231 0.785714     0.376068
    817   h1 0.888889 0.777778   1.000       1       1 0.900000       1 0.769231 0.785714     0.376068
    818   h1 0.596491 0.947368   0.700       1       1 0.800000       1 0.769231 0.857143     0.208651
    819   h1 0.666667 1.000000   0.700       1       1 0.800000       1 0.769231 0.857143     0.246154
    820   h1 0.666667 1.000000   0.700       1       1 0.800000       1 0.769231 0.857143     0.246154
    821   h1 0.894737 0.631579   0.800       1       1 0.700000       1 0.923077 0.857143     0.250381
    822   h1 1.000000 0.666667   0.800       1       1 0.650000       1 0.923077 0.788018     0.252166
    823   h1 1.000000 0.666667   0.800       1       1 0.595455       1 0.923077 0.785714     0.230330
    860   h1 0.795322 0.631579   0.665       1       1 1.000000       1 0.769231 0.785714     0.201889
    861   h1 0.888889 0.666667   0.700       1       1 1.000000       1 0.769231 0.785714     0.250712
    862   h1 0.888889 0.666667   0.700       1       1 1.000000       1 0.769231 0.785714     0.250712
    863   h1 0.888889 0.666667   0.700       1       1 1.000000       1 0.620879 0.785714     0.202361
    864   h1 0.596491 0.947368   0.855       1       1 0.700000       1 0.769231 0.785714     0.204413
    865   h1 0.666667 1.000000   0.900       1       1 0.700000       1 0.769231 0.785714     0.253846
    866   h1 0.666667 1.000000   0.900       1       1 0.700000       1 0.769231 0.785714     0.253846
    867   h1 0.666667 1.000000   0.900       1       1 0.700000       1 0.769231 0.785714     0.253846
    868   h1 0.842105 0.573099   0.900       1       1 0.677273       1 0.846154 0.737327     0.183532
    869   h1 1.000000 0.777778   1.000       1       1 0.700000       1 0.846154 0.785714     0.361966
    870   h1 1.000000 0.777778   1.000       1       1 0.700000       1 0.769231 0.785714     0.329060
    871   h1 1.000000 0.777778   1.000       1       1 0.700000       1 0.846154 0.767281     0.353474
    872   h1 0.596491 0.666667   0.700       1       1 0.700000       1 0.923077 0.778802     0.140079
    873   h1 0.666667 0.666667   0.700       1       1 0.700000       1 0.923077 0.785714     0.157949
    874   h1 0.666667 0.666667   0.700       1       1 0.700000       1 0.923077 0.785714     0.157949
    875   h1 0.666667 0.666667   0.700       1       1 0.700000       1 0.923077 0.785714     0.157949
    876   h1 0.695906 1.000000   0.700       1       1 1.000000       1 1.000000 0.760369     0.370402
    877   h1 0.777778 1.000000   0.700       1       1 1.000000       1 1.000000 0.785714     0.427778
    878   h1 0.777778 1.000000   0.700       1       1 1.000000       1 1.000000 0.785714     0.427778
    879   h1 0.777778 1.000000   0.700       1       1 1.000000       1 1.000000 0.785714     0.427778
    880   h1 0.894737 0.649123   1.000       1       1 0.700000       1 0.846154 0.744240     0.256025
    881   h1 1.000000 0.666667   1.000       1       1 0.700000       1 0.846154 0.785714     0.310256
    882   h1 1.000000 0.666667   1.000       1       1 0.700000       1 0.846154 0.785714     0.310256
    883   h1 1.000000 0.666667   1.000       1       1 0.700000       1 0.846154 0.767281     0.302978
    884   h1 0.479532 0.736842   0.625       1       1 0.618182       1 0.747253 0.702765     0.071691
    885   h1 0.666667 1.000000   0.700       1       1 0.700000       1 0.769231 0.785714     0.197436
    886   h1 0.666667 1.000000   0.700       1       1 0.700000       1 0.769231 0.785714     0.197436
    887   h1 0.666667 1.000000   0.700       1       1 0.700000       1 0.769231 0.785714     0.197436
    888   h1 0.947368 0.947368   0.700       1       1 0.600000       1 0.769231 0.785714     0.227829
    889   h1 1.000000 1.000000   0.700       1       1 0.650000       1 0.769231 0.788018     0.275806
    890   h1 1.000000 1.000000   0.700       1       1 0.695455       1 0.769231 0.788018     0.295094
    891   h1 1.000000 1.000000   0.700       1       1 0.600000       1 0.769231 0.785714     0.253846
    892   h1 0.695906 0.631579   1.000       1       1 1.000000       1 0.769231 0.857143     0.289793
    893   h1 0.777778 0.666667   1.000       1       1 1.000000       1 0.769231 0.857143     0.341880
    894   h1 0.777778 0.666667   1.000       1       1 1.000000       1 0.769231 0.790323     0.315228
    895   h1 0.777778 0.666667   1.000       1       1 1.000000       1 0.670330 0.714286     0.248270
    916   h1 0.894737 0.631579   0.900       1       1 0.800000       1 0.769231 0.785714     0.245910
    917   h1 1.000000 0.666667   0.900       1       1 0.800000       1 0.769231 0.785714     0.290110
    918   h1 1.000000 0.666667   0.900       1       1 0.800000       1 0.769231 0.785714     0.290110
    919   h1 1.000000 0.666667   0.900       1       1 0.800000       1 0.769231 0.785714     0.290110
    920   h1 1.000000 0.666667   0.810       1       1 0.800000       1 0.376374 0.785714     0.127752
    921   h1 0.298246 0.947368   0.510       1       1 1.000000       1 0.706044 0.619816     0.063061
    922   h1 0.631579 1.000000   0.690       1       1 1.000000       1 0.769231 0.785714     0.263389
    923   h1 0.666667 1.000000   0.700       1       1 1.000000       1 0.769231 0.785714     0.282051
    924   h1 0.666667 1.000000   0.700       1       1 1.000000       1 0.769231 0.785714     0.282051
    925   h1 0.666667 1.000000   0.650       1       1 1.000000       1 0.398352 0.764977     0.132050
    926   h1 0.894737 0.631579   1.000       1       1 1.000000       1 0.620879 0.714286     0.250612
    927   h1 1.000000 0.666667   1.000       1       1 1.000000       1 0.769231 0.714286     0.366300
    928   h1 1.000000 0.666667   1.000       1       1 1.000000       1 0.769231 0.714286     0.366300
    929   h1 1.000000 0.666667   1.000       1       1 1.000000       1 0.769231 0.781106     0.400567
    930   h1 1.000000 0.666667   0.900       1       1 1.000000       1 0.500000 0.785714     0.235714
    931   h1 0.619883 0.736842   0.800       1       1 0.700000       1 0.769231 0.785714     0.154594
    932   h1 0.666667 0.777778   0.800       1       1 0.700000       1 0.769231 0.788018     0.176013
    933   h1 0.666667 0.777778   0.800       1       1 0.700000       1 0.769231 0.854839     0.190938
    934   h1 0.666667 0.777778   0.800       1       1 0.700000       1 0.769231 0.790323     0.176528
    935   h1 0.666667 0.777778   0.720       1       1 0.700000       1 0.370879 0.721198     0.069901