 ChipID Half   Layer0  Layer1  Layer2   Layer3   Layer4   Layer5  Layer6   Layer7  Layer8  Pseaudo_Eff
    332   h0 0.631579       1   0.950 0.666667 0.668182 0.867769       1 0.742706       1     0.172256
    333   h0 0.666667       1   1.000 0.700000 0.700000 0.909091       1 0.769231       1     0.228438
    334   h0 0.666667       1   1.000 0.700000 0.700000 0.867769       1 0.769231       1     0.218055
    335   h0 0.947368       1   0.665 0.952381 0.668182 0.867769       1 0.742706       1     0.258385
    336   h0 1.000000       1   0.700 1.000000 0.700000 0.909091       1 0.769231       1     0.342657
    337   h0 1.000000       1   0.700 1.000000 0.700000 0.909091       1 0.769231       1     0.342657
    338   h0 0.736842       1   0.665 0.666667 0.954545 0.661157       1 0.891247       1     0.183740
    339   h0 0.777778       1   0.700 0.700000 1.000000 0.727273       1 0.923077       1     0.255851
    340   h0 0.777778       1   0.700 0.700000 1.000000 0.727273       1 0.923077       1     0.255851
    341   h0 0.947368       1   0.950 0.952381 0.668182 0.665289       1 0.965517       1     0.367890
    342   h0 1.000000       1   1.000 1.000000 0.700000 0.727273       1 1.000000       1     0.509091
    343   h0 1.000000       1   1.000 1.000000 0.677273 0.723140       1 1.000000       1     0.489763
    356   h0 0.631579       1   0.665 0.857143 0.954545 0.694215       1 0.742706       1     0.177178
    357   h0 0.666667       1   0.700 0.900000 1.000000 0.727273       1 0.769231       1     0.234965
    358   h0 0.666667       1   0.700 0.900000 1.000000 0.727273       1 0.769231       1     0.234965
    359   h0 0.666667       1   0.700 0.800000 1.000000 0.727273       1 0.315650       1     0.085704
    360   h0 0.947368       1   0.950 0.666667 0.668182 0.780992       1 0.816976       1     0.255801
    361   h0 1.000000       1   1.000 0.700000 0.700000 0.818182       1 0.846154       1     0.339231
    362   h0 1.000000       1   1.000 0.700000 0.700000 0.818182       1 0.846154       1     0.339231
    363   h0 1.000000       1   1.000 0.700000 0.700000 0.818182       1 0.846154       1     0.339231
    364   h0 0.684211       1   0.675 0.652381 0.604545 0.710744       1 0.859416       1     0.111260
    365   h0 1.000000       1   0.900 0.700000 0.700000 0.727273       1 0.923077       1     0.296056
    366   h0 1.000000       1   0.900 0.700000 0.700000 0.727273       1 0.923077       1     0.296056
    367   h0 1.000000       1   0.900 0.628571 0.700000 0.727273       1 0.923077       1     0.265846
    368   h0 0.631579       1   0.700 1.000000 0.700000 1.000000       1 0.769231       1     0.238057
    369   h0 0.666667       1   0.700 1.000000 0.700000 1.000000       1 0.769231       1     0.251282
    370   h0 0.666667       1   0.700 1.000000 0.700000 1.000000       1 0.769231       1     0.251282
    371   h0 0.666667       1   0.700 1.000000 0.700000 1.000000       1 0.769231       1     0.251282
    372   h0 0.947368       1   1.000 0.700000 1.000000 0.727273       1 0.769231       1     0.370997
    373   h0 1.000000       1   1.000 0.700000 1.000000 0.727273       1 0.769231       1     0.391608
    374   h0 1.000000       1   1.000 0.700000 1.000000 0.727273       1 0.769231       1     0.391608
    375   h0 1.000000       1   1.000 0.700000 1.000000 0.727273       1 0.769231       1     0.391608
    376   h0 0.666667       1   0.700 0.700000 0.800000 0.727273       1 0.769231       1     0.146200
    377   h0 0.666667       1   0.700 0.700000 0.800000 0.727273       1 0.769231       1     0.146200
    378   h0 0.666667       1   0.700 0.700000 0.800000 0.727273       1 0.769231       1     0.146200
    379   h0 0.666667       1   0.700 0.700000 0.800000 0.727273       1 0.769231       1     0.146200
    380   h0 0.573099       1   0.610 0.904762 0.663636 1.000000       1 0.702918       1     0.147546
    381   h0 0.777778       1   0.700 1.000000 0.700000 1.000000       1 0.769231       1     0.293162
    382   h0 0.777778       1   0.700 1.000000 0.700000 1.000000       1 0.769231       1     0.293162
    383   h0 0.777778       1   0.690 1.000000 0.700000 1.000000       1 0.769231       1     0.288974
    384   h0 0.947368       1   0.760 0.952381 0.668182 0.780992       1 0.742706       1     0.265767
    385   h0 1.000000       1   0.800 1.000000 0.700000 0.818182       1 0.769231       1     0.352448
    386   h0 1.000000       1   0.800 1.000000 0.700000 0.818182       1 0.769231       1     0.352448
    387   h0 1.000000       1   0.800 1.000000 0.700000 0.818182       1 0.769231       1     0.352448
    388   h0 0.631579       1   0.950 0.666667 0.859091 0.909091       1 0.816976       1     0.255221
    389   h0 0.666667       1   1.000 0.700000 0.900000 1.000000       1 0.846154       1     0.355385
    390   h0 0.666667       1   1.000 0.700000 0.900000 1.000000       1 0.846154       1     0.355385
    391   h0 0.666667       1   1.000 0.700000 0.900000 1.000000       1 0.846154       1     0.355385
    428   h0 0.736842       1   0.665 0.952381 0.668182 0.954545       1 0.891247       1     0.265275
    429   h0 0.777778       1   0.700 1.000000 0.700000 1.000000       1 0.923077       1     0.351795
    430   h0 0.777778       1   0.700 1.000000 0.700000 1.000000       1 0.923077       1     0.351795
    431   h0 0.777778       1   0.700 1.000000 0.700000 1.000000       1 0.923077       1     0.351795
    432   h0 0.777778       1   0.595 0.666667 0.700000 1.000000       1 0.381963       1     0.082490
    433   h0 0.631579       1   0.855 0.761905 0.954545 0.694215       1 0.965517       1     0.263236
    434   h0 0.666667       1   0.900 0.800000 1.000000 0.727273       1 1.000000       1     0.349091
    435   h0 0.666667       1   0.900 0.800000 1.000000 0.727273       1 1.000000       1     0.349091
    436   h0 0.666667       1   0.900 0.800000 1.000000 0.727273       1 1.000000       1     0.349091
    437   h0 0.666667       1   0.765 0.533333 1.000000 0.727273       1 0.413793       1     0.081856
    438   h0 0.947368       1   0.950 0.666667 0.954545 0.780992       1 0.456233       1     0.204071
    439   h0 1.000000       1   1.000 0.700000 1.000000 0.818182       1 0.769231       1     0.440559
    440   h0 1.000000       1   1.000 0.700000 1.000000 0.818182       1 0.769231       1     0.440559
    441   h0 1.000000       1   1.000 0.700000 1.000000 0.818182       1 0.769231       1     0.440559
    442   h0 1.000000       1   0.850 0.466667 1.000000 0.818182       1 0.588859       1     0.191112
    443   h0 0.631579       1   0.665 0.666667 0.859091 0.694215       1 0.742706       1     0.124025
    444   h0 0.666667       1   0.700 0.700000 0.900000 0.727273       1 0.769231       1     0.164476
    445   h0 0.666667       1   0.700 0.700000 0.900000 0.727273       1 0.769231       1     0.164476
    446   h0 0.666667       1   0.700 0.700000 0.900000 0.727273       1 0.769231       1     0.164476
    447   h0 0.666667       1   0.595 0.466667 0.900000 0.727273       1 0.318302       1     0.038567
    800   h1 0.631579       1   1.000 0.666667 0.700000 0.909091       1 0.769231       1     0.206110
    801   h1 0.666667       1   1.000 0.700000 0.700000 0.859504       1 0.769231       1     0.215978
    802   h1 0.666667       1   1.000 0.700000 0.690909 0.743802       1 0.769231       1     0.184477
    803   h1 0.947368       1   0.670 0.952381 0.800000 1.000000       1 0.769231       1     0.372007
    804   h1 1.000000       1   0.700 1.000000 0.800000 1.000000       1 0.769231       1     0.430769
    805   h1 1.000000       1   0.700 1.000000 0.800000 1.000000       1 0.769231       1     0.430769
    806   h1 0.842105       1   0.700 0.700000 0.900000 0.818182       1 1.000000       1     0.303847
    807   h1 0.888889       1   0.700 0.700000 0.900000 0.768595       1 1.000000       1     0.301289
    808   h1 0.888889       1   0.700 0.700000 0.900000 0.739669       1 1.000000       1     0.289950
    809   h1 0.842105       1   1.000 1.000000 0.700000 0.727273       1 0.923077       1     0.395731
    810   h1 0.888889       1   1.000 1.000000 0.700000 0.677686       1 0.923077       1     0.389235
    811   h1 0.888889       1   1.000 1.000000 0.681818 0.636364       1 0.923077       1     0.356008
    824   h1 0.631579       1   0.665 0.800000 1.000000 0.727273       1 0.769231       1     0.187972
    825   h1 0.666667       1   0.700 0.800000 1.000000 0.727273       1 0.769231       1     0.208858
    826   h1 0.666667       1   0.700 0.800000 1.000000 0.727273       1 0.769231       1     0.208858
    827   h1 0.666667       1   0.700 0.800000 1.000000 0.727273       1 0.238727       1     0.064818
    828   h1 0.947368       1   0.950 0.700000 0.700000 0.727273       1 0.846154       1     0.271385
    829   h1 1.000000       1   1.000 0.700000 0.700000 0.727273       1 0.846154       1     0.301538
    830   h1 1.000000       1   1.000 0.700000 0.700000 0.727273       1 0.846154       1     0.301538
    831   h1 1.000000       1   1.000 0.700000 0.700000 0.727273       1 0.846154       1     0.301538
    832   h1 0.736842       1   0.720 0.661905 0.604545 0.702479       1 0.816976       1     0.121836
    833   h1 1.000000       1   0.900 0.700000 0.700000 0.727273       1 0.846154       1     0.271385
    834   h1 1.000000       1   0.900 0.700000 0.700000 0.727273       1 0.846154       1     0.271385
    835   h1 1.000000       1   0.900 0.604762 0.700000 0.727273       1 0.846154       1     0.234462
    836   h1 0.631579       1   0.700 1.000000 0.700000 1.000000       1 0.769231       1     0.238057
    837   h1 0.666667       1   0.700 1.000000 0.700000 1.000000       1 0.769231       1     0.251282
    838   h1 0.666667       1   0.700 1.000000 0.700000 1.000000       1 0.769231       1     0.251282
    839   h1 0.666667       1   0.700 1.000000 0.700000 1.000000       1 0.769231       1     0.251282
    840   h1 0.947368       1   1.000 0.700000 1.000000 0.818182       1 0.769231       1     0.417372
    841   h1 1.000000       1   1.000 0.700000 1.000000 0.818182       1 0.769231       1     0.440559
    842   h1 1.000000       1   1.000 0.700000 1.000000 0.818182       1 0.769231       1     0.440559
    843   h1 1.000000       1   1.000 0.700000 1.000000 0.818182       1 0.769231       1     0.440559
    844   h1 0.666667       1   0.700 0.700000 0.700000 0.727273       1 0.769231       1     0.127925
    845   h1 0.666667       1   0.700 0.700000 0.700000 0.727273       1 0.769231       1     0.127925
    846   h1 0.666667       1   0.700 0.700000 0.700000 0.727273       1 0.769231       1     0.127925
    847   h1 0.666667       1   0.700 0.700000 0.700000 0.727273       1 0.769231       1     0.127925
    848   h1 0.573099       1   0.640 0.952381 0.677273 0.909091       1 0.702918       1     0.151181
    849   h1 0.777778       1   0.700 1.000000 0.700000 0.909091       1 0.769231       1     0.266511
    850   h1 0.777778       1   0.700 1.000000 0.700000 0.909091       1 0.769231       1     0.266511
    851   h1 0.777778       1   0.685 1.000000 0.700000 0.909091       1 0.769231       1     0.260800
    852   h1 1.000000       1   0.800 1.000000 0.700000 0.727273       1 0.769231       1     0.313287
    853   h1 1.000000       1   0.800 1.000000 0.700000 0.727273       1 0.769231       1     0.313287
    854   h1 1.000000       1   0.800 1.000000 0.700000 0.727273       1 0.769231       1     0.313287
    855   h1 1.000000       1   0.800 1.000000 0.700000 0.727273       1 0.769231       1     0.313287
    856   h1 0.637427       1   1.000 0.700000 0.900000 1.000000       1 0.923077       1     0.370688
    857   h1 0.666667       1   1.000 0.700000 0.900000 1.000000       1 0.923077       1     0.387692
    858   h1 0.666667       1   1.000 0.700000 0.900000 1.000000       1 0.923077       1     0.387692
    859   h1 0.666667       1   1.000 0.700000 0.900000 1.000000       1 0.923077       1     0.387692
    896   h1 0.631579       1   0.685 1.000000 0.700000 1.000000       1 1.000000       1     0.302842
    897   h1 0.666667       1   0.700 1.000000 0.700000 1.000000       1 1.000000       1     0.326667
    898   h1 0.666667       1   0.700 1.000000 0.700000 1.000000       1 1.000000       1     0.326667
    899   h1 0.666667       1   0.700 1.000000 0.700000 1.000000       1 1.000000       1     0.326667
    900   h1 0.666667       1   0.560 0.619048 0.700000 1.000000       1 0.448276       1     0.072521
    901   h1 0.631579       1   0.900 0.761905 1.000000 0.727273       1 1.000000       1     0.314969
    902   h1 0.777778       1   0.900 0.800000 1.000000 0.727273       1 1.000000       1     0.407273
    903   h1 0.777778       1   0.900 0.700000 1.000000 0.727273       1 0.923077       1     0.328951
    904   h1 0.777778       1   0.900 0.700000 1.000000 0.727273       1 0.923077       1     0.328951
    905   h1 0.777778       1   0.720 0.433333 1.000000 0.727273       1 0.381963       1     0.067411
    906   h1 0.947368       1   1.000 0.700000 1.000000 0.909091       1 0.435013       1     0.262257
    907   h1 1.000000       1   1.000 0.700000 1.000000 0.909091       1 0.769231       1     0.489510
    908   h1 1.000000       1   1.000 0.700000 1.000000 0.909091       1 0.769231       1     0.489510
    909   h1 1.000000       1   1.000 0.700000 1.000000 0.909091       1 0.769231       1     0.489510
    910   h1 1.000000       1   0.800 0.433333 1.000000 0.909091       1 0.641910       1     0.202299
    911   h1 0.643275       1   0.700 0.700000 0.800000 0.727273       1 0.769231       1     0.141071
    912   h1 0.666667       1   0.700 0.700000 0.800000 0.727273       1 0.769231       1     0.146200
    913   h1 0.666667       1   0.700 0.700000 0.800000 0.727273       1 0.769231       1     0.146200
    914   h1 0.666667       1   0.700 0.700000 0.800000 0.727273       1 0.769231       1     0.146200
    915   h1 0.666667       1   0.560 0.433333 0.800000 0.727273       1 0.339523       1     0.031958