 ChipID Half  Layer0   Layer1  Layer2   Layer3   Layer4   Layer5  Layer6   Layer7  Layer8  Pseaudo_Eff
    332   h0       1 0.950000   0.950 0.666667 0.668182 0.867769       1 0.742706       1     0.259102
    333   h0       1 1.000000   1.000 0.700000 0.700000 0.909091       1 0.769231       1     0.342657
    334   h0       1 1.000000   1.000 0.700000 0.700000 0.867769       1 0.769231       1     0.327082
    335   h0       1 0.633333   0.665 0.952381 0.668182 0.867769       1 0.742706       1     0.172735
    336   h0       1 0.666667   0.700 1.000000 0.700000 0.909091       1 0.769231       1     0.228438
    337   h0       1 0.666667   0.700 1.000000 0.700000 0.909091       1 0.769231       1     0.228438
    338   h0       1 0.950000   0.665 0.666667 0.954545 0.661157       1 0.891247       1     0.236894
    339   h0       1 1.000000   0.700 0.700000 1.000000 0.727273       1 0.923077       1     0.328951
    340   h0       1 1.000000   0.700 0.700000 1.000000 0.727273       1 0.923077       1     0.328951
    341   h0       1 0.633333   0.950 0.952381 0.668182 0.665289       1 0.965517       1     0.245942
    342   h0       1 0.666667   1.000 1.000000 0.700000 0.727273       1 1.000000       1     0.339394
    343   h0       1 0.666667   1.000 1.000000 0.677273 0.723140       1 1.000000       1     0.326509
    356   h0       1 0.950000   0.665 0.857143 0.954545 0.694215       1 0.742706       1     0.266505
    357   h0       1 1.000000   0.700 0.900000 1.000000 0.727273       1 0.769231       1     0.352448
    358   h0       1 1.000000   0.700 0.900000 1.000000 0.727273       1 0.769231       1     0.352448
    359   h0       1 1.000000   0.700 0.800000 1.000000 0.727273       1 0.315650       1     0.128556
    360   h0       1 0.738889   0.950 0.666667 0.668182 0.780992       1 0.816976       1     0.199509
    361   h0       1 0.777778   1.000 0.700000 0.700000 0.818182       1 0.846154       1     0.263846
    362   h0       1 0.777778   1.000 0.700000 0.700000 0.818182       1 0.846154       1     0.263846
    363   h0       1 0.777778   1.000 0.700000 0.700000 0.818182       1 0.846154       1     0.263846
    364   h0       1 0.533333   0.675 0.652381 0.604545 0.710744       1 0.859416       1     0.086726
    365   h0       1 0.666667   0.900 0.700000 0.700000 0.727273       1 0.923077       1     0.197371
    366   h0       1 0.666667   0.900 0.700000 0.700000 0.727273       1 0.923077       1     0.197371
    367   h0       1 0.666667   0.900 0.628571 0.700000 0.727273       1 0.923077       1     0.177231
    368   h0       1 1.000000   0.700 1.000000 0.700000 1.000000       1 0.769231       1     0.376923
    369   h0       1 1.000000   0.700 1.000000 0.700000 1.000000       1 0.769231       1     0.376923
    370   h0       1 1.000000   0.700 1.000000 0.700000 1.000000       1 0.769231       1     0.376923
    371   h0       1 1.000000   0.700 1.000000 0.700000 1.000000       1 0.769231       1     0.376923
    372   h0       1 0.777778   1.000 0.700000 1.000000 0.727273       1 0.769231       1     0.304584
    373   h0       1 0.777778   1.000 0.700000 1.000000 0.727273       1 0.769231       1     0.304584
    374   h0       1 0.777778   1.000 0.700000 1.000000 0.727273       1 0.769231       1     0.304584
    375   h0       1 0.777778   1.000 0.700000 1.000000 0.727273       1 0.769231       1     0.304584
    376   h0       1 0.638889   0.700 0.700000 0.800000 0.727273       1 0.769231       1     0.140109
    377   h0       1 0.666667   0.700 0.700000 0.800000 0.727273       1 0.769231       1     0.146200
    378   h0       1 0.666667   0.700 0.700000 0.800000 0.727273       1 0.769231       1     0.146200
    379   h0       1 0.666667   0.700 0.700000 0.800000 0.727273       1 0.769231       1     0.146200
    380   h0       1 0.850000   0.610 0.904762 0.663636 1.000000       1 0.702918       1     0.218835
    381   h0       1 1.000000   0.700 1.000000 0.700000 1.000000       1 0.769231       1     0.376923
    382   h0       1 1.000000   0.700 1.000000 0.700000 1.000000       1 0.769231       1     0.376923
    383   h0       1 1.000000   0.690 1.000000 0.700000 1.000000       1 0.769231       1     0.371538
    384   h0       1 0.844444   0.760 0.952381 0.668182 0.780992       1 0.742706       1     0.236894
    385   h0       1 0.888889   0.800 1.000000 0.700000 0.818182       1 0.769231       1     0.313287
    386   h0       1 0.888889   0.800 1.000000 0.700000 0.818182       1 0.769231       1     0.313287
    387   h0       1 0.888889   0.800 1.000000 0.700000 0.818182       1 0.769231       1     0.313287
    388   h0       1 0.633333   0.950 0.666667 0.859091 0.909091       1 0.816976       1     0.255930
    389   h0       1 0.666667   1.000 0.700000 0.900000 1.000000       1 0.846154       1     0.355385
    390   h0       1 0.666667   1.000 0.700000 0.900000 1.000000       1 0.846154       1     0.355385
    391   h0       1 0.666667   1.000 0.700000 0.900000 1.000000       1 0.846154       1     0.355385
    428   h0       1 0.633333   0.665 0.952381 0.668182 0.954545       1 0.891247       1     0.228010
    429   h0       1 0.666667   0.700 1.000000 0.700000 1.000000       1 0.923077       1     0.301538
    430   h0       1 0.666667   0.700 1.000000 0.700000 1.000000       1 0.923077       1     0.301538
    431   h0       1 0.666667   0.700 1.000000 0.700000 1.000000       1 0.923077       1     0.301538
    432   h0       1 0.666667   0.595 0.666667 0.700000 1.000000       1 0.381963       1     0.070706
    433   h0       1 0.950000   0.855 0.761905 0.954545 0.694215       1 0.965517       1     0.395951
    434   h0       1 1.000000   0.900 0.800000 1.000000 0.727273       1 1.000000       1     0.523636
    435   h0       1 1.000000   0.900 0.800000 1.000000 0.727273       1 1.000000       1     0.523636
    436   h0       1 1.000000   0.900 0.800000 1.000000 0.727273       1 1.000000       1     0.523636
    437   h0       1 1.000000   0.765 0.533333 1.000000 0.727273       1 0.413793       1     0.122784
    438   h0       1 0.422222   0.950 0.666667 0.954545 0.780992       1 0.456233       1     0.090950
    439   h0       1 0.644444   1.000 0.700000 1.000000 0.818182       1 0.769231       1     0.283916
    440   h0       1 0.666667   1.000 0.700000 1.000000 0.818182       1 0.769231       1     0.293706
    441   h0       1 0.666667   1.000 0.700000 1.000000 0.818182       1 0.769231       1     0.293706
    442   h0       1 0.666667   0.850 0.466667 1.000000 0.818182       1 0.588859       1     0.127408
    443   h0       1 0.844444   0.665 0.666667 0.859091 0.694215       1 0.742706       1     0.165825
    444   h0       1 0.888889   0.700 0.700000 0.900000 0.727273       1 0.769231       1     0.219301
    445   h0       1 0.888889   0.700 0.700000 0.900000 0.727273       1 0.769231       1     0.219301
    446   h0       1 0.888889   0.700 0.700000 0.900000 0.727273       1 0.769231       1     0.219301
    447   h0       1 1.000000   0.595 0.466667 0.900000 0.727273       1 0.318302       1     0.057850
    800   h1       1 0.900000   1.000 0.666667 0.700000 0.909091       1 0.769231       1     0.293706
    801   h1       1 1.000000   1.000 0.700000 0.700000 0.859504       1 0.769231       1     0.323967
    802   h1       1 1.000000   1.000 0.700000 0.690909 0.743802       1 0.769231       1     0.276715
    803   h1       1 0.600000   0.670 0.952381 0.800000 1.000000       1 0.769231       1     0.235604
    804   h1       1 0.666667   0.700 1.000000 0.800000 1.000000       1 0.769231       1     0.287179
    805   h1       1 0.666667   0.700 1.000000 0.800000 1.000000       1 0.769231       1     0.287179
    806   h1       1 0.900000   0.700 0.700000 0.900000 0.818182       1 1.000000       1     0.324736
    807   h1       1 1.000000   0.700 0.700000 0.900000 0.768595       1 1.000000       1     0.338950
    808   h1       1 1.000000   0.700 0.700000 0.900000 0.739669       1 1.000000       1     0.326194
    809   h1       1 0.600000   1.000 1.000000 0.700000 0.727273       1 0.923077       1     0.281958
    810   h1       1 0.666667   1.000 1.000000 0.700000 0.677686       1 0.923077       1     0.291926
    811   h1       1 0.666667   1.000 1.000000 0.681818 0.636364       1 0.923077       1     0.267006
    824   h1       1 0.900000   0.665 0.800000 1.000000 0.727273       1 0.769231       1     0.267860
    825   h1       1 1.000000   0.700 0.800000 1.000000 0.727273       1 0.769231       1     0.313287
    826   h1       1 1.000000   0.700 0.800000 1.000000 0.727273       1 0.769231       1     0.313287
    827   h1       1 1.000000   0.700 0.800000 1.000000 0.727273       1 0.238727       1     0.097227
    828   h1       1 0.600000   0.950 0.700000 0.700000 0.727273       1 0.846154       1     0.171877
    829   h1       1 0.666667   1.000 0.700000 0.700000 0.727273       1 0.846154       1     0.201026
    830   h1       1 0.666667   1.000 0.700000 0.700000 0.727273       1 0.846154       1     0.201026
    831   h1       1 0.666667   1.000 0.700000 0.700000 0.727273       1 0.846154       1     0.201026
    832   h1       1 0.550000   0.720 0.661905 0.604545 0.702479       1 0.816976       1     0.090942
    833   h1       1 0.666667   0.900 0.700000 0.700000 0.727273       1 0.846154       1     0.180923
    834   h1       1 0.666667   0.900 0.700000 0.700000 0.727273       1 0.846154       1     0.180923
    835   h1       1 0.666667   0.900 0.604762 0.700000 0.727273       1 0.846154       1     0.156308
    836   h1       1 0.950000   0.700 1.000000 0.700000 1.000000       1 0.769231       1     0.358077
    837   h1       1 1.000000   0.700 1.000000 0.700000 1.000000       1 0.769231       1     0.376923
    838   h1       1 1.000000   0.700 1.000000 0.700000 1.000000       1 0.769231       1     0.376923
    839   h1       1 1.000000   0.700 1.000000 0.700000 1.000000       1 0.769231       1     0.376923
    840   h1       1 0.777778   1.000 0.700000 1.000000 0.818182       1 0.769231       1     0.342657
    841   h1       1 0.777778   1.000 0.700000 1.000000 0.818182       1 0.769231       1     0.342657
    842   h1       1 0.666667   1.000 0.700000 1.000000 0.818182       1 0.769231       1     0.293706
    843   h1       1 0.666667   1.000 0.700000 1.000000 0.818182       1 0.769231       1     0.293706
    844   h1       1 0.633333   0.700 0.700000 0.700000 0.727273       1 0.769231       1     0.121529
    845   h1       1 0.666667   0.700 0.700000 0.700000 0.727273       1 0.769231       1     0.127925
    846   h1       1 0.666667   0.700 0.700000 0.700000 0.727273       1 0.769231       1     0.127925
    847   h1       1 0.666667   0.700 0.700000 0.700000 0.727273       1 0.769231       1     0.127925
    848   h1       1 0.850000   0.640 0.952381 0.677273 0.909091       1 0.702918       1     0.224226
    849   h1       1 1.000000   0.700 1.000000 0.700000 0.909091       1 0.769231       1     0.342657
    850   h1       1 1.000000   0.700 1.000000 0.700000 0.909091       1 0.769231       1     0.342657
    851   h1       1 1.000000   0.685 1.000000 0.700000 0.909091       1 0.769231       1     0.335315
    852   h1       1 0.700000   0.800 1.000000 0.700000 0.727273       1 0.769231       1     0.219301
    853   h1       1 0.777778   0.800 1.000000 0.700000 0.727273       1 0.769231       1     0.243667
    854   h1       1 0.777778   0.800 1.000000 0.700000 0.727273       1 0.769231       1     0.243667
    855   h1       1 0.777778   0.800 1.000000 0.700000 0.727273       1 0.769231       1     0.243667
    856   h1       1 0.600000   1.000 0.700000 0.900000 1.000000       1 0.923077       1     0.348923
    857   h1       1 0.666667   1.000 0.700000 0.900000 1.000000       1 0.923077       1     0.387692
    858   h1       1 0.666667   1.000 0.700000 0.900000 1.000000       1 0.923077       1     0.387692
    859   h1       1 0.666667   1.000 0.700000 0.900000 1.000000       1 0.923077       1     0.387692
    896   h1       1 0.700000   0.685 1.000000 0.700000 1.000000       1 1.000000       1     0.335650
    897   h1       1 0.777778   0.700 1.000000 0.700000 1.000000       1 1.000000       1     0.381111
    898   h1       1 0.777778   0.700 1.000000 0.700000 1.000000       1 1.000000       1     0.381111
    899   h1       1 0.777778   0.700 1.000000 0.700000 1.000000       1 1.000000       1     0.381111
    900   h1       1 0.777778   0.560 0.619048 0.700000 1.000000       1 0.448276       1     0.084608
    901   h1       1 0.900000   0.900 0.761905 1.000000 0.727273       1 1.000000       1     0.448831
    902   h1       1 1.000000   0.900 0.800000 1.000000 0.727273       1 1.000000       1     0.523636
    903   h1       1 1.000000   0.900 0.700000 1.000000 0.727273       1 0.923077       1     0.422937
    904   h1       1 1.000000   0.900 0.700000 1.000000 0.727273       1 0.923077       1     0.422937
    905   h1       1 1.000000   0.720 0.433333 1.000000 0.727273       1 0.381963       1     0.086671
    906   h1       1 0.300000   1.000 0.700000 1.000000 0.909091       1 0.435013       1     0.083048
    907   h1       1 0.633333   1.000 0.700000 1.000000 0.909091       1 0.769231       1     0.310023
    908   h1       1 0.666667   1.000 0.700000 1.000000 0.909091       1 0.769231       1     0.326340
    909   h1       1 0.666667   1.000 0.700000 1.000000 0.909091       1 0.769231       1     0.326340
    910   h1       1 0.666667   0.800 0.433333 1.000000 0.909091       1 0.641910       1     0.134866
    911   h1       1 0.900000   0.700 0.700000 0.800000 0.727273       1 0.769231       1     0.197371
    912   h1       1 1.000000   0.700 0.700000 0.800000 0.727273       1 0.769231       1     0.219301
    913   h1       1 1.000000   0.700 0.700000 0.800000 0.727273       1 0.769231       1     0.219301
    914   h1       1 1.000000   0.700 0.700000 0.800000 0.727273       1 0.769231       1     0.219301
    915   h1       1 1.000000   0.560 0.433333 0.800000 0.727273       1 0.339523       1     0.047936