 ChipID Half  Layer0  Layer1  Layer2   Layer3   Layer4   Layer5   Layer6   Layer7  Layer8  Pseaudo_Eff
    332   h0       1       1   0.950 0.666667 0.668182 0.867769 0.964286 0.742706       1     0.262999
    333   h0       1       1   1.000 0.700000 0.700000 0.909091 1.000000 0.769231       1     0.342657
    334   h0       1       1   1.000 0.700000 0.700000 0.867769 1.000000 0.769231       1     0.327082
    335   h0       1       1   0.665 0.952381 0.668182 0.867769 0.890110 0.742706       1     0.242768
    336   h0       1       1   0.700 1.000000 0.700000 0.909091 0.923077 0.769231       1     0.316299
    337   h0       1       1   0.700 1.000000 0.700000 0.909091 0.923077 0.769231       1     0.316299
    338   h0       1       1   0.665 0.666667 0.954545 0.661157 0.741758 0.891247       1     0.184966
    339   h0       1       1   0.700 0.700000 1.000000 0.727273 0.769231 0.923077       1     0.253039
    340   h0       1       1   0.700 0.700000 1.000000 0.727273 0.769231 0.923077       1     0.253039
    341   h0       1       1   0.950 0.952381 0.668182 0.665289 0.890110 0.965517       1     0.345655
    342   h0       1       1   1.000 1.000000 0.700000 0.727273 0.923077 1.000000       1     0.469930
    343   h0       1       1   1.000 1.000000 0.677273 0.723140 0.923077 1.000000       1     0.452089
    356   h0       1       1   0.665 0.857143 0.954545 0.694215 0.741758 0.742706       1     0.208087
    357   h0       1       1   0.700 0.900000 1.000000 0.727273 0.769231 0.769231       1     0.271114
    358   h0       1       1   0.700 0.900000 1.000000 0.727273 0.769231 0.769231       1     0.271114
    359   h0       1       1   0.700 0.800000 1.000000 0.727273 0.769231 0.315650       1     0.098889
    360   h0       1       1   0.950 0.666667 0.668182 0.780992 0.741758 0.816976       1     0.200284
    361   h0       1       1   1.000 0.700000 0.700000 0.818182 0.769231 0.846154       1     0.260947
    362   h0       1       1   1.000 0.700000 0.700000 0.818182 0.769231 0.846154       1     0.260947
    363   h0       1       1   1.000 0.700000 0.700000 0.818182 0.769231 0.846154       1     0.260947
    364   h0       1       1   0.675 0.652381 0.604545 0.710744 0.744505 0.859416       1     0.121065
    365   h0       1       1   0.900 0.700000 0.700000 0.727273 0.769231 0.923077       1     0.227735
    366   h0       1       1   0.900 0.700000 0.700000 0.727273 0.769231 0.923077       1     0.227735
    367   h0       1       1   0.900 0.628571 0.700000 0.727273 0.769231 0.923077       1     0.204497
    368   h0       1       1   0.700 1.000000 0.700000 1.000000 0.846154 0.769231       1     0.318935
    369   h0       1       1   0.700 1.000000 0.700000 1.000000 0.846154 0.769231       1     0.318935
    370   h0       1       1   0.700 1.000000 0.700000 1.000000 0.846154 0.769231       1     0.318935
    371   h0       1       1   0.700 1.000000 0.700000 1.000000 0.846154 0.769231       1     0.318935
    372   h0       1       1   1.000 0.700000 1.000000 0.727273 0.964286 0.769231       1     0.377622
    373   h0       1       1   1.000 0.700000 1.000000 0.727273 1.000000 0.769231       1     0.391608
    374   h0       1       1   1.000 0.700000 1.000000 0.727273 1.000000 0.769231       1     0.391608
    375   h0       1       1   1.000 0.700000 1.000000 0.727273 1.000000 0.769231       1     0.391608
    376   h0       1       1   0.700 0.700000 0.800000 0.727273 0.923077 0.769231       1     0.202431
    377   h0       1       1   0.700 0.700000 0.800000 0.727273 0.923077 0.769231       1     0.202431
    378   h0       1       1   0.700 0.700000 0.800000 0.727273 0.923077 0.769231       1     0.202431
    379   h0       1       1   0.700 0.700000 0.800000 0.727273 0.923077 0.769231       1     0.202431
    380   h0       1       1   0.610 0.904762 0.663636 1.000000 0.769231 0.702918       1     0.198041
    381   h0       1       1   0.700 1.000000 0.700000 1.000000 0.769231 0.769231       1     0.289941
    382   h0       1       1   0.700 1.000000 0.700000 1.000000 0.769231 0.769231       1     0.289941
    383   h0       1       1   0.690 1.000000 0.700000 1.000000 0.769231 0.769231       1     0.285799
    384   h0       1       1   0.760 0.952381 0.668182 0.780992 0.741758 0.742706       1     0.208087
    385   h0       1       1   0.800 1.000000 0.700000 0.818182 0.769231 0.769231       1     0.271114
    386   h0       1       1   0.800 1.000000 0.700000 0.818182 0.769231 0.769231       1     0.271114
    387   h0       1       1   0.800 1.000000 0.700000 0.818182 0.769231 0.769231       1     0.271114
    388   h0       1       1   0.950 0.666667 0.859091 0.909091 0.741758 0.816976       1     0.299744
    389   h0       1       1   1.000 0.700000 0.900000 1.000000 0.769231 0.846154       1     0.410059
    390   h0       1       1   1.000 0.700000 0.900000 1.000000 0.769231 0.846154       1     0.410059
    391   h0       1       1   1.000 0.700000 0.900000 1.000000 0.681319 0.846154       1     0.363195
    428   h0       1       1   0.665 0.952381 0.668182 0.954545 0.741758 0.891247       1     0.267045
    429   h0       1       1   0.700 1.000000 0.700000 1.000000 0.769231 0.923077       1     0.347929
    430   h0       1       1   0.700 1.000000 0.700000 1.000000 0.769231 0.923077       1     0.347929
    431   h0       1       1   0.700 1.000000 0.700000 1.000000 0.769231 0.923077       1     0.347929
    432   h0       1       1   0.595 0.666667 0.700000 1.000000 0.412088 0.381963       1     0.043705
    433   h0       1       1   0.855 0.761905 0.954545 0.694215 0.593407 0.965517       1     0.247326
    434   h0       1       1   0.900 0.800000 1.000000 0.727273 0.769231 1.000000       1     0.402797
    435   h0       1       1   0.900 0.800000 1.000000 0.727273 0.769231 1.000000       1     0.402797
    436   h0       1       1   0.900 0.800000 1.000000 0.727273 0.769231 1.000000       1     0.402797
    437   h0       1       1   0.765 0.533333 1.000000 0.727273 0.519231 0.413793       1     0.063753
    438   h0       1       1   0.950 0.666667 0.954545 0.780992 0.615385 0.456233       1     0.132559
    439   h0       1       1   1.000 0.700000 1.000000 0.818182 0.769231 0.769231       1     0.338892
    440   h0       1       1   1.000 0.700000 1.000000 0.818182 0.769231 0.769231       1     0.338892
    441   h0       1       1   1.000 0.700000 1.000000 0.818182 0.769231 0.769231       1     0.338892
    442   h0       1       1   0.850 0.466667 1.000000 0.818182 0.483516 0.588859       1     0.092406
    443   h0       1       1   0.665 0.666667 0.859091 0.694215 0.741758 0.742706       1     0.145661
    444   h0       1       1   0.700 0.700000 0.900000 0.727273 0.769231 0.769231       1     0.189779
    445   h0       1       1   0.700 0.700000 0.900000 0.727273 0.769231 0.769231       1     0.189779
    446   h0       1       1   0.700 0.700000 0.900000 0.727273 0.769231 0.769231       1     0.189779
    447   h0       1       1   0.595 0.466667 0.900000 0.727273 0.412088 0.318302       1     0.023839
    800   h1       1       1   1.000 0.666667 0.700000 0.909091 1.000000 0.769231       1     0.326340
    801   h1       1       1   1.000 0.700000 0.700000 0.859504 1.000000 0.769231       1     0.323967
    802   h1       1       1   1.000 0.700000 0.690909 0.743802 1.000000 0.769231       1     0.276715
    803   h1       1       1   0.670 0.952381 0.800000 1.000000 0.846154 0.769231       1     0.332263
    804   h1       1       1   0.700 1.000000 0.800000 1.000000 0.846154 0.769231       1     0.364497
    805   h1       1       1   0.700 1.000000 0.800000 1.000000 0.846154 0.769231       1     0.364497
    806   h1       1       1   0.700 0.700000 0.900000 0.818182 0.769231 1.000000       1     0.277552
    807   h1       1       1   0.700 0.700000 0.900000 0.768595 0.769231 1.000000       1     0.260731
    808   h1       1       1   0.700 0.700000 0.900000 0.739669 0.769231 1.000000       1     0.250919
    809   h1       1       1   1.000 1.000000 0.700000 0.727273 0.923077 0.923077       1     0.433782
    810   h1       1       1   1.000 1.000000 0.700000 0.677686 0.923077 0.923077       1     0.404206
    811   h1       1       1   1.000 1.000000 0.681818 0.636364 0.923077 0.923077       1     0.369700
    824   h1       1       1   0.665 0.800000 1.000000 0.727273 0.769231 0.769231       1     0.228940
    825   h1       1       1   0.700 0.800000 1.000000 0.727273 0.769231 0.769231       1     0.240990
    826   h1       1       1   0.700 0.800000 1.000000 0.727273 0.769231 0.769231       1     0.240990
    827   h1       1       1   0.700 0.800000 1.000000 0.727273 0.725275 0.238727       1     0.070516
    828   h1       1       1   0.950 0.700000 0.700000 0.727273 0.769231 0.846154       1     0.220355
    829   h1       1       1   1.000 0.700000 0.700000 0.727273 0.769231 0.846154       1     0.231953
    830   h1       1       1   1.000 0.700000 0.700000 0.727273 0.769231 0.846154       1     0.231953
    831   h1       1       1   1.000 0.700000 0.700000 0.727273 0.769231 0.846154       1     0.231953
    832   h1       1       1   0.720 0.661905 0.604545 0.702479 0.744505 0.816976       1     0.123103
    833   h1       1       1   0.900 0.700000 0.700000 0.727273 0.769231 0.846154       1     0.208757
    834   h1       1       1   0.900 0.700000 0.700000 0.727273 0.769231 0.846154       1     0.208757
    835   h1       1       1   0.900 0.604762 0.700000 0.727273 0.769231 0.846154       1     0.180355
    836   h1       1       1   0.700 1.000000 0.700000 1.000000 0.846154 0.769231       1     0.318935
    837   h1       1       1   0.700 1.000000 0.700000 1.000000 0.846154 0.769231       1     0.318935
    838   h1       1       1   0.700 1.000000 0.700000 1.000000 0.846154 0.769231       1     0.318935
    839   h1       1       1   0.700 1.000000 0.700000 1.000000 0.846154 0.769231       1     0.318935
    840   h1       1       1   1.000 0.700000 1.000000 0.818182 1.000000 0.769231       1     0.440559
    841   h1       1       1   1.000 0.700000 1.000000 0.818182 1.000000 0.769231       1     0.440559
    842   h1       1       1   1.000 0.700000 1.000000 0.818182 1.000000 0.769231       1     0.440559
    843   h1       1       1   1.000 0.700000 1.000000 0.818182 1.000000 0.769231       1     0.440559
    844   h1       1       1   0.700 0.700000 0.700000 0.727273 0.923077 0.769231       1     0.177127
    845   h1       1       1   0.700 0.700000 0.700000 0.727273 0.923077 0.769231       1     0.177127
    846   h1       1       1   0.700 0.700000 0.700000 0.727273 0.923077 0.769231       1     0.177127
    847   h1       1       1   0.700 0.700000 0.700000 0.727273 0.923077 0.769231       1     0.177127
    848   h1       1       1   0.640 0.952381 0.677273 0.909091 0.769231 0.702918       1     0.202919
    849   h1       1       1   0.700 1.000000 0.700000 0.909091 0.769231 0.769231       1     0.263583
    850   h1       1       1   0.700 1.000000 0.700000 0.909091 0.769231 0.769231       1     0.263583
    851   h1       1       1   0.685 1.000000 0.700000 0.909091 0.769231 0.769231       1     0.257934
    852   h1       1       1   0.800 1.000000 0.700000 0.727273 0.769231 0.769231       1     0.240990
    853   h1       1       1   0.800 1.000000 0.700000 0.727273 0.769231 0.769231       1     0.240990
    854   h1       1       1   0.800 1.000000 0.700000 0.727273 0.769231 0.769231       1     0.240990
    855   h1       1       1   0.800 1.000000 0.700000 0.727273 0.769231 0.769231       1     0.240990
    856   h1       1       1   1.000 0.700000 0.900000 1.000000 0.769231 0.923077       1     0.447337
    857   h1       1       1   1.000 0.700000 0.900000 1.000000 0.769231 0.923077       1     0.447337
    858   h1       1       1   1.000 0.700000 0.900000 1.000000 0.769231 0.923077       1     0.447337
    859   h1       1       1   1.000 0.700000 0.900000 1.000000 0.681319 0.923077       1     0.396213
    896   h1       1       1   0.685 1.000000 0.700000 1.000000 0.769231 1.000000       1     0.368846
    897   h1       1       1   0.700 1.000000 0.700000 1.000000 0.769231 1.000000       1     0.376923
    898   h1       1       1   0.700 1.000000 0.700000 1.000000 0.769231 1.000000       1     0.376923
    899   h1       1       1   0.700 1.000000 0.700000 1.000000 0.769231 1.000000       1     0.376923
    900   h1       1       1   0.560 0.619048 0.700000 1.000000 0.425824 0.448276       1     0.046322
    901   h1       1       1   0.900 0.761905 1.000000 0.727273 0.620879 1.000000       1     0.309633
    902   h1       1       1   0.900 0.800000 1.000000 0.727273 0.769231 1.000000       1     0.402797
    903   h1       1       1   0.900 0.700000 1.000000 0.727273 0.769231 0.923077       1     0.325336
    904   h1       1       1   0.900 0.700000 1.000000 0.727273 0.769231 0.923077       1     0.325336
    905   h1       1       1   0.720 0.433333 1.000000 0.727273 0.538462 0.381963       1     0.046669
    906   h1       1       1   1.000 0.700000 1.000000 0.909091 0.642857 0.435013       1     0.177960
    907   h1       1       1   1.000 0.700000 1.000000 0.909091 0.769231 0.769231       1     0.376547
    908   h1       1       1   1.000 0.700000 1.000000 0.909091 0.769231 0.769231       1     0.376547
    909   h1       1       1   1.000 0.700000 1.000000 0.909091 0.769231 0.769231       1     0.376547
    910   h1       1       1   0.800 0.433333 1.000000 0.909091 0.483516 0.641910       1     0.097815
    911   h1       1       1   0.700 0.700000 0.800000 0.727273 0.769231 0.769231       1     0.168693
    912   h1       1       1   0.700 0.700000 0.800000 0.727273 0.769231 0.769231       1     0.168693
    913   h1       1       1   0.700 0.700000 0.800000 0.727273 0.769231 0.769231       1     0.168693
    914   h1       1       1   0.700 0.700000 0.800000 0.727273 0.769231 0.769231       1     0.168693
    915   h1       1       1   0.560 0.433333 0.800000 0.727273 0.412088 0.339523       1     0.019754