 ChipID Half  Layer0   Layer1  Layer2  Layer3   Layer4   Layer5   Layer6   Layer7  Layer8  Pseaudo_Eff
    344   h0       1 0.842105   0.665       1 0.954545 0.668182 0.740741 0.846154       1     0.223869
    345   h0       1 0.888889   0.700       1 1.000000 0.700000 0.769231 0.846154       1     0.283498
    346   h0       1 0.888889   0.700       1 1.000000 0.700000 0.769231 0.846154       1     0.283498
    347   h0       1 0.842105   0.950       1 0.668182 0.859091 0.740741 0.769231       1     0.261666
    348   h0       1 0.888889   1.000       1 0.700000 0.900000 0.769231 0.769231       1     0.331361
    349   h0       1 0.888889   1.000       1 0.700000 0.900000 0.769231 0.769231       1     0.331361
    350   h0       1 0.947368   0.665       1 0.954545 0.727273 0.740741 0.769231       1     0.249205
    351   h0       1 1.000000   0.700       1 1.000000 0.800000 0.769231 0.769231       1     0.331361
    352   h0       1 1.000000   0.700       1 1.000000 0.800000 0.769231 0.769231       1     0.331361
    353   h0       1 0.631579   0.760       1 0.668182 0.645455 0.740741 0.923077       1     0.141549
    354   h0       1 0.666667   0.800       1 0.700000 0.700000 0.769231 0.923077       1     0.185562
    355   h0       1 0.666667   0.800       1 0.668182 0.700000 0.769231 0.923077       1     0.177127
    392   h0       1 0.631579   0.665       1 0.668182 0.954545 0.814815 0.769231       1     0.167902
    393   h0       1 0.666667   0.700       1 0.700000 1.000000 0.846154 0.769231       1     0.212623
    394   h0       1 0.666667   0.700       1 0.700000 1.000000 0.846154 0.769231       1     0.212623
    395   h0       1 0.666667   0.700       1 0.700000 1.000000 0.846154 0.675824       1     0.186805
    396   h0       1 0.947368   0.855       1 0.954545 0.668182 0.962963 0.769231       1     0.382686
    397   h0       1 1.000000   0.900       1 1.000000 0.700000 1.000000 0.769231       1     0.484615
    398   h0       1 1.000000   0.900       1 1.000000 0.700000 1.000000 0.769231       1     0.484615
    399   h0       1 1.000000   0.900       1 1.000000 0.700000 1.000000 0.769231       1     0.484615
    400   h0       1 0.614035   0.850       1 0.954545 0.654545 0.649573 0.769231       1     0.162942
    401   h0       1 0.777778   1.000       1 1.000000 0.700000 0.769231 0.769231       1     0.322156
    402   h0       1 0.777778   1.000       1 1.000000 0.700000 0.769231 0.769231       1     0.322156
    403   h0       1 0.777778   1.000       1 1.000000 0.700000 0.769231 0.769231       1     0.322156
    404   h0       1 0.666667   0.700       1 0.700000 0.700000 0.746439 0.923077       1     0.157556
    405   h0       1 0.666667   0.700       1 0.700000 0.700000 0.769231 0.923077       1     0.162367
    406   h0       1 0.666667   0.700       1 0.700000 0.700000 0.769231 0.923077       1     0.162367
    407   h0       1 0.666667   0.700       1 0.700000 0.700000 0.769231 0.923077       1     0.162367
    408   h0       1 0.947368   0.700       1 0.700000 1.000000 0.746439 1.000000       1     0.346505
    409   h0       1 1.000000   0.700       1 0.700000 1.000000 0.769231 1.000000       1     0.376923
    410   h0       1 1.000000   0.700       1 0.700000 1.000000 0.769231 1.000000       1     0.376923
    411   h0       1 1.000000   0.700       1 0.700000 1.000000 0.769231 1.000000       1     0.376923
    412   h0       1 0.654971   1.000       1 1.000000 0.700000 0.712251 0.923077       1     0.301433
    413   h0       1 0.666667   1.000       1 1.000000 0.700000 0.769231 0.923077       1     0.331361
    414   h0       1 0.666667   1.000       1 1.000000 0.700000 0.769231 0.923077       1     0.331361
    415   h0       1 0.666667   1.000       1 1.000000 0.700000 0.769231 0.923077       1     0.331361
    416   h0       1 0.684211   0.610       1 0.677273 0.618182 0.888889 0.769231       1     0.119482
    417   h0       1 1.000000   0.700       1 0.700000 0.700000 0.923077 0.769231       1     0.243550
    418   h0       1 1.000000   0.700       1 0.700000 0.700000 0.923077 0.769231       1     0.243550
    419   h0       1 1.000000   0.700       1 0.700000 0.700000 0.923077 0.769231       1     0.243550
    420   h0       1 0.947368   0.665       1 0.668182 0.659091 0.740741 0.769231       1     0.158090
    421   h0       1 1.000000   0.700       1 0.700000 0.700000 0.769231 0.769231       1     0.202959
    422   h0       1 1.000000   0.700       1 0.700000 0.700000 0.769231 0.769231       1     0.202959
    423   h0       1 1.000000   0.700       1 0.700000 0.700000 0.769231 0.769231       1     0.202959
    424   h0       1 0.631579   0.950       1 0.668182 0.909091 0.740741 0.769231       1     0.207671
    425   h0       1 0.666667   1.000       1 0.700000 1.000000 0.769231 0.769231       1     0.276134
    426   h0       1 0.666667   1.000       1 0.700000 1.000000 0.769231 0.769231       1     0.276134
    427   h0       1 0.666667   1.000       1 0.700000 1.000000 0.569801 0.675824       1     0.179706
    448   h0       1 0.631579   0.855       1 0.668182 0.763636 0.814815 0.769231       1     0.172699
    449   h0       1 0.666667   0.900       1 0.700000 0.800000 0.846154 0.769231       1     0.218698
    450   h0       1 0.666667   0.900       1 0.700000 0.800000 0.846154 0.769231       1     0.218698
    451   h0       1 0.666667   0.900       1 0.700000 0.800000 0.846154 0.769231       1     0.218698
    452   h0       1 0.666667   0.810       1 0.700000 0.800000 0.532764 0.384615       1     0.061964
    453   h0       1 0.947368   0.475       1 0.668182 0.954545 0.279202 0.642857       1     0.051515
    454   h0       1 1.000000   0.690       1 0.700000 1.000000 0.769231 0.769231       1     0.285799
    455   h0       1 1.000000   0.700       1 0.700000 1.000000 0.769231 0.769231       1     0.289941
    456   h0       1 1.000000   0.700       1 0.700000 1.000000 0.769231 0.769231       1     0.289941
    457   h0       1 1.000000   0.650       1 0.700000 1.000000 0.740741 0.461538       1     0.155556
    458   h0       1 0.736842   0.950       1 0.668182 0.954545 0.923077 0.670330       1     0.276258
    459   h0       1 0.777778   1.000       1 0.700000 1.000000 0.923077 0.769231       1     0.386588
    460   h0       1 0.777778   1.000       1 0.700000 1.000000 0.923077 0.769231       1     0.386588
    461   h0       1 0.777778   1.000       1 0.700000 1.000000 0.923077 0.769231       1     0.386588
    462   h0       1 0.777778   0.900       1 0.700000 1.000000 0.581197 0.461538       1     0.131440
    463   h0       1 0.631579   0.760       1 0.954545 0.668182 0.740741 0.769231       1     0.174444
    464   h0       1 0.666667   0.800       1 1.000000 0.700000 0.769231 0.769231       1     0.220907
    465   h0       1 0.666667   0.800       1 1.000000 0.700000 0.769231 0.769231       1     0.220907
    466   h0       1 0.666667   0.800       1 1.000000 0.700000 0.769231 0.769231       1     0.220907
    467   h0       1 0.666667   0.720       1 1.000000 0.700000 0.484330 0.384615       1     0.062590
    812   h1       1 0.947368   0.695       1 0.954545 0.800000 0.769231 0.846154       1     0.327263
    813   h1       1 1.000000   0.700       1 1.000000 0.750000 0.769231 0.846154       1     0.341716
    814   h1       1 1.000000   0.700       1 1.000000 0.686364 0.769231 0.846154       1     0.312722
    815   h1       1 0.736842   0.950       1 0.668182 0.900000 0.769231 0.769231       1     0.249086
    816   h1       1 0.777778   1.000       1 0.700000 0.900000 0.769231 0.769231       1     0.289941
    817   h1       1 0.777778   1.000       1 0.700000 0.900000 0.769231 0.769231       1     0.289941
    818   h1       1 0.947368   0.700       1 0.954545 0.800000 0.769231 0.769231       1     0.299652
    819   h1       1 1.000000   0.700       1 1.000000 0.800000 0.769231 0.769231       1     0.331361
    820   h1       1 1.000000   0.700       1 1.000000 0.800000 0.769231 0.769231       1     0.331361
    821   h1       1 0.631579   0.800       1 0.668182 0.700000 0.769231 0.923077       1     0.167805
    822   h1       1 0.666667   0.800       1 0.700000 0.650000 0.769231 0.923077       1     0.172308
    823   h1       1 0.666667   0.800       1 0.700000 0.595455 0.769231 0.923077       1     0.157848
    860   h1       1 0.631579   0.665       1 0.763636 1.000000 0.846154 0.769231       1     0.208757
    861   h1       1 0.666667   0.700       1 0.800000 1.000000 0.846154 0.769231       1     0.242998
    862   h1       1 0.666667   0.700       1 0.800000 1.000000 0.846154 0.769231       1     0.242998
    863   h1       1 0.666667   0.700       1 0.800000 1.000000 0.846154 0.620879       1     0.196134
    864   h1       1 0.947368   0.855       1 0.954545 0.700000 1.000000 0.769231       1     0.416329
    865   h1       1 1.000000   0.900       1 1.000000 0.700000 1.000000 0.769231       1     0.484615
    866   h1       1 1.000000   0.900       1 1.000000 0.700000 1.000000 0.769231       1     0.484615
    867   h1       1 1.000000   0.900       1 1.000000 0.700000 1.000000 0.769231       1     0.484615
    868   h1       1 0.573099   0.900       1 0.954545 0.677273 0.683761 0.846154       1     0.192924
    869   h1       1 0.777778   1.000       1 1.000000 0.700000 0.769231 0.846154       1     0.354372
    870   h1       1 0.777778   1.000       1 1.000000 0.700000 0.769231 0.769231       1     0.322156
    871   h1       1 0.777778   1.000       1 1.000000 0.700000 0.769231 0.846154       1     0.354372
    872   h1       1 0.666667   0.700       1 0.700000 0.700000 0.757835 0.923077       1     0.159961
    873   h1       1 0.666667   0.700       1 0.700000 0.700000 0.769231 0.923077       1     0.162367
    874   h1       1 0.666667   0.700       1 0.700000 0.700000 0.769231 0.923077       1     0.162367
    875   h1       1 0.666667   0.700       1 0.700000 0.700000 0.769231 0.923077       1     0.162367
    876   h1       1 1.000000   0.700       1 0.700000 1.000000 0.769231 1.000000       1     0.376923
    877   h1       1 1.000000   0.700       1 0.700000 1.000000 0.769231 1.000000       1     0.376923
    878   h1       1 1.000000   0.700       1 0.700000 1.000000 0.769231 1.000000       1     0.376923
    879   h1       1 1.000000   0.700       1 0.700000 1.000000 0.769231 1.000000       1     0.376923
    880   h1       1 0.649123   1.000       1 1.000000 0.700000 0.814815 0.846154       1     0.313280
    881   h1       1 0.666667   1.000       1 1.000000 0.700000 0.846154 0.846154       1     0.334122
    882   h1       1 0.666667   1.000       1 1.000000 0.700000 0.769231 0.846154       1     0.303748
    883   h1       1 0.666667   1.000       1 1.000000 0.700000 0.769231 0.846154       1     0.303748
    884   h1       1 0.736842   0.625       1 0.663636 0.618182 0.925926 0.747253       1     0.130721
    885   h1       1 1.000000   0.700       1 0.700000 0.700000 1.000000 0.769231       1     0.263846
    886   h1       1 1.000000   0.700       1 0.700000 0.700000 1.000000 0.769231       1     0.263846
    887   h1       1 1.000000   0.700       1 0.700000 0.700000 1.000000 0.769231       1     0.263846
    888   h1       1 0.947368   0.700       1 0.668182 0.600000 0.769231 0.769231       1     0.157317
    889   h1       1 1.000000   0.700       1 0.700000 0.650000 0.769231 0.769231       1     0.188462
    890   h1       1 1.000000   0.700       1 0.700000 0.695455 0.769231 0.769231       1     0.201641
    891   h1       1 1.000000   0.700       1 0.700000 0.600000 0.769231 0.769231       1     0.173964
    892   h1       1 0.631579   1.000       1 0.668182 1.000000 0.769231 0.769231       1     0.249710
    893   h1       1 0.666667   1.000       1 0.700000 1.000000 0.769231 0.769231       1     0.276134
    894   h1       1 0.666667   1.000       1 0.700000 1.000000 0.769231 0.769231       1     0.276134
    895   h1       1 0.666667   1.000       1 0.700000 1.000000 0.555556 0.670330       1     0.173789
    916   h1       1 0.631579   0.900       1 0.668182 0.800000 0.846154 0.769231       1     0.197770
    917   h1       1 0.666667   0.900       1 0.700000 0.800000 0.846154 0.769231       1     0.218698
    918   h1       1 0.666667   0.900       1 0.700000 0.800000 0.846154 0.769231       1     0.218698
    919   h1       1 0.666667   0.900       1 0.700000 0.800000 0.846154 0.769231       1     0.218698
    920   h1       1 0.666667   0.810       1 0.700000 0.800000 0.532764 0.376374       1     0.060637
    921   h1       1 0.947368   0.510       1 0.763636 1.000000 0.307692 0.706044       1     0.080154
    922   h1       1 1.000000   0.690       1 0.800000 1.000000 0.769231 0.769231       1     0.326627
    923   h1       1 1.000000   0.700       1 0.800000 1.000000 0.769231 0.769231       1     0.331361
    924   h1       1 1.000000   0.700       1 0.800000 1.000000 0.769231 0.769231       1     0.331361
    925   h1       1 1.000000   0.650       1 0.800000 1.000000 0.740741 0.398352       1     0.153439
    926   h1       1 0.631579   1.000       1 0.668182 1.000000 0.923077 0.620879       1     0.241862
    927   h1       1 0.666667   1.000       1 0.700000 1.000000 0.923077 0.769231       1     0.331361
    928   h1       1 0.666667   1.000       1 0.700000 1.000000 0.923077 0.769231       1     0.331361
    929   h1       1 0.666667   1.000       1 0.700000 1.000000 0.923077 0.769231       1     0.331361
    930   h1       1 0.666667   0.900       1 0.700000 1.000000 0.547009 0.500000       1     0.114872
    931   h1       1 0.736842   0.800       1 0.954545 0.700000 0.769231 0.769231       1     0.233062
    932   h1       1 0.777778   0.800       1 1.000000 0.700000 0.769231 0.769231       1     0.257725
    933   h1       1 0.777778   0.800       1 1.000000 0.700000 0.769231 0.769231       1     0.257725
    934   h1       1 0.777778   0.800       1 1.000000 0.700000 0.769231 0.769231       1     0.257725
    935   h1       1 0.777778   0.720       1 1.000000 0.700000 0.455840 0.370879       1     0.066272