 ChipID Half   Layer0  Layer1  Layer2  Layer3  Layer4   Layer5   Layer6   Layer7   Layer8  Pseaudo_Eff
    344   h0 0.631579       1   0.665       1       1 0.668182 0.740741 0.846154 0.785714     0.138205
    345   h0 0.666667       1   0.700       1       1 0.700000 0.769231 0.846154 0.785714     0.167061
    346   h0 0.666667       1   0.700       1       1 0.700000 0.769231 0.846154 0.785714     0.167061
    347   h0 0.842105       1   0.950       1       1 0.859091 0.740741 0.769231 0.714286     0.279720
    348   h0 0.888889       1   1.000       1       1 0.900000 0.769231 0.769231 0.714286     0.338123
    349   h0 0.888889       1   1.000       1       1 0.900000 0.769231 0.769231 0.783410     0.370845
    350   h0 0.631579       1   0.665       1       1 0.727273 0.740741 0.769231 0.785714     0.136752
    351   h0 0.666667       1   0.700       1       1 0.800000 0.769231 0.769231 0.785714     0.173570
    352   h0 0.666667       1   0.700       1       1 0.800000 0.769231 0.769231 0.785714     0.173570
    353   h0 0.947368       1   0.760       1       1 0.645455 0.740741 0.923077 0.857143     0.272368
    354   h0 1.000000       1   0.800       1       1 0.700000 0.769231 0.923077 0.785714     0.312426
    355   h0 1.000000       1   0.800       1       1 0.700000 0.769231 0.923077 0.785714     0.312426
    392   h0 0.842105       1   0.665       1       1 0.954545 0.814815 0.769231 0.857143     0.287179
    393   h0 0.888889       1   0.700       1       1 1.000000 0.846154 0.769231 0.857143     0.347140
    394   h0 0.888889       1   0.700       1       1 1.000000 0.846154 0.769231 0.790323     0.320078
    395   h0 0.888889       1   0.700       1       1 1.000000 0.846154 0.675824 0.785714     0.279572
    396   h0 0.631579       1   0.855       1       1 0.668182 0.962963 0.769231 0.785714     0.210000
    397   h0 0.666667       1   0.900       1       1 0.700000 1.000000 0.769231 0.785714     0.253846
    398   h0 0.666667       1   0.900       1       1 0.700000 1.000000 0.769231 0.785714     0.253846
    399   h0 0.666667       1   0.900       1       1 0.700000 1.000000 0.769231 0.785714     0.253846
    400   h0 0.789474       1   0.850       1       1 0.654545 0.649573 0.769231 0.721198     0.158283
    401   h0 1.000000       1   1.000       1       1 0.700000 0.769231 0.769231 0.785714     0.325444
    402   h0 1.000000       1   1.000       1       1 0.700000 0.769231 0.769231 0.785714     0.325444
    403   h0 1.000000       1   1.000       1       1 0.700000 0.769231 0.769231 0.769585     0.318763
    404   h0 0.736842       1   0.700       1       1 0.700000 0.746439 0.923077 0.767281     0.190879
    405   h0 0.777778       1   0.700       1       1 0.700000 0.769231 0.923077 0.785714     0.212623
    406   h0 0.777778       1   0.700       1       1 0.700000 0.769231 0.923077 0.785714     0.212623
    407   h0 0.777778       1   0.700       1       1 0.700000 0.769231 0.923077 0.785714     0.212623
    408   h0 0.736842       1   0.700       1       1 1.000000 0.746439 1.000000 0.767281     0.295407
    409   h0 0.777778       1   0.700       1       1 1.000000 0.769231 1.000000 0.785714     0.329060
    410   h0 0.777778       1   0.700       1       1 1.000000 0.769231 1.000000 0.785714     0.329060
    411   h0 0.777778       1   0.700       1       1 1.000000 0.769231 1.000000 0.785714     0.329060
    412   h0 0.947368       1   1.000       1       1 0.700000 0.712251 0.923077 0.767281     0.334536
    413   h0 1.000000       1   1.000       1       1 0.700000 0.769231 0.923077 0.785714     0.390533
    414   h0 1.000000       1   1.000       1       1 0.700000 0.769231 0.923077 0.785714     0.390533
    415   h0 1.000000       1   1.000       1       1 0.700000 0.769231 0.923077 0.758065     0.376789
    416   h0 0.502924       1   0.610       1       1 0.618182 0.888889 0.769231 0.682028     0.088441
    417   h0 0.666667       1   0.700       1       1 0.700000 0.923077 0.769231 0.785714     0.182249
    418   h0 0.666667       1   0.700       1       1 0.700000 0.923077 0.769231 0.785714     0.182249
    419   h0 0.666667       1   0.700       1       1 0.700000 0.923077 0.769231 0.785714     0.182249
    420   h0 0.842105       1   0.665       1       1 0.659091 0.740741 0.769231 0.785714     0.165242
    421   h0 0.888889       1   0.700       1       1 0.700000 0.769231 0.769231 0.785714     0.202498
    422   h0 0.888889       1   0.700       1       1 0.700000 0.769231 0.769231 0.785714     0.202498
    423   h0 0.888889       1   0.700       1       1 0.700000 0.769231 0.769231 0.852535     0.219720
    424   h0 0.842105       1   0.950       1       1 0.909091 0.740741 0.769231 0.785714     0.325600
    425   h0 0.888889       1   1.000       1       1 1.000000 0.769231 0.769231 0.785714     0.413262
    426   h0 0.888889       1   1.000       1       1 1.000000 0.769231 0.769231 0.785714     0.413262
    427   h0 0.888889       1   1.000       1       1 1.000000 0.569801 0.675824 0.721198     0.246865
    448   h0 0.947368       1   0.855       1       1 0.763636 0.814815 0.769231 0.785714     0.304615
    449   h0 1.000000       1   0.900       1       1 0.800000 0.846154 0.769231 0.785714     0.368216
    450   h0 1.000000       1   0.900       1       1 0.800000 0.846154 0.769231 0.785714     0.368216
    451   h0 1.000000       1   0.900       1       1 0.800000 0.846154 0.769231 0.785714     0.368216
    452   h0 1.000000       1   0.810       1       1 0.800000 0.532764 0.384615 0.785714     0.104328
    453   h0 0.210526       1   0.475       1       1 0.954545 0.279202 0.642857 0.564516     0.009672
    454   h0 0.619883       1   0.690       1       1 1.000000 0.769231 0.769231 0.785714     0.198855
    455   h0 0.666667       1   0.700       1       1 1.000000 0.769231 0.769231 0.785714     0.216963
    456   h0 0.666667       1   0.700       1       1 1.000000 0.769231 0.769231 0.785714     0.216963
    457   h0 0.666667       1   0.650       1       1 1.000000 0.740741 0.461538 0.758065     0.112306
    458   h0 0.947368       1   0.950       1       1 0.954545 0.923077 0.670330 0.714286     0.379697
    459   h0 1.000000       1   1.000       1       1 1.000000 0.923077 0.769231 0.714286     0.507185
    460   h0 1.000000       1   1.000       1       1 1.000000 0.923077 0.769231 0.714286     0.507185
    461   h0 1.000000       1   1.000       1       1 1.000000 0.923077 0.769231 0.714286     0.507185
    462   h0 1.000000       1   0.900       1       1 1.000000 0.581197 0.461538 0.778802     0.188018
    463   h0 0.631579       1   0.760       1       1 0.668182 0.740741 0.769231 0.785714     0.143590
    464   h0 0.666667       1   0.800       1       1 0.700000 0.769231 0.769231 0.785714     0.173570
    465   h0 0.666667       1   0.800       1       1 0.700000 0.769231 0.769231 0.785714     0.173570
    466   h0 0.666667       1   0.800       1       1 0.700000 0.769231 0.769231 0.785714     0.173570
    467   h0 0.666667       1   0.720       1       1 0.700000 0.484330 0.384615 0.656682     0.041102
    812   h1 0.596491       1   0.695       1       1 0.800000 0.769231 0.846154 0.785714     0.169609
    813   h1 0.666667       1   0.700       1       1 0.750000 0.769231 0.846154 0.785714     0.178994
    814   h1 0.666667       1   0.700       1       1 0.686364 0.769231 0.846154 0.785714     0.163807
    815   h1 0.795322       1   0.950       1       1 0.900000 0.769231 0.769231 0.785714     0.316145
    816   h1 0.888889       1   1.000       1       1 0.900000 0.769231 0.769231 0.785714     0.371936
    817   h1 0.888889       1   1.000       1       1 0.900000 0.769231 0.769231 0.785714     0.371936
    818   h1 0.596491       1   0.700       1       1 0.800000 0.769231 0.769231 0.857143     0.169418
    819   h1 0.666667       1   0.700       1       1 0.800000 0.769231 0.769231 0.857143     0.189349
    820   h1 0.666667       1   0.700       1       1 0.800000 0.769231 0.769231 0.857143     0.189349
    821   h1 0.894737       1   0.800       1       1 0.700000 0.769231 0.923077 0.857143     0.304952
    822   h1 1.000000       1   0.800       1       1 0.650000 0.769231 0.923077 0.788018     0.290961
    823   h1 1.000000       1   0.800       1       1 0.595455 0.769231 0.923077 0.785714     0.265765
    860   h1 0.795322       1   0.665       1       1 1.000000 0.846154 0.769231 0.785714     0.270480
    861   h1 0.888889       1   0.700       1       1 1.000000 0.846154 0.769231 0.785714     0.318212
    862   h1 0.888889       1   0.700       1       1 1.000000 0.846154 0.769231 0.785714     0.318212
    863   h1 0.888889       1   0.700       1       1 1.000000 0.846154 0.620879 0.785714     0.256842
    864   h1 0.596491       1   0.855       1       1 0.700000 1.000000 0.769231 0.785714     0.215769
    865   h1 0.666667       1   0.900       1       1 0.700000 1.000000 0.769231 0.785714     0.253846
    866   h1 0.666667       1   0.900       1       1 0.700000 1.000000 0.769231 0.785714     0.253846
    867   h1 0.666667       1   0.900       1       1 0.700000 1.000000 0.769231 0.785714     0.253846
    868   h1 0.842105       1   0.900       1       1 0.677273 0.683761 0.846154 0.737327     0.218971
    869   h1 1.000000       1   1.000       1       1 0.700000 0.769231 0.846154 0.785714     0.357988
    870   h1 1.000000       1   1.000       1       1 0.700000 0.769231 0.769231 0.785714     0.325444
    871   h1 1.000000       1   1.000       1       1 0.700000 0.769231 0.846154 0.767281     0.349590
    872   h1 0.596491       1   0.700       1       1 0.700000 0.757835 0.923077 0.778802     0.159235
    873   h1 0.666667       1   0.700       1       1 0.700000 0.769231 0.923077 0.785714     0.182249
    874   h1 0.666667       1   0.700       1       1 0.700000 0.769231 0.923077 0.785714     0.182249
    875   h1 0.666667       1   0.700       1       1 0.700000 0.769231 0.923077 0.785714     0.182249
    876   h1 0.695906       1   0.700       1       1 1.000000 0.769231 1.000000 0.760369     0.284924
    877   h1 0.777778       1   0.700       1       1 1.000000 0.769231 1.000000 0.785714     0.329060
    878   h1 0.777778       1   0.700       1       1 1.000000 0.769231 1.000000 0.785714     0.329060
    879   h1 0.777778       1   0.700       1       1 1.000000 0.769231 1.000000 0.785714     0.329060
    880   h1 0.894737       1   1.000       1       1 0.700000 0.814815 0.846154 0.744240     0.321377
    881   h1 1.000000       1   1.000       1       1 0.700000 0.846154 0.846154 0.785714     0.393787
    882   h1 1.000000       1   1.000       1       1 0.700000 0.769231 0.846154 0.785714     0.357988
    883   h1 1.000000       1   1.000       1       1 0.700000 0.769231 0.846154 0.767281     0.349590
    884   h1 0.479532       1   0.625       1       1 0.618182 0.925926 0.747253 0.702765     0.090088
    885   h1 0.666667       1   0.700       1       1 0.700000 1.000000 0.769231 0.785714     0.197436
    886   h1 0.666667       1   0.700       1       1 0.700000 1.000000 0.769231 0.785714     0.197436
    887   h1 0.666667       1   0.700       1       1 0.700000 1.000000 0.769231 0.785714     0.197436
    888   h1 0.947368       1   0.700       1       1 0.600000 0.769231 0.769231 0.785714     0.184989
    889   h1 1.000000       1   0.700       1       1 0.650000 0.769231 0.769231 0.788018     0.212159
    890   h1 1.000000       1   0.700       1       1 0.695455 0.769231 0.769231 0.788018     0.226995
    891   h1 1.000000       1   0.700       1       1 0.600000 0.769231 0.769231 0.785714     0.195266
    892   h1 0.695906       1   1.000       1       1 1.000000 0.769231 0.769231 0.857143     0.352953
    893   h1 0.777778       1   1.000       1       1 1.000000 0.769231 0.769231 0.857143     0.394477
    894   h1 0.777778       1   1.000       1       1 1.000000 0.769231 0.769231 0.790323     0.363725
    895   h1 0.777778       1   1.000       1       1 1.000000 0.555556 0.670330 0.714286     0.206892
    916   h1 0.894737       1   0.900       1       1 0.800000 0.846154 0.769231 0.785714     0.329457
    917   h1 1.000000       1   0.900       1       1 0.800000 0.846154 0.769231 0.785714     0.368216
    918   h1 1.000000       1   0.900       1       1 0.800000 0.846154 0.769231 0.785714     0.368216
    919   h1 1.000000       1   0.900       1       1 0.800000 0.846154 0.769231 0.785714     0.368216
    920   h1 1.000000       1   0.810       1       1 0.800000 0.532764 0.376374 0.785714     0.102092
    921   h1 0.298246       1   0.510       1       1 1.000000 0.307692 0.706044 0.619816     0.020481
    922   h1 0.631579       1   0.690       1       1 1.000000 0.769231 0.769231 0.785714     0.202607
    923   h1 0.666667       1   0.700       1       1 1.000000 0.769231 0.769231 0.785714     0.216963
    924   h1 0.666667       1   0.700       1       1 1.000000 0.769231 0.769231 0.785714     0.216963
    925   h1 0.666667       1   0.650       1       1 1.000000 0.740741 0.398352 0.764977     0.097815
    926   h1 0.894737       1   1.000       1       1 1.000000 0.923077 0.620879 0.714286     0.366279
    927   h1 1.000000       1   1.000       1       1 1.000000 0.923077 0.769231 0.714286     0.507185
    928   h1 1.000000       1   1.000       1       1 1.000000 0.923077 0.769231 0.714286     0.507185
    929   h1 1.000000       1   1.000       1       1 1.000000 0.923077 0.769231 0.781106     0.554631
    930   h1 1.000000       1   0.900       1       1 1.000000 0.547009 0.500000 0.785714     0.193407
    931   h1 0.619883       1   0.800       1       1 0.700000 0.769231 0.769231 0.785714     0.161390
    932   h1 0.666667       1   0.800       1       1 0.700000 0.769231 0.769231 0.788018     0.174079
    933   h1 0.666667       1   0.800       1       1 0.700000 0.769231 0.769231 0.854839     0.188840
    934   h1 0.666667       1   0.800       1       1 0.700000 0.769231 0.769231 0.790323     0.174588
    935   h1 0.666667       1   0.720       1       1 0.700000 0.455840 0.370879 0.721198     0.040967