 ChipID Half   Layer0   Layer1  Layer2  Layer3   Layer4   Layer5  Layer6  Layer7   Layer8  Pseaudo_Eff
    344   h0 0.631579 0.842105   0.665       1 0.954545 0.668182       1       1 0.785714     0.177244
    345   h0 0.666667 0.888889   0.700       1 1.000000 0.700000       1       1 0.785714     0.228148
    346   h0 0.666667 0.888889   0.700       1 1.000000 0.700000       1       1 0.785714     0.228148
    347   h0 0.842105 0.842105   0.950       1 0.668182 0.859091       1       1 0.714286     0.276224
    348   h0 0.888889 0.888889   1.000       1 0.700000 0.900000       1       1 0.714286     0.355556
    349   h0 0.888889 0.888889   1.000       1 0.700000 0.900000       1       1 0.783410     0.389964
    350   h0 0.631579 0.947368   0.665       1 0.954545 0.727273       1       1 0.785714     0.217033
    351   h0 0.666667 1.000000   0.700       1 1.000000 0.800000       1       1 0.785714     0.293333
    352   h0 0.666667 1.000000   0.700       1 1.000000 0.800000       1       1 0.785714     0.293333
    353   h0 0.947368 0.631579   0.760       1 0.668182 0.645455       1       1 0.857143     0.168102
    354   h0 1.000000 0.666667   0.800       1 0.700000 0.700000       1       1 0.785714     0.205333
    355   h0 1.000000 0.666667   0.800       1 0.668182 0.700000       1       1 0.785714     0.196000
    392   h0 0.842105 0.631579   0.665       1 0.668182 0.954545       1       1 0.857143     0.193357
    393   h0 0.888889 0.666667   0.700       1 0.700000 1.000000       1       1 0.857143     0.248889
    394   h0 0.888889 0.666667   0.700       1 0.700000 1.000000       1       1 0.790323     0.229486
    395   h0 0.888889 0.666667   0.700       1 0.700000 1.000000       1       1 0.785714     0.228148
    396   h0 0.631579 0.947368   0.855       1 0.954545 0.668182       1       1 0.785714     0.256371
    397   h0 0.666667 1.000000   0.900       1 1.000000 0.700000       1       1 0.785714     0.330000
    398   h0 0.666667 1.000000   0.900       1 1.000000 0.700000       1       1 0.785714     0.330000
    399   h0 0.666667 1.000000   0.900       1 1.000000 0.700000       1       1 0.785714     0.330000
    400   h0 0.789474 0.614035   0.850       1 0.954545 0.654545       1       1 0.721198     0.185670
    401   h0 1.000000 0.777778   1.000       1 1.000000 0.700000       1       1 0.785714     0.427778
    402   h0 1.000000 0.777778   1.000       1 1.000000 0.700000       1       1 0.785714     0.427778
    403   h0 1.000000 0.777778   1.000       1 1.000000 0.700000       1       1 0.769585     0.418996
    404   h0 0.736842 0.666667   0.700       1 0.700000 0.700000       1       1 0.767281     0.129280
    405   h0 0.777778 0.666667   0.700       1 0.700000 0.700000       1       1 0.785714     0.139741
    406   h0 0.777778 0.666667   0.700       1 0.700000 0.700000       1       1 0.785714     0.139741
    407   h0 0.777778 0.666667   0.700       1 0.700000 0.700000       1       1 0.785714     0.139741
    408   h0 0.736842 0.947368   0.700       1 0.700000 1.000000       1       1 0.767281     0.262448
    409   h0 0.777778 1.000000   0.700       1 0.700000 1.000000       1       1 0.785714     0.299444
    410   h0 0.777778 1.000000   0.700       1 0.700000 1.000000       1       1 0.785714     0.299444
    411   h0 0.777778 1.000000   0.700       1 0.700000 1.000000       1       1 0.785714     0.299444
    412   h0 0.947368 0.654971   1.000       1 1.000000 0.700000       1       1 0.767281     0.333268
    413   h0 1.000000 0.666667   1.000       1 1.000000 0.700000       1       1 0.785714     0.366667
    414   h0 1.000000 0.666667   1.000       1 1.000000 0.700000       1       1 0.785714     0.366667
    415   h0 1.000000 0.666667   1.000       1 1.000000 0.700000       1       1 0.758065     0.353763
    416   h0 0.502924 0.684211   0.610       1 0.677273 0.618182       1       1 0.682028     0.059938
    417   h0 0.666667 1.000000   0.700       1 0.700000 0.700000       1       1 0.785714     0.179667
    418   h0 0.666667 1.000000   0.700       1 0.700000 0.700000       1       1 0.785714     0.179667
    419   h0 0.666667 1.000000   0.700       1 0.700000 0.700000       1       1 0.785714     0.179667
    420   h0 0.842105 0.947368   0.665       1 0.668182 0.659091       1       1 0.785714     0.183574
    421   h0 0.888889 1.000000   0.700       1 0.700000 0.700000       1       1 0.785714     0.239556
    422   h0 0.888889 1.000000   0.700       1 0.700000 0.700000       1       1 0.785714     0.239556
    423   h0 0.888889 1.000000   0.700       1 0.700000 0.700000       1       1 0.852535     0.259928
    424   h0 0.842105 0.631579   0.950       1 0.668182 0.909091       1       1 0.785714     0.241148
    425   h0 0.888889 0.666667   1.000       1 0.700000 1.000000       1       1 0.785714     0.325926
    426   h0 0.888889 0.666667   1.000       1 0.700000 1.000000       1       1 0.785714     0.325926
    427   h0 0.888889 0.666667   1.000       1 0.700000 1.000000       1       1 0.721198     0.299164
    448   h0 0.947368 0.631579   0.855       1 0.668182 0.763636       1       1 0.785714     0.205097
    449   h0 1.000000 0.666667   0.900       1 0.700000 0.800000       1       1 0.785714     0.264000
    450   h0 1.000000 0.666667   0.900       1 0.700000 0.800000       1       1 0.785714     0.264000
    451   h0 1.000000 0.666667   0.900       1 0.700000 0.800000       1       1 0.785714     0.264000
    452   h0 1.000000 0.666667   0.810       1 0.700000 0.800000       1       1 0.785714     0.237600
    453   h0 0.210526 0.947368   0.475       1 0.668182 0.954545       1       1 0.564516     0.034110
    454   h0 0.619883 1.000000   0.690       1 0.700000 1.000000       1       1 0.785714     0.235246
    455   h0 0.666667 1.000000   0.700       1 0.700000 1.000000       1       1 0.785714     0.256667
    456   h0 0.666667 1.000000   0.700       1 0.700000 1.000000       1       1 0.785714     0.256667
    457   h0 0.666667 1.000000   0.650       1 0.700000 1.000000       1       1 0.758065     0.229946
    458   h0 0.947368 0.736842   0.950       1 0.668182 0.954545       1       1 0.714286     0.302120
    459   h0 1.000000 0.777778   1.000       1 0.700000 1.000000       1       1 0.714286     0.388889
    460   h0 1.000000 0.777778   1.000       1 0.700000 1.000000       1       1 0.714286     0.388889
    461   h0 1.000000 0.777778   1.000       1 0.700000 1.000000       1       1 0.714286     0.388889
    462   h0 1.000000 0.777778   0.900       1 0.700000 1.000000       1       1 0.778802     0.381613
    463   h0 0.631579 0.631579   0.760       1 0.954545 0.668182       1       1 0.785714     0.151923
    464   h0 0.666667 0.666667   0.800       1 1.000000 0.700000       1       1 0.785714     0.195556
    465   h0 0.666667 0.666667   0.800       1 1.000000 0.700000       1       1 0.785714     0.195556
    466   h0 0.666667 0.666667   0.800       1 1.000000 0.700000       1       1 0.785714     0.195556
    467   h0 0.666667 0.666667   0.720       1 1.000000 0.700000       1       1 0.656682     0.147097
    812   h1 0.596491 0.947368   0.695       1 0.954545 0.800000       1       1 0.785714     0.235645
    813   h1 0.666667 1.000000   0.700       1 1.000000 0.750000       1       1 0.785714     0.275000
    814   h1 0.666667 1.000000   0.700       1 1.000000 0.686364       1       1 0.785714     0.251667
    815   h1 0.795322 0.736842   0.950       1 0.668182 0.900000       1       1 0.785714     0.263053
    816   h1 0.888889 0.777778   1.000       1 0.700000 0.900000       1       1 0.785714     0.342222
    817   h1 0.888889 0.777778   1.000       1 0.700000 0.900000       1       1 0.785714     0.342222
    818   h1 0.596491 0.947368   0.700       1 0.954545 0.800000       1       1 0.857143     0.258917
    819   h1 0.666667 1.000000   0.700       1 1.000000 0.800000       1       1 0.857143     0.320000
    820   h1 0.666667 1.000000   0.700       1 1.000000 0.800000       1       1 0.857143     0.320000
    821   h1 0.894737 0.631579   0.800       1 0.668182 0.700000       1       1 0.857143     0.181242
    822   h1 1.000000 0.666667   0.800       1 0.700000 0.650000       1       1 0.788018     0.191226
    823   h1 1.000000 0.666667   0.800       1 0.700000 0.595455       1       1 0.785714     0.174667
    860   h1 0.795322 0.631579   0.665       1 0.763636 1.000000       1       1 0.785714     0.200421
    861   h1 0.888889 0.666667   0.700       1 0.800000 1.000000       1       1 0.785714     0.260741
    862   h1 0.888889 0.666667   0.700       1 0.800000 1.000000       1       1 0.785714     0.260741
    863   h1 0.888889 0.666667   0.700       1 0.800000 1.000000       1       1 0.785714     0.260741
    864   h1 0.596491 0.947368   0.855       1 0.954545 0.700000       1       1 0.785714     0.253658
    865   h1 0.666667 1.000000   0.900       1 1.000000 0.700000       1       1 0.785714     0.330000
    866   h1 0.666667 1.000000   0.900       1 1.000000 0.700000       1       1 0.785714     0.330000
    867   h1 0.666667 1.000000   0.900       1 1.000000 0.700000       1       1 0.785714     0.330000
    868   h1 0.842105 0.573099   0.900       1 0.954545 0.677273       1       1 0.737327     0.207042
    869   h1 1.000000 0.777778   1.000       1 1.000000 0.700000       1       1 0.785714     0.427778
    870   h1 1.000000 0.777778   1.000       1 1.000000 0.700000       1       1 0.785714     0.427778
    871   h1 1.000000 0.777778   1.000       1 1.000000 0.700000       1       1 0.767281     0.417742
    872   h1 0.596491 0.666667   0.700       1 0.700000 0.700000       1       1 0.778802     0.106227
    873   h1 0.666667 0.666667   0.700       1 0.700000 0.700000       1       1 0.785714     0.119778
    874   h1 0.666667 0.666667   0.700       1 0.700000 0.700000       1       1 0.785714     0.119778
    875   h1 0.666667 0.666667   0.700       1 0.700000 0.700000       1       1 0.785714     0.119778
    876   h1 0.695906 1.000000   0.700       1 0.700000 1.000000       1       1 0.760369     0.259281
    877   h1 0.777778 1.000000   0.700       1 0.700000 1.000000       1       1 0.785714     0.299444
    878   h1 0.777778 1.000000   0.700       1 0.700000 1.000000       1       1 0.785714     0.299444
    879   h1 0.777778 1.000000   0.700       1 0.700000 1.000000       1       1 0.785714     0.299444
    880   h1 0.894737 0.649123   1.000       1 1.000000 0.700000       1       1 0.744240     0.302575
    881   h1 1.000000 0.666667   1.000       1 1.000000 0.700000       1       1 0.785714     0.366667
    882   h1 1.000000 0.666667   1.000       1 1.000000 0.700000       1       1 0.785714     0.366667
    883   h1 1.000000 0.666667   1.000       1 1.000000 0.700000       1       1 0.767281     0.358065
    884   h1 0.479532 0.736842   0.625       1 0.663636 0.618182       1       1 0.702765     0.063669
    885   h1 0.666667 1.000000   0.700       1 0.700000 0.700000       1       1 0.785714     0.179667
    886   h1 0.666667 1.000000   0.700       1 0.700000 0.700000       1       1 0.785714     0.179667
    887   h1 0.666667 1.000000   0.700       1 0.700000 0.700000       1       1 0.785714     0.179667
    888   h1 0.947368 0.947368   0.700       1 0.668182 0.600000       1       1 0.785714     0.197900
    889   h1 1.000000 1.000000   0.700       1 0.700000 0.650000       1       1 0.788018     0.250984
    890   h1 1.000000 1.000000   0.700       1 0.700000 0.695455       1       1 0.788018     0.268535
    891   h1 1.000000 1.000000   0.700       1 0.700000 0.600000       1       1 0.785714     0.231000
    892   h1 0.695906 0.631579   1.000       1 0.668182 1.000000       1       1 0.857143     0.251725
    893   h1 0.777778 0.666667   1.000       1 0.700000 1.000000       1       1 0.857143     0.311111
    894   h1 0.777778 0.666667   1.000       1 0.700000 1.000000       1       1 0.790323     0.286858
    895   h1 0.777778 0.666667   1.000       1 0.700000 1.000000       1       1 0.714286     0.259259
    916   h1 0.894737 0.631579   0.900       1 0.668182 0.800000       1       1 0.785714     0.213607
    917   h1 1.000000 0.666667   0.900       1 0.700000 0.800000       1       1 0.785714     0.264000
    918   h1 1.000000 0.666667   0.900       1 0.700000 0.800000       1       1 0.785714     0.264000
    919   h1 1.000000 0.666667   0.900       1 0.700000 0.800000       1       1 0.785714     0.264000
    920   h1 1.000000 0.666667   0.810       1 0.700000 0.800000       1       1 0.785714     0.237600
    921   h1 0.298246 0.947368   0.510       1 0.763636 1.000000       1       1 0.619816     0.068204
    922   h1 0.631579 1.000000   0.690       1 0.800000 1.000000       1       1 0.785714     0.273925
    923   h1 0.666667 1.000000   0.700       1 0.800000 1.000000       1       1 0.785714     0.293333
    924   h1 0.666667 1.000000   0.700       1 0.800000 1.000000       1       1 0.785714     0.293333
    925   h1 0.666667 1.000000   0.650       1 0.800000 1.000000       1       1 0.764977     0.265192
    926   h1 0.894737 0.631579   1.000       1 0.668182 1.000000       1       1 0.714286     0.269705
    927   h1 1.000000 0.666667   1.000       1 0.700000 1.000000       1       1 0.714286     0.333333
    928   h1 1.000000 0.666667   1.000       1 0.700000 1.000000       1       1 0.714286     0.333333
    929   h1 1.000000 0.666667   1.000       1 0.700000 1.000000       1       1 0.781106     0.364516
    930   h1 1.000000 0.666667   0.900       1 0.700000 1.000000       1       1 0.785714     0.330000
    931   h1 0.619883 0.736842   0.800       1 0.954545 0.700000       1       1 0.785714     0.191837
    932   h1 0.666667 0.777778   0.800       1 1.000000 0.700000       1       1 0.788018     0.228817
    933   h1 0.666667 0.777778   0.800       1 1.000000 0.700000       1       1 0.854839     0.248220
    934   h1 0.666667 0.777778   0.800       1 1.000000 0.700000       1       1 0.790323     0.229486
    935   h1 0.666667 0.777778   0.720       1 1.000000 0.700000       1       1 0.721198     0.188473