 ChipID Half   Layer0  Layer1  Layer2   Layer3   Layer4   Layer5   Layer6  Layer7  Layer8  Pseaudo_Eff
    332   h0 0.631579       1   0.950 0.666667 0.668182 0.867769 0.964286       1       1     0.223648
    333   h0 0.666667       1   1.000 0.700000 0.700000 0.909091 1.000000       1       1     0.296970
    334   h0 0.666667       1   1.000 0.700000 0.700000 0.867769 1.000000       1       1     0.283471
    335   h0 0.947368       1   0.665 0.952381 0.668182 0.867769 0.890110       1       1     0.309666
    336   h0 1.000000       1   0.700 1.000000 0.700000 0.909091 0.923077       1       1     0.411189
    337   h0 1.000000       1   0.700 1.000000 0.700000 0.909091 0.923077       1       1     0.411189
    338   h0 0.736842       1   0.665 0.666667 0.954545 0.661157 0.741758       1       1     0.152921
    339   h0 0.777778       1   0.700 0.700000 1.000000 0.727273 0.769231       1       1     0.213209
    340   h0 0.777778       1   0.700 0.700000 1.000000 0.727273 0.769231       1       1     0.213209
    341   h0 0.947368       1   0.950 0.952381 0.668182 0.665289 0.890110       1       1     0.339158
    342   h0 1.000000       1   1.000 1.000000 0.700000 0.727273 0.923077       1       1     0.469930
    343   h0 1.000000       1   1.000 1.000000 0.677273 0.723140 0.923077       1       1     0.452089
    356   h0 0.631579       1   0.665 0.857143 0.954545 0.694215 0.741758       1       1     0.176952
    357   h0 0.666667       1   0.700 0.900000 1.000000 0.727273 0.769231       1       1     0.234965
    358   h0 0.666667       1   0.700 0.900000 1.000000 0.727273 0.769231       1       1     0.234965
    359   h0 0.666667       1   0.700 0.800000 1.000000 0.727273 0.769231       1       1     0.208858
    360   h0 0.947368       1   0.950 0.666667 0.668182 0.780992 0.741758       1       1     0.232249
    361   h0 1.000000       1   1.000 0.700000 0.700000 0.818182 0.769231       1       1     0.308392
    362   h0 1.000000       1   1.000 0.700000 0.700000 0.818182 0.769231       1       1     0.308392
    363   h0 1.000000       1   1.000 0.700000 0.700000 0.818182 0.769231       1       1     0.308392
    364   h0 0.684211       1   0.675 0.652381 0.604545 0.710744 0.744505       1       1     0.096384
    365   h0 1.000000       1   0.900 0.700000 0.700000 0.727273 0.769231       1       1     0.246713
    366   h0 1.000000       1   0.900 0.700000 0.700000 0.727273 0.769231       1       1     0.246713
    367   h0 1.000000       1   0.900 0.628571 0.700000 0.727273 0.769231       1       1     0.221538
    368   h0 0.631579       1   0.700 1.000000 0.700000 1.000000 0.846154       1       1     0.261862
    369   h0 0.666667       1   0.700 1.000000 0.700000 1.000000 0.846154       1       1     0.276410
    370   h0 0.666667       1   0.700 1.000000 0.700000 1.000000 0.846154       1       1     0.276410
    371   h0 0.666667       1   0.700 1.000000 0.700000 1.000000 0.846154       1       1     0.276410
    372   h0 0.947368       1   1.000 0.700000 1.000000 0.727273 0.964286       1       1     0.465072
    373   h0 1.000000       1   1.000 0.700000 1.000000 0.727273 1.000000       1       1     0.509091
    374   h0 1.000000       1   1.000 0.700000 1.000000 0.727273 1.000000       1       1     0.509091
    375   h0 1.000000       1   1.000 0.700000 1.000000 0.727273 1.000000       1       1     0.509091
    376   h0 0.666667       1   0.700 0.700000 0.800000 0.727273 0.923077       1       1     0.175441
    377   h0 0.666667       1   0.700 0.700000 0.800000 0.727273 0.923077       1       1     0.175441
    378   h0 0.666667       1   0.700 0.700000 0.800000 0.727273 0.923077       1       1     0.175441
    379   h0 0.666667       1   0.700 0.700000 0.800000 0.727273 0.923077       1       1     0.175441
    380   h0 0.573099       1   0.610 0.904762 0.663636 1.000000 0.769231       1       1     0.161466
    381   h0 0.777778       1   0.700 1.000000 0.700000 1.000000 0.769231       1       1     0.293162
    382   h0 0.777778       1   0.700 1.000000 0.700000 1.000000 0.769231       1       1     0.293162
    383   h0 0.777778       1   0.690 1.000000 0.700000 1.000000 0.769231       1       1     0.288974
    384   h0 0.947368       1   0.760 0.952381 0.668182 0.780992 0.741758       1       1     0.265428
    385   h0 1.000000       1   0.800 1.000000 0.700000 0.818182 0.769231       1       1     0.352448
    386   h0 1.000000       1   0.800 1.000000 0.700000 0.818182 0.769231       1       1     0.352448
    387   h0 1.000000       1   0.800 1.000000 0.700000 0.818182 0.769231       1       1     0.352448
    388   h0 0.631579       1   0.950 0.666667 0.859091 0.909091 0.741758       1       1     0.231723
    389   h0 0.666667       1   1.000 0.700000 0.900000 1.000000 0.769231       1       1     0.323077
    390   h0 0.666667       1   1.000 0.700000 0.900000 1.000000 0.769231       1       1     0.323077
    391   h0 0.666667       1   1.000 0.700000 0.900000 1.000000 0.681319       1       1     0.286154
    428   h0 0.736842       1   0.665 0.952381 0.668182 0.954545 0.741758       1       1     0.220780
    429   h0 0.777778       1   0.700 1.000000 0.700000 1.000000 0.769231       1       1     0.293162
    430   h0 0.777778       1   0.700 1.000000 0.700000 1.000000 0.769231       1       1     0.293162
    431   h0 0.777778       1   0.700 1.000000 0.700000 1.000000 0.769231       1       1     0.293162
    432   h0 0.777778       1   0.595 0.666667 0.700000 1.000000 0.412088       1       1     0.088996
    433   h0 0.631579       1   0.855 0.761905 0.954545 0.694215 0.593407       1       1     0.161785
    434   h0 0.666667       1   0.900 0.800000 1.000000 0.727273 0.769231       1       1     0.268531
    435   h0 0.666667       1   0.900 0.800000 1.000000 0.727273 0.769231       1       1     0.268531
    436   h0 0.666667       1   0.900 0.800000 1.000000 0.727273 0.769231       1       1     0.268531
    437   h0 0.666667       1   0.765 0.533333 1.000000 0.727273 0.519231       1       1     0.102713
    438   h0 0.947368       1   0.950 0.666667 0.954545 0.780992 0.615385       1       1     0.275259
    439   h0 1.000000       1   1.000 0.700000 1.000000 0.818182 0.769231       1       1     0.440559
    440   h0 1.000000       1   1.000 0.700000 1.000000 0.818182 0.769231       1       1     0.440559
    441   h0 1.000000       1   1.000 0.700000 1.000000 0.818182 0.769231       1       1     0.440559
    442   h0 1.000000       1   0.850 0.466667 1.000000 0.818182 0.483516       1       1     0.156923
    443   h0 0.631579       1   0.665 0.666667 0.859091 0.694215 0.741758       1       1     0.123866
    444   h0 0.666667       1   0.700 0.700000 0.900000 0.727273 0.769231       1       1     0.164476
    445   h0 0.666667       1   0.700 0.700000 0.900000 0.727273 0.769231       1       1     0.164476
    446   h0 0.666667       1   0.700 0.700000 0.900000 0.727273 0.769231       1       1     0.164476
    447   h0 0.666667       1   0.595 0.466667 0.900000 0.727273 0.412088       1       1     0.049930
    800   h1 0.631579       1   1.000 0.666667 0.700000 0.909091 1.000000       1       1     0.267943
    801   h1 0.666667       1   1.000 0.700000 0.700000 0.859504 1.000000       1       1     0.280771
    802   h1 0.666667       1   1.000 0.700000 0.690909 0.743802 1.000000       1       1     0.239820
    803   h1 0.947368       1   0.670 0.952381 0.800000 1.000000 0.846154       1       1     0.409208
    804   h1 1.000000       1   0.700 1.000000 0.800000 1.000000 0.846154       1       1     0.473846
    805   h1 1.000000       1   0.700 1.000000 0.800000 1.000000 0.846154       1       1     0.473846
    806   h1 0.842105       1   0.700 0.700000 0.900000 0.818182 0.769231       1       1     0.233728
    807   h1 0.888889       1   0.700 0.700000 0.900000 0.768595 0.769231       1       1     0.231761
    808   h1 0.888889       1   0.700 0.700000 0.900000 0.739669 0.769231       1       1     0.223039
    809   h1 0.842105       1   1.000 1.000000 0.700000 0.727273 0.923077       1       1     0.395731
    810   h1 0.888889       1   1.000 1.000000 0.700000 0.677686 0.923077       1       1     0.389235
    811   h1 0.888889       1   1.000 1.000000 0.681818 0.636364 0.923077       1       1     0.356008
    824   h1 0.631579       1   0.665 0.800000 1.000000 0.727273 0.769231       1       1     0.187972
    825   h1 0.666667       1   0.700 0.800000 1.000000 0.727273 0.769231       1       1     0.208858
    826   h1 0.666667       1   0.700 0.800000 1.000000 0.727273 0.769231       1       1     0.208858
    827   h1 0.666667       1   0.700 0.800000 1.000000 0.727273 0.725275       1       1     0.196923
    828   h1 0.947368       1   0.950 0.700000 0.700000 0.727273 0.769231       1       1     0.246713
    829   h1 1.000000       1   1.000 0.700000 0.700000 0.727273 0.769231       1       1     0.274126
    830   h1 1.000000       1   1.000 0.700000 0.700000 0.727273 0.769231       1       1     0.274126
    831   h1 1.000000       1   1.000 0.700000 0.700000 0.727273 0.769231       1       1     0.274126
    832   h1 0.736842       1   0.720 0.661905 0.604545 0.702479 0.744505       1       1     0.111028
    833   h1 1.000000       1   0.900 0.700000 0.700000 0.727273 0.769231       1       1     0.246713
    834   h1 1.000000       1   0.900 0.700000 0.700000 0.727273 0.769231       1       1     0.246713
    835   h1 1.000000       1   0.900 0.604762 0.700000 0.727273 0.769231       1       1     0.213147
    836   h1 0.631579       1   0.700 1.000000 0.700000 1.000000 0.846154       1       1     0.261862
    837   h1 0.666667       1   0.700 1.000000 0.700000 1.000000 0.846154       1       1     0.276410
    838   h1 0.666667       1   0.700 1.000000 0.700000 1.000000 0.846154       1       1     0.276410
    839   h1 0.666667       1   0.700 1.000000 0.700000 1.000000 0.846154       1       1     0.276410
    840   h1 0.947368       1   1.000 0.700000 1.000000 0.818182 1.000000       1       1     0.542584
    841   h1 1.000000       1   1.000 0.700000 1.000000 0.818182 1.000000       1       1     0.572727
    842   h1 1.000000       1   1.000 0.700000 1.000000 0.818182 1.000000       1       1     0.572727
    843   h1 1.000000       1   1.000 0.700000 1.000000 0.818182 1.000000       1       1     0.572727
    844   h1 0.666667       1   0.700 0.700000 0.700000 0.727273 0.923077       1       1     0.153510
    845   h1 0.666667       1   0.700 0.700000 0.700000 0.727273 0.923077       1       1     0.153510
    846   h1 0.666667       1   0.700 0.700000 0.700000 0.727273 0.923077       1       1     0.153510
    847   h1 0.666667       1   0.700 0.700000 0.700000 0.727273 0.923077       1       1     0.153510
    848   h1 0.573099       1   0.640 0.952381 0.677273 0.909091 0.769231       1       1     0.165443
    849   h1 0.777778       1   0.700 1.000000 0.700000 0.909091 0.769231       1       1     0.266511
    850   h1 0.777778       1   0.700 1.000000 0.700000 0.909091 0.769231       1       1     0.266511
    851   h1 0.777778       1   0.685 1.000000 0.700000 0.909091 0.769231       1       1     0.260800
    852   h1 1.000000       1   0.800 1.000000 0.700000 0.727273 0.769231       1       1     0.313287
    853   h1 1.000000       1   0.800 1.000000 0.700000 0.727273 0.769231       1       1     0.313287
    854   h1 1.000000       1   0.800 1.000000 0.700000 0.727273 0.769231       1       1     0.313287
    855   h1 1.000000       1   0.800 1.000000 0.700000 0.727273 0.769231       1       1     0.313287
    856   h1 0.637427       1   1.000 0.700000 0.900000 1.000000 0.769231       1       1     0.308907
    857   h1 0.666667       1   1.000 0.700000 0.900000 1.000000 0.769231       1       1     0.323077
    858   h1 0.666667       1   1.000 0.700000 0.900000 1.000000 0.769231       1       1     0.323077
    859   h1 0.666667       1   1.000 0.700000 0.900000 1.000000 0.681319       1       1     0.286154
    896   h1 0.631579       1   0.685 1.000000 0.700000 1.000000 0.769231       1       1     0.232955
    897   h1 0.666667       1   0.700 1.000000 0.700000 1.000000 0.769231       1       1     0.251282
    898   h1 0.666667       1   0.700 1.000000 0.700000 1.000000 0.769231       1       1     0.251282
    899   h1 0.666667       1   0.700 1.000000 0.700000 1.000000 0.769231       1       1     0.251282
    900   h1 0.666667       1   0.560 0.619048 0.700000 1.000000 0.425824       1       1     0.068889
    901   h1 0.631579       1   0.900 0.761905 1.000000 0.727273 0.620879       1       1     0.195558
    902   h1 0.777778       1   0.900 0.800000 1.000000 0.727273 0.769231       1       1     0.313287
    903   h1 0.777778       1   0.900 0.700000 1.000000 0.727273 0.769231       1       1     0.274126
    904   h1 0.777778       1   0.900 0.700000 1.000000 0.727273 0.769231       1       1     0.274126
    905   h1 0.777778       1   0.720 0.433333 1.000000 0.727273 0.538462       1       1     0.095030
    906   h1 0.947368       1   1.000 0.700000 1.000000 0.909091 0.642857       1       1     0.387560
    907   h1 1.000000       1   1.000 0.700000 1.000000 0.909091 0.769231       1       1     0.489510
    908   h1 1.000000       1   1.000 0.700000 1.000000 0.909091 0.769231       1       1     0.489510
    909   h1 1.000000       1   1.000 0.700000 1.000000 0.909091 0.769231       1       1     0.489510
    910   h1 1.000000       1   0.800 0.433333 1.000000 0.909091 0.483516       1       1     0.152381
    911   h1 0.643275       1   0.700 0.700000 0.800000 0.727273 0.769231       1       1     0.141071
    912   h1 0.666667       1   0.700 0.700000 0.800000 0.727273 0.769231       1       1     0.146200
    913   h1 0.666667       1   0.700 0.700000 0.800000 0.727273 0.769231       1       1     0.146200
    914   h1 0.666667       1   0.700 0.700000 0.800000 0.727273 0.769231       1       1     0.146200
    915   h1 0.666667       1   0.560 0.433333 0.800000 0.727273 0.412088       1       1     0.038788