 ChipID Half   Layer0   Layer1  Layer2   Layer3  Layer4   Layer5  Layer6   Layer7   Layer8  Pseaudo_Eff
    344   h0 0.631579 0.842105       1 0.761905       1 0.668182       1 0.846154 0.785714     0.180013
    345   h0 0.666667 0.888889       1 0.800000       1 0.700000       1 0.846154 0.785714     0.220627
    346   h0 0.666667 0.888889       1 0.800000       1 0.700000       1 0.846154 0.785714     0.220627
    347   h0 0.842105 0.842105       1 0.666667       1 0.859091       1 0.769231 0.714286     0.223156
    348   h0 0.888889 0.888889       1 0.700000       1 0.900000       1 0.769231 0.714286     0.273504
    349   h0 0.888889 0.888889       1 0.700000       1 0.900000       1 0.769231 0.783410     0.299972
    350   h0 0.631579 0.947368       1 0.666667       1 0.727273       1 0.769231 0.785714     0.175337
    351   h0 0.666667 1.000000       1 0.700000       1 0.800000       1 0.769231 0.785714     0.225641
    352   h0 0.666667 1.000000       1 0.700000       1 0.800000       1 0.769231 0.785714     0.225641
    353   h0 0.947368 0.631579       1 0.952381       1 0.645455       1 0.923077 0.857143     0.291014
    354   h0 1.000000 0.666667       1 1.000000       1 0.700000       1 0.923077 0.785714     0.338462
    355   h0 1.000000 0.666667       1 1.000000       1 0.700000       1 0.923077 0.785714     0.338462
    392   h0 0.842105 0.631579       1 0.952381       1 0.954545       1 0.769231 0.857143     0.318795
    393   h0 0.888889 0.666667       1 1.000000       1 1.000000       1 0.769231 0.857143     0.390720
    394   h0 0.888889 0.666667       1 1.000000       1 1.000000       1 0.769231 0.790323     0.360261
    395   h0 0.888889 0.666667       1 1.000000       1 1.000000       1 0.675824 0.785714     0.314669
    396   h0 0.631579 0.947368       1 0.666667       1 0.668182       1 0.769231 0.785714     0.161091
    397   h0 0.666667 1.000000       1 0.700000       1 0.700000       1 0.769231 0.785714     0.197436
    398   h0 0.666667 1.000000       1 0.700000       1 0.700000       1 0.769231 0.785714     0.197436
    399   h0 0.666667 1.000000       1 0.700000       1 0.700000       1 0.769231 0.785714     0.197436
    400   h0 0.789474 0.614035       1 0.614286       1 0.654545       1 0.769231 0.721198     0.108132
    401   h0 1.000000 0.777778       1 0.700000       1 0.700000       1 0.769231 0.785714     0.230342
    402   h0 1.000000 0.777778       1 0.700000       1 0.700000       1 0.769231 0.785714     0.230342
    403   h0 1.000000 0.777778       1 0.676190       1 0.700000       1 0.769231 0.769585     0.217940
    404   h0 0.736842 0.666667       1 0.700000       1 0.700000       1 0.923077 0.767281     0.170479
    405   h0 0.777778 0.666667       1 0.700000       1 0.700000       1 0.923077 0.785714     0.184274
    406   h0 0.777778 0.666667       1 0.700000       1 0.700000       1 0.923077 0.785714     0.184274
    407   h0 0.777778 0.666667       1 0.700000       1 0.700000       1 0.923077 0.785714     0.184274
    408   h0 0.736842 0.947368       1 1.000000       1 1.000000       1 1.000000 0.767281     0.535609
    409   h0 0.777778 1.000000       1 1.000000       1 1.000000       1 1.000000 0.785714     0.611111
    410   h0 0.777778 1.000000       1 1.000000       1 1.000000       1 1.000000 0.785714     0.611111
    411   h0 0.777778 1.000000       1 1.000000       1 1.000000       1 1.000000 0.785714     0.611111
    412   h0 0.947368 0.654971       1 0.700000       1 0.700000       1 0.923077 0.767281     0.215342
    413   h0 1.000000 0.666667       1 0.700000       1 0.700000       1 0.923077 0.785714     0.236923
    414   h0 1.000000 0.666667       1 0.700000       1 0.700000       1 0.923077 0.785714     0.236923
    415   h0 1.000000 0.666667       1 0.700000       1 0.700000       1 0.923077 0.758065     0.228586
    416   h0 0.502924 0.684211       1 0.647619       1 0.618182       1 0.769231 0.682028     0.072275
    417   h0 0.666667 1.000000       1 0.800000       1 0.700000       1 0.769231 0.785714     0.225641
    418   h0 0.666667 1.000000       1 0.800000       1 0.700000       1 0.769231 0.785714     0.225641
    419   h0 0.666667 1.000000       1 0.800000       1 0.700000       1 0.769231 0.785714     0.225641
    420   h0 0.842105 0.947368       1 0.857143       1 0.659091       1 0.769231 0.785714     0.272399
    421   h0 0.888889 1.000000       1 0.900000       1 0.700000       1 0.769231 0.785714     0.338462
    422   h0 0.888889 1.000000       1 0.900000       1 0.700000       1 0.769231 0.785714     0.338462
    423   h0 0.888889 1.000000       1 0.900000       1 0.700000       1 0.769231 0.852535     0.367246
    424   h0 0.842105 0.631579       1 0.857143       1 0.909091       1 0.769231 0.785714     0.250482
    425   h0 0.888889 0.666667       1 0.900000       1 1.000000       1 0.769231 0.785714     0.322344
    426   h0 0.888889 0.666667       1 0.900000       1 1.000000       1 0.769231 0.785714     0.322344
    427   h0 0.888889 0.666667       1 0.900000       1 1.000000       1 0.675824 0.721198     0.259948
    448   h0 0.947368 0.631579       1 0.666667       1 0.763636       1 0.769231 0.785714     0.184104
    449   h0 1.000000 0.666667       1 0.700000       1 0.800000       1 0.769231 0.785714     0.225641
    450   h0 1.000000 0.666667       1 0.700000       1 0.800000       1 0.769231 0.785714     0.225641
    451   h0 1.000000 0.666667       1 0.700000       1 0.800000       1 0.769231 0.785714     0.225641
    452   h0 1.000000 0.666667       1 0.500000       1 0.800000       1 0.384615 0.785714     0.080586
    453   h0 0.210526 0.947368       1 0.952381       1 0.954545       1 0.642857 0.564516     0.065800
    454   h0 0.619883 1.000000       1 1.000000       1 1.000000       1 0.769231 0.785714     0.374655
    455   h0 0.666667 1.000000       1 1.000000       1 1.000000       1 0.769231 0.785714     0.402930
    456   h0 0.666667 1.000000       1 1.000000       1 1.000000       1 0.769231 0.785714     0.402930
    457   h0 0.666667 1.000000       1 0.714286       1 1.000000       1 0.461538 0.758065     0.166608
    458   h0 0.947368 0.736842       1 0.952381       1 0.954545       1 0.670330 0.714286     0.303851
    459   h0 1.000000 0.777778       1 1.000000       1 1.000000       1 0.769231 0.714286     0.427350
    460   h0 1.000000 0.777778       1 1.000000       1 1.000000       1 0.769231 0.714286     0.427350
    461   h0 1.000000 0.777778       1 1.000000       1 1.000000       1 0.769231 0.714286     0.427350
    462   h0 1.000000 0.777778       1 0.714286       1 1.000000       1 0.461538 0.778802     0.199693
    463   h0 0.631579 0.631579       1 0.666667       1 0.668182       1 0.769231 0.785714     0.107394
    464   h0 0.666667 0.666667       1 0.700000       1 0.700000       1 0.769231 0.785714     0.131624
    465   h0 0.666667 0.666667       1 0.700000       1 0.700000       1 0.769231 0.785714     0.131624
    466   h0 0.666667 0.666667       1 0.700000       1 0.700000       1 0.769231 0.785714     0.131624
    467   h0 0.666667 0.666667       1 0.500000       1 0.700000       1 0.384615 0.656682     0.039289
    812   h1 0.596491 0.947368       1 0.723810       1 0.800000       1 0.846154 0.785714     0.217546
    813   h1 0.666667 1.000000       1 0.800000       1 0.750000       1 0.846154 0.785714     0.265934
    814   h1 0.666667 1.000000       1 0.800000       1 0.686364       1 0.846154 0.785714     0.243370
    815   h1 0.795322 0.736842       1 0.642857       1 0.900000       1 0.769231 0.785714     0.204925
    816   h1 0.888889 0.777778       1 0.700000       1 0.900000       1 0.769231 0.785714     0.263248
    817   h1 0.888889 0.777778       1 0.700000       1 0.900000       1 0.769231 0.785714     0.263248
    818   h1 0.596491 0.947368       1 0.666667       1 0.800000       1 0.769231 0.857143     0.198715
    819   h1 0.666667 1.000000       1 0.700000       1 0.800000       1 0.769231 0.857143     0.246154
    820   h1 0.666667 1.000000       1 0.700000       1 0.800000       1 0.769231 0.857143     0.246154
    821   h1 0.894737 0.631579       1 0.952381       1 0.700000       1 0.923077 0.857143     0.298073
    822   h1 1.000000 0.666667       1 1.000000       1 0.650000       1 0.923077 0.788018     0.315207
    823   h1 1.000000 0.666667       1 1.000000       1 0.595455       1 0.923077 0.785714     0.287912
    860   h1 0.795322 0.631579       1 0.952381       1 1.000000       1 0.769231 0.785714     0.289136
    861   h1 0.888889 0.666667       1 1.000000       1 1.000000       1 0.769231 0.785714     0.358160
    862   h1 0.888889 0.666667       1 1.000000       1 1.000000       1 0.769231 0.785714     0.358160
    863   h1 0.888889 0.666667       1 1.000000       1 1.000000       1 0.620879 0.785714     0.289087
    864   h1 0.596491 0.947368       1 0.666667       1 0.700000       1 0.769231 0.785714     0.159386
    865   h1 0.666667 1.000000       1 0.700000       1 0.700000       1 0.769231 0.785714     0.197436
    866   h1 0.666667 1.000000       1 0.700000       1 0.700000       1 0.769231 0.785714     0.197436
    867   h1 0.666667 1.000000       1 0.700000       1 0.700000       1 0.769231 0.785714     0.197436
    868   h1 0.842105 0.573099       1 0.642857       1 0.677273       1 0.846154 0.737327     0.131094
    869   h1 1.000000 0.777778       1 0.700000       1 0.700000       1 0.846154 0.785714     0.253376
    870   h1 1.000000 0.777778       1 0.700000       1 0.700000       1 0.769231 0.785714     0.230342
    871   h1 1.000000 0.777778       1 0.676190       1 0.700000       1 0.846154 0.767281     0.239016
    872   h1 0.596491 0.666667       1 0.700000       1 0.700000       1 0.923077 0.778802     0.140079
    873   h1 0.666667 0.666667       1 0.700000       1 0.700000       1 0.923077 0.785714     0.157949
    874   h1 0.666667 0.666667       1 0.700000       1 0.700000       1 0.923077 0.785714     0.157949
    875   h1 0.666667 0.666667       1 0.700000       1 0.700000       1 0.923077 0.785714     0.157949
    876   h1 0.695906 1.000000       1 1.000000       1 1.000000       1 1.000000 0.760369     0.529145
    877   h1 0.777778 1.000000       1 1.000000       1 1.000000       1 1.000000 0.785714     0.611111
    878   h1 0.777778 1.000000       1 1.000000       1 1.000000       1 1.000000 0.785714     0.611111
    879   h1 0.777778 1.000000       1 1.000000       1 1.000000       1 1.000000 0.785714     0.611111
    880   h1 0.894737 0.649123       1 0.700000       1 0.700000       1 0.846154 0.744240     0.179217
    881   h1 1.000000 0.666667       1 0.700000       1 0.700000       1 0.846154 0.785714     0.217179
    882   h1 1.000000 0.666667       1 0.700000       1 0.700000       1 0.846154 0.785714     0.217179
    883   h1 1.000000 0.666667       1 0.700000       1 0.700000       1 0.846154 0.767281     0.212084
    884   h1 0.479532 0.736842       1 0.647619       1 0.618182       1 0.747253 0.702765     0.074286
    885   h1 0.666667 1.000000       1 0.800000       1 0.700000       1 0.769231 0.785714     0.225641
    886   h1 0.666667 1.000000       1 0.800000       1 0.700000       1 0.769231 0.785714     0.225641
    887   h1 0.666667 1.000000       1 0.800000       1 0.700000       1 0.769231 0.785714     0.225641
    888   h1 0.947368 0.947368       1 0.952381       1 0.600000       1 0.769231 0.785714     0.309971
    889   h1 1.000000 1.000000       1 1.000000       1 0.650000       1 0.769231 0.788018     0.394009
    890   h1 1.000000 1.000000       1 1.000000       1 0.695455       1 0.769231 0.788018     0.421562
    891   h1 1.000000 1.000000       1 1.000000       1 0.600000       1 0.769231 0.785714     0.362637
    892   h1 0.695906 0.631579       1 0.761905       1 1.000000       1 0.769231 0.857143     0.220795
    893   h1 0.777778 0.666667       1 0.800000       1 1.000000       1 0.769231 0.857143     0.273504
    894   h1 0.777778 0.666667       1 0.800000       1 1.000000       1 0.769231 0.790323     0.252183
    895   h1 0.777778 0.666667       1 0.900000       1 1.000000       1 0.670330 0.714286     0.223443
    916   h1 0.894737 0.631579       1 0.661905       1 0.800000       1 0.769231 0.785714     0.180855
    917   h1 1.000000 0.666667       1 0.700000       1 0.800000       1 0.769231 0.785714     0.225641
    918   h1 1.000000 0.666667       1 0.700000       1 0.800000       1 0.769231 0.785714     0.225641
    919   h1 1.000000 0.666667       1 0.700000       1 0.800000       1 0.769231 0.785714     0.225641
    920   h1 1.000000 0.666667       1 0.500000       1 0.800000       1 0.376374 0.785714     0.078859
    921   h1 0.298246 0.947368       1 0.904762       1 1.000000       1 0.706044 0.619816     0.111872
    922   h1 0.631579 1.000000       1 1.000000       1 1.000000       1 0.769231 0.785714     0.381724
    923   h1 0.666667 1.000000       1 1.000000       1 1.000000       1 0.769231 0.785714     0.402930
    924   h1 0.666667 1.000000       1 1.000000       1 1.000000       1 0.769231 0.785714     0.402930
    925   h1 0.666667 1.000000       1 0.714286       1 1.000000       1 0.398352 0.764977     0.145109
    926   h1 0.894737 0.631579       1 0.900000       1 1.000000       1 0.620879 0.714286     0.225551
    927   h1 1.000000 0.666667       1 0.900000       1 1.000000       1 0.769231 0.714286     0.329670
    928   h1 1.000000 0.666667       1 1.000000       1 1.000000       1 0.769231 0.714286     0.366300
    929   h1 1.000000 0.666667       1 1.000000       1 1.000000       1 0.769231 0.781106     0.400567
    930   h1 1.000000 0.666667       1 0.714286       1 1.000000       1 0.500000 0.785714     0.187075
    931   h1 0.619883 0.736842       1 0.700000       1 0.700000       1 0.769231 0.785714     0.135270
    932   h1 0.666667 0.777778       1 0.700000       1 0.700000       1 0.769231 0.788018     0.154012
    933   h1 0.666667 0.777778       1 0.700000       1 0.700000       1 0.769231 0.854839     0.167071
    934   h1 0.666667 0.777778       1 0.700000       1 0.700000       1 0.769231 0.790323     0.154462
    935   h1 0.666667 0.777778       1 0.500000       1 0.700000       1 0.370879 0.721198     0.048542