 ChipID Half   Layer0   Layer1   Layer2   Layer3   Layer4   Layer5  Layer6   Layer7   Layer8  Pseaudo_Eff
    344   h0 0.434783 0.871212 0.000000 0.480000 0.641026 0.000000       1 0.062500 0.000000     0.000000
    345   h0 0.454545 0.965909 0.000000 0.500000 0.666667 0.000000       1 0.062500 0.000000     0.000000
    346   h0 0.355731 0.708333 0.000000 0.280000 0.307692 0.000000       1 0.044643 0.000000     0.000000
    347   h0 0.695652 0.784091 0.960000 0.720000 0.721154 0.962963       1 0.812500 0.764706     0.162674
    348   h0 0.727273 0.818182 1.000000 0.750000 0.750000 1.000000       1 0.812500 0.823529     0.223961
    349   h0 0.569170 0.579545 0.640000 0.420000 0.570513 0.407407       1 0.580357 0.390093     0.004666
    350   h0 0.695652 0.958333 0.610909 0.240000 0.801282 0.888889       1 0.125000 0.058824     0.000512
    351   h0 0.727273 1.000000 0.636364 0.250000 0.833333 0.923077       1 0.125000 0.058824     0.000654
    352   h0 0.600791 0.708333 0.407273 0.140000 0.352564 0.376068       1 0.089286 0.027864     0.000008
    353   h0 0.956522 0.000000 0.436364 0.000000 0.000000 0.074074       1 0.000000 0.000000     0.000000
    354   h0 1.000000 0.000000 0.454545 0.000000 0.000000 0.076923       1 0.000000 0.000000     0.000000
    355   h0 0.826087 0.000000 0.290909 0.000000 0.000000 0.031339       1 0.000000 0.000000     0.000000
    392   h0 0.956522 0.696970 0.698182 0.800000 0.721154 0.814815       1 0.812500 0.823529     0.146405
    393   h0 1.000000 0.727273 0.727273 0.833333 0.750000 0.846154       1 0.812500 0.823529     0.187166
    394   h0 1.000000 0.647727 0.727273 0.448718 0.750000 0.846154       1 0.580357 0.390093     0.030369
    395   h0 1.000000 0.454545 0.669091 0.000000 0.490385 0.501425       1 0.000000 0.000000     0.000000
    396   h0 0.695652 0.696970 0.698182 0.960000 0.801282 0.740741       1 0.812500 0.882353     0.138281
    397   h0 0.727273 0.727273 0.727273 1.000000 0.833333 0.769231       1 0.812500 0.860681     0.172438
    398   h0 0.727273 0.727273 0.727273 1.000000 0.833333 0.769231       1 0.687500 0.823529     0.139611
    399   h0 0.727273 0.727273 0.669091 0.769231 0.544872 0.455840       1 0.225000 0.238390     0.003627
    400   h0 0.909091 0.727273 0.818182 0.750000 0.750000 0.769231       1 0.812500 0.823529     0.156616
    401   h0 0.909091 0.727273 0.818182 0.750000 0.750000 0.769231       1 0.812500 0.823529     0.156616
    402   h0 0.909091 0.727273 0.818182 0.680000 0.750000 0.769231       1 0.792857 0.823529     0.138566
    403   h0 0.909091 0.454545 0.654545 0.115385 0.384615 0.598291       1 0.278571 0.043344     0.000087
    404   h0 0.727273 0.818182 0.727273 0.833333 0.750000 0.846154       1 0.875000 0.823529     0.164915
    405   h0 0.727273 0.818182 0.727273 0.833333 0.750000 0.846154       1 0.875000 0.823529     0.164915
    406   h0 0.727273 0.818182 0.727273 0.833333 0.750000 0.846154       1 0.875000 0.823529     0.164915
    407   h0 0.703557 0.681818 0.461818 0.384615 0.221154 0.188034       1 0.350000 0.068111     0.000084
    408   h0 0.727273 1.000000 0.727273 1.000000 0.750000 1.000000       1 0.875000 0.823529     0.285853
    409   h0 0.727273 1.000000 0.727273 1.000000 0.750000 1.000000       1 0.875000 0.823529     0.285853
    410   h0 0.727273 1.000000 0.727273 1.000000 0.750000 1.000000       1 0.875000 0.823529     0.285853
    411   h0 0.723320 0.875000 0.490909 0.461538 0.224359 0.222222       1 0.350000 0.065015     0.000163
    412   h0 1.000000 0.727273 1.000000 0.750000 0.833333 0.769231       1 0.812500 0.823529     0.233957
    413   h0 1.000000 0.727273 1.000000 0.750000 0.833333 0.769231       1 0.812500 0.823529     0.233957
    414   h0 1.000000 0.727273 1.000000 0.750000 0.833333 0.769231       1 0.812500 0.767802     0.218126
    415   h0 1.000000 0.587121 0.680000 0.317308 0.288462 0.142450       1 0.325000 0.038700     0.000065
    416   h0 0.727273 0.689394 0.909091 0.750000 1.000000 0.769231       1 0.812500 0.823529     0.175951
    417   h0 0.727273 0.727273 0.909091 0.750000 1.000000 0.769231       1 0.812500 0.823529     0.185619
    418   h0 0.727273 0.727273 0.909091 0.730769 1.000000 0.769231       1 0.787500 0.823529     0.175295
    419   h0 0.316206 0.545455 0.181818 0.201923 1.000000 0.643875       1 0.235714 0.255418     0.000245
    420   h0 0.956522 0.696970 0.872727 0.960000 0.721154 0.712251       1 0.812500 0.823529     0.191965
    421   h0 1.000000 0.727273 0.909091 1.000000 0.750000 0.769231       1 0.812500 0.823529     0.255226
    422   h0 1.000000 0.727273 0.909091 1.000000 0.750000 0.769231       1 0.687500 0.606811     0.159129
    423   h0 1.000000 0.727273 0.836364 0.800000 0.490385 0.455840       1 0.225000 0.119195     0.002917
    424   h0 0.695652 0.696970 0.960000 0.720000 0.721154 0.925926       1 0.812500 0.823529     0.149733
    425   h0 0.727273 0.727273 1.000000 0.750000 0.750000 1.000000       1 0.812500 0.823529     0.199076
    426   h0 0.632411 0.674242 0.640000 0.420000 0.653846 1.000000       1 0.580357 0.390093     0.016966
    427   h0 0.181818 0.545455 0.000000 0.000000 0.381410 0.592593       1 0.000000 0.000000     0.000000
    448   h0 0.695652 0.958333 0.698182 0.720000 0.961538 0.740741       1 0.812500 0.823529     0.159715
    449   h0 0.727273 1.000000 0.727273 0.750000 1.000000 0.769231       1 0.812500 0.823529     0.204181
    450   h0 0.727273 1.000000 0.727273 0.750000 1.000000 0.769231       1 0.812500 0.823529     0.204181
    451   h0 0.727273 1.000000 0.669091 0.576923 1.000000 0.643875       1 0.487500 0.572755     0.050471
    452   h0 0.189723 0.166667 0.000000 0.000000 0.846154 0.341880       1 0.000000 0.061920     0.000000
    453   h0 0.869565 0.696970 0.960000 0.720000 0.801282 0.740741       1 0.812500 0.823529     0.166370
    454   h0 0.909091 0.727273 1.000000 0.750000 0.833333 0.769231       1 0.812500 0.823529     0.212688
    455   h0 0.909091 0.727273 1.000000 0.750000 0.833333 0.769231       1 0.812500 0.823529     0.212688
    456   h0 0.909091 0.727273 0.920000 0.600000 0.833333 0.769231       1 0.487500 0.823529     0.093923
    457   h0 0.237154 0.121212 0.000000 0.000000 0.705128 0.569801       1 0.000000 0.108359     0.000000
    458   h0 0.695652 0.784091 0.698182 0.720000 0.801282 0.769231       1 0.812500 0.823529     0.113085
    459   h0 0.727273 0.909091 0.727273 0.750000 0.833333 0.769231       1 0.812500 0.823529     0.154682
    460   h0 0.727273 0.909091 0.727273 0.750000 0.833333 0.769231       1 0.812500 0.823529     0.154682
    461   h0 0.727273 0.909091 0.669091 0.600000 0.833333 0.769231       1 0.487500 0.823529     0.068308
    462   h0 0.189723 0.151515 0.000000 0.000000 0.705128 0.569801       1 0.000000 0.108359     0.000000
    463   h0 0.782609 0.958333 0.698182 0.800000 0.721154 0.732194       1 0.812500 0.823529     0.148005
    464   h0 0.818182 1.000000 0.727273 0.833333 0.750000 0.769231       1 0.812500 0.823529     0.191420
    465   h0 0.818182 1.000000 0.727273 0.833333 0.750000 0.769231       1 0.812500 0.856037     0.198976
    466   h0 0.818182 1.000000 0.669091 0.666667 0.548077 0.675214       1 0.487500 0.255418     0.016817
    467   h0 0.213439 0.166667 0.000000 0.000000 0.141026 0.398860       1 0.000000 0.000000     0.000000
    812   h1 0.434783 0.916667 0.000000 0.400000 0.583333 0.000000       1 0.062500 0.000000     0.000000
    813   h1 0.363636 1.000000 0.000000 0.416667 0.583333 0.059829       1 0.062500 0.000000     0.000000
    814   h1 0.300395 0.750000 0.000000 0.216667 0.269231 0.031339       1 0.042857 0.000000     0.000000
    815   h1 0.695652 0.750000 0.960000 0.720000 0.750000 1.000000       1 0.812500 0.764706     0.168049
    816   h1 0.727273 0.818182 1.000000 0.750000 0.750000 0.940171       1 0.812500 0.764706     0.195521
    817   h1 0.600791 0.613636 0.600000 0.420000 0.525641 0.376068       1 0.580357 0.342105     0.003646
    818   h1 0.695652 0.916667 0.727273 0.333333 0.916667 1.000000       1 0.187500 0.106811     0.002838
    819   h1 0.727273 1.000000 0.727273 0.333333 0.916667 0.940171       1 0.187500 0.058824     0.001676
    820   h1 0.600791 0.750000 0.465455 0.173333 0.423077 0.376068       1 0.133929 0.026316     0.000020
    821   h1 0.956522 0.000000 0.436364 0.000000 0.000000 0.000000       1 0.000000 0.000000     0.000000
    822   h1 1.000000 0.000000 0.454545 0.000000 0.000000 0.059829       1 0.000000 0.000000     0.000000
    823   h1 0.826087 0.000000 0.290909 0.000000 0.000000 0.031339       1 0.000000 0.000000     0.000000
    860   h1 0.956522 0.666667 0.672727 0.880000 0.750000 0.923077       1 0.812500 0.823529     0.174875
    861   h1 1.000000 0.727273 0.727273 0.916667 0.750000 0.923077       1 0.812500 0.823529     0.224599
    862   h1 1.000000 0.636364 0.690909 0.476667 0.750000 0.923077       1 0.557143 0.368421     0.029782
    863   h1 1.000000 0.363636 0.585455 0.000000 0.461538 0.512821       1 0.000000 0.000000     0.000000
    864   h1 0.695652 0.666667 0.669091 1.000000 0.916667 0.769231       1 0.812500 0.823529     0.146405
    865   h1 0.727273 0.727273 0.727273 1.000000 0.916667 0.769231       1 0.812500 0.823529     0.181494
    866   h1 0.727273 0.727273 0.727273 1.000000 0.916667 0.769231       1 0.675000 0.823529     0.150780
    867   h1 0.727273 0.727273 0.669091 0.769231 0.564103 0.427350       1 0.235714 0.216718     0.003352
    868   h1 0.909091 0.715909 0.727273 0.750000 0.750000 0.769231       1 0.812500 0.823529     0.137039
    869   h1 0.909091 0.727273 0.727273 0.750000 0.750000 0.769231       1 0.812500 0.823529     0.139214
    870   h1 0.909091 0.727273 0.727273 0.660256 0.750000 0.769231       1 0.769643 0.823529     0.116092
    871   h1 0.909091 0.367424 0.581818 0.115385 0.394231 0.569801       1 0.255357 0.021672     0.000028
    872   h1 0.727273 0.818182 0.727273 0.916667 0.750000 0.846154       1 0.812500 0.823529     0.168449
    873   h1 0.727273 0.818182 0.727273 0.916667 0.750000 0.846154       1 0.812500 0.823529     0.168449
    874   h1 0.727273 0.818182 0.727273 0.916667 0.750000 0.846154       1 0.812500 0.823529     0.168449
    875   h1 0.660079 0.681818 0.450909 0.423077 0.182692 0.156695       1 0.325000 0.044892     0.000036
    876   h1 0.727273 1.000000 0.727273 1.000000 0.750000 1.000000       1 0.875000 0.823529     0.285853
    877   h1 0.727273 1.000000 0.727273 1.000000 0.750000 1.000000       1 0.875000 0.823529     0.285853
    878   h1 0.727273 1.000000 0.727273 1.000000 0.750000 1.000000       1 0.875000 0.823529     0.285853
    879   h1 0.695652 0.833333 0.465455 0.461538 0.198718 0.222222       1 0.350000 0.043344     0.000083
    880   h1 1.000000 0.727273 1.000000 0.750000 0.916667 0.846154       1 0.812500 0.823529     0.283088
    881   h1 1.000000 0.727273 1.000000 0.750000 0.916667 0.846154       1 0.812500 0.823529     0.283088
    882   h1 1.000000 0.727273 1.000000 0.750000 0.916667 0.846154       1 0.812500 0.773994     0.266060
    883   h1 0.956522 0.587121 0.680000 0.288462 0.271605 0.125356       1 0.325000 0.037152     0.000045
    884   h1 0.727273 0.681818 0.818182 0.750000 1.000000 0.769231       1 0.812500 0.823529     0.156616
    885   h1 0.727273 0.727273 0.818182 0.750000 1.000000 0.769231       1 0.812500 0.823529     0.167057
    886   h1 0.727273 0.727273 0.818182 0.733974 1.000000 0.769231       1 0.801786 0.823529     0.161332
    887   h1 0.284585 0.606061 0.130909 0.259615 1.000000 0.678063       1 0.255357 0.253870     0.000258
    888   h1 0.869565 0.666667 0.960000 1.000000 0.750000 0.846154       1 0.812500 0.823529     0.236317
    889   h1 0.909091 0.727273 1.000000 1.000000 0.750000 0.786325       1 0.812500 0.801858     0.254032
    890   h1 1.000000 0.727273 1.000000 1.000000 0.750000 0.817664       1 0.675000 0.602167     0.181282
    891   h1 1.000000 0.727273 0.920000 0.769231 0.461538 0.470085       1 0.235714 0.123839     0.003260
    892   h1 0.695652 0.666667 0.909091 0.750000 0.750000 0.923077       1 0.812500 0.837461     0.148956
    893   h1 0.727273 0.727273 0.909091 0.750000 0.750000 0.923077       1 0.812500 0.882353     0.178990
    894   h1 0.632411 0.704545 0.640000 0.390000 0.701923 0.923077       1 0.557143 0.394737     0.015847
    895   h1 0.181818 0.636364 0.000000 0.000000 0.410256 0.512821       1 0.000000 0.000000     0.000000
    916   h1 0.695652 0.916667 0.752727 0.750000 1.000000 0.769231       1 0.812500 0.823529     0.185294
    917   h1 0.727273 1.000000 0.818182 0.750000 1.000000 0.769231       1 0.812500 0.823529     0.229703
    918   h1 0.727273 1.000000 0.818182 0.750000 1.000000 0.769231       1 0.812500 0.823529     0.229703
    919   h1 0.727273 1.000000 0.752727 0.570000 1.000000 0.666667       1 0.510714 0.530960     0.056410
    920   h1 0.158103 0.166667 0.000000 0.000000 0.807692 0.398860       1 0.000000 0.054180     0.000000
    921   h1 0.869565 0.666667 0.960000 0.733333 0.750000 0.769231       1 0.812500 0.823529     0.157545
    922   h1 0.909091 0.727273 1.000000 0.750000 0.750000 0.769231       1 0.812500 0.823529     0.191420
    923   h1 0.909091 0.727273 1.000000 0.750000 0.750000 0.769231       1 0.812500 0.823529     0.191420
    924   h1 0.909091 0.727273 0.920000 0.576923 0.750000 0.769231       1 0.492857 0.823529     0.082173
    925   h1 0.197628 0.121212 0.000000 0.000000 0.605769 0.569801       1 0.000000 0.108359     0.000000
    926   h1 0.707510 0.833333 0.698182 0.721154 0.750000 0.769231       1 0.812500 0.823529     0.114596
    927   h1 0.727273 0.909091 0.727273 0.750000 0.750000 0.769231       1 0.812500 0.823529     0.139214
    928   h1 0.727273 0.909091 0.727273 0.750000 0.750000 0.769231       1 0.812500 0.823529     0.139214
    929   h1 0.727273 0.909091 0.669091 0.576923 0.750000 0.769231       1 0.505357 0.823529     0.061278
    930   h1 0.158103 0.151515 0.000000 0.000000 0.611111 0.569801       1 0.000000 0.108359     0.000000
    931   h1 0.909091 0.833333 0.698182 0.881410 0.750000 0.692308       1 0.812500 0.823529     0.161970
    932   h1 0.909091 0.909091 0.727273 0.916667 0.750000 0.754986       1 0.812500 0.825077     0.209142
    933   h1 0.909091 0.909091 0.727273 0.916667 0.750000 0.723647       1 0.812500 0.823529     0.200085
    934   h1 0.909091 0.909091 0.669091 0.705128 0.525641 0.589744       1 0.496429 0.235294     0.014118
    935   h1 0.197628 0.151515 0.000000 0.000000 0.134615 0.341880       1 0.000000 0.000000     0.000000