 ChipID Half   Layer0   Layer1   Layer2   Layer3   Layer4  Layer5   Layer6   Layer7   Layer8  Pseaudo_Eff
    344   h0 0.585938 0.937500 0.941176 0.629630 0.839506       1 0.695652 0.958333 0.641026     0.116785
    345   h0 0.625000 1.000000 1.000000 0.666667 0.888889       1 0.727273 1.000000 0.666667     0.179574
    346   h0 0.625000 1.000000 1.000000 0.666667 0.888889       1 0.727273 1.000000 0.714744     0.192524
    347   h0 0.937500 0.585938 0.588235 0.944444 0.629630       1 0.782609 0.696970 0.801282     0.083981
    348   h0 1.000000 0.625000 0.625000 1.000000 0.666667       1 0.818182 0.727273 0.833333     0.129132
    349   h0 1.000000 0.625000 0.625000 1.000000 0.666667       1 0.727273 0.727273 0.788462     0.108604
    350   h0 0.585938 0.585938 0.941176 0.629630 0.839506       1 0.695652 0.784091 0.961538     0.089579
    351   h0 0.625000 0.625000 1.000000 0.666667 0.888889       1 0.727273 0.818182 1.000000     0.137741
    352   h0 0.625000 0.625000 1.000000 0.666667 0.888889       1 0.727273 0.818182 1.000000     0.137741
    353   h0 0.937500 0.937500 0.588235 0.734568 0.839506       1 0.956522 0.958333 0.801282     0.234178
    354   h0 1.000000 1.000000 0.625000 0.777778 0.888889       1 1.000000 1.000000 0.833333     0.360082
    355   h0 1.000000 1.000000 0.625000 0.777778 0.888889       1 1.000000 1.000000 0.833333     0.360082
    392   h0 0.585938 0.937500 0.941176 0.629630 0.944444       1 0.956522 0.696970 0.721154     0.147806
    393   h0 0.625000 1.000000 1.000000 0.666667 1.000000       1 1.000000 0.727273 0.750000     0.227273
    394   h0 0.625000 1.000000 1.000000 0.666667 1.000000       1 1.000000 0.727273 0.750000     0.227273
    395   h0 0.625000 1.000000 1.000000 0.666667 1.000000       1 1.000000 0.727273 0.750000     0.227273
    396   h0 0.937500 0.585938 0.705882 0.839506 0.629630       1 0.695652 0.696970 0.721154     0.071663
    397   h0 1.000000 0.625000 0.750000 0.888889 0.666667       1 0.727273 0.727273 0.750000     0.110193
    398   h0 1.000000 0.625000 0.750000 0.888889 0.666667       1 0.727273 0.727273 0.750000     0.110193
    399   h0 1.000000 0.625000 0.750000 0.888889 0.666667       1 0.727273 0.727273 0.750000     0.110193
    400   h0 0.421875 0.562500 0.566176 0.666667 0.777778       1 0.513834 0.515152 0.435897     0.008038
    401   h0 0.750000 1.000000 0.875000 1.000000 1.000000       1 0.909091 0.727273 0.750000     0.325413
    402   h0 0.750000 1.000000 0.875000 1.000000 1.000000       1 0.909091 0.727273 0.750000     0.325413
    403   h0 0.750000 1.000000 0.875000 1.000000 1.000000       1 0.909091 0.727273 0.750000     0.325413
    404   h0 0.601562 0.460938 0.669118 0.586420 0.691358       1 0.529644 0.647727 0.544872     0.014061
    405   h0 0.875000 0.625000 0.875000 0.666667 0.777778       1 0.727273 0.818182 0.750000     0.110731
    406   h0 0.875000 0.625000 0.875000 0.666667 0.777778       1 0.727273 0.818182 0.750000     0.110731
    407   h0 0.875000 0.625000 0.875000 0.666667 0.777778       1 0.727273 0.818182 0.750000     0.110731
    408   h0 0.515625 0.750000 0.617647 0.833333 0.691358       1 0.509881 0.750000 0.554487     0.029180
    409   h0 0.750000 1.000000 0.750000 1.000000 0.777778       1 0.727273 1.000000 0.750000     0.238636
    410   h0 0.750000 1.000000 0.750000 1.000000 0.777778       1 0.727273 1.000000 0.750000     0.238636
    411   h0 0.750000 1.000000 0.750000 1.000000 0.777778       1 0.727273 1.000000 0.750000     0.238636
    412   h0 0.656250 0.445312 0.823529 0.580247 0.888889       1 0.695652 0.575758 0.608974     0.030276
    413   h0 0.875000 0.625000 1.000000 0.666667 1.000000       1 1.000000 0.727273 0.833333     0.220960
    414   h0 0.875000 0.625000 1.000000 0.666667 1.000000       1 1.000000 0.727273 0.833333     0.220960
    415   h0 0.875000 0.625000 1.000000 0.666667 1.000000       1 1.000000 0.727273 0.833333     0.220960
    416   h0 0.382812 0.500000 0.352941 0.611111 0.450617       1 0.537549 0.469697 0.653846     0.003071
    417   h0 0.875000 1.000000 0.625000 1.000000 0.666667       1 0.727273 0.727273 1.000000     0.192837
    418   h0 0.875000 1.000000 0.625000 1.000000 0.666667       1 0.727273 0.727273 1.000000     0.192837
    419   h0 0.875000 1.000000 0.625000 1.000000 0.666667       1 0.727273 0.727273 1.000000     0.192837
    420   h0 0.703125 0.585938 0.941176 0.629630 0.944444       1 0.956522 0.696970 0.721154     0.110854
    421   h0 0.750000 0.625000 1.000000 0.666667 1.000000       1 1.000000 0.727273 0.750000     0.170455
    422   h0 0.750000 0.625000 1.000000 0.666667 1.000000       1 1.000000 0.727273 0.750000     0.170455
    423   h0 0.750000 0.625000 1.000000 0.666667 1.000000       1 1.000000 0.727273 0.750000     0.170455
    424   h0 0.937500 0.937500 0.588235 0.944444 0.629630       1 0.695652 0.696970 0.801282     0.119439
    425   h0 1.000000 1.000000 0.625000 1.000000 0.666667       1 0.727273 0.727273 0.833333     0.183655
    426   h0 1.000000 1.000000 0.625000 1.000000 0.666667       1 0.727273 0.727273 0.750000     0.165289
    427   h0 1.000000 1.000000 0.625000 1.000000 0.666667       1 0.727273 0.727273 0.782051     0.172353
    448   h0 0.703125 0.937500 0.823529 0.734568 0.944444       1 0.482213 0.958333 0.961538     0.167345
    449   h0 0.750000 1.000000 0.875000 0.777778 1.000000       1 0.727273 1.000000 1.000000     0.371212
    450   h0 0.750000 1.000000 0.875000 0.777778 1.000000       1 0.727273 1.000000 1.000000     0.371212
    451   h0 0.750000 1.000000 0.875000 0.777778 1.000000       1 0.727273 1.000000 1.000000     0.371212
    452   h0 0.750000 1.000000 0.875000 0.777778 1.000000       1 0.727273 1.000000 1.000000     0.371212
    453   h0 0.000000 0.468750 0.000000 0.629630 0.104938       1 0.158103 0.000000 0.035256     0.000000
    454   h0 0.687500 0.578125 0.573529 0.666667 0.574074       1 0.909091 0.696970 0.916667     0.050671
    455   h0 1.000000 0.625000 0.750000 0.666667 0.666667       1 0.909091 0.727273 0.916667     0.126263
    456   h0 1.000000 0.625000 0.750000 0.666667 0.666667       1 0.909091 0.727273 0.916667     0.126263
    457   h0 1.000000 0.625000 0.750000 0.666667 0.666667       1 0.909091 0.727273 0.916667     0.126263
    458   h0 0.703125 0.117188 0.941176 0.419753 0.944444       1 0.347826 0.170455 0.801282     0.001461
    459   h0 0.750000 0.468750 1.000000 0.617284 1.000000       1 0.695652 0.818182 0.833333     0.102931
    460   h0 0.750000 0.625000 1.000000 0.666667 1.000000       1 0.727273 0.818182 0.833333     0.154959
    461   h0 0.750000 0.625000 1.000000 0.666667 1.000000       1 0.727273 0.818182 0.833333     0.154959
    462   h0 0.750000 0.625000 1.000000 0.666667 1.000000       1 0.727273 0.818182 0.833333     0.154959
    463   h0 0.820312 0.937500 0.588235 0.944444 0.629630       1 0.782609 0.958333 0.641026     0.129330
    464   h0 0.875000 1.000000 0.625000 1.000000 0.666667       1 0.818182 1.000000 0.666667     0.198864
    465   h0 0.875000 1.000000 0.625000 1.000000 0.666667       1 0.818182 1.000000 0.666667     0.198864
    466   h0 0.875000 1.000000 0.625000 1.000000 0.666667       1 0.818182 1.000000 0.666667     0.198864
    467   h0 0.875000 1.000000 0.625000 1.000000 0.666667       1 0.818182 1.000000 0.676282     0.201732
    812   h1 0.546875 0.937500 0.882353 0.623457 0.888889       1 0.727273 1.000000 0.750000     0.136746
    813   h1 0.625000 1.000000 1.000000 0.666667 0.777778       1 0.727273 1.000000 0.750000     0.176768
    814   h1 0.625000 1.000000 1.000000 0.666667 0.777778       1 0.727273 1.000000 0.750000     0.176768
    815   h1 0.875000 0.585938 0.551471 0.944444 0.666667       1 0.818182 0.727273 0.750000     0.079447
    816   h1 1.000000 0.625000 0.625000 1.000000 0.666667       1 0.818182 0.727273 0.750000     0.116219
    817   h1 1.000000 0.625000 0.625000 1.000000 0.666667       1 0.818182 0.727273 0.750000     0.116219
    818   h1 0.546875 0.585938 0.941176 0.629630 0.888889       1 0.727273 0.909091 1.000000     0.111596
    819   h1 0.625000 0.625000 1.000000 0.666667 0.888889       1 0.727273 0.909091 1.000000     0.153046
    820   h1 0.625000 0.625000 1.000000 0.666667 0.888889       1 0.727273 0.909091 1.000000     0.153046
    821   h1 0.875000 0.937500 0.588235 0.839506 0.777778       1 1.000000 1.000000 0.833333     0.262560
    822   h1 1.000000 1.000000 0.625000 0.777778 0.777778       1 1.000000 1.000000 0.833333     0.315072
    823   h1 1.000000 1.000000 0.625000 0.777778 0.777778       1 1.000000 1.000000 0.833333     0.315072
    860   h1 0.546875 0.937500 0.882353 0.629630 1.000000       1 1.000000 0.727273 0.750000     0.155362
    861   h1 0.625000 1.000000 1.000000 0.666667 1.000000       1 1.000000 0.727273 0.750000     0.227273
    862   h1 0.625000 1.000000 1.000000 0.666667 1.000000       1 1.000000 0.727273 0.750000     0.227273
    863   h1 0.625000 1.000000 1.000000 0.666667 1.000000       1 1.000000 0.727273 0.750000     0.227273
    864   h1 0.875000 0.585938 0.588235 0.839506 0.666667       1 0.727273 0.818182 0.833333     0.083697
    865   h1 1.000000 0.625000 0.625000 0.888889 0.666667       1 0.727273 0.818182 0.833333     0.114784
    866   h1 1.000000 0.625000 0.625000 0.888889 0.666667       1 0.727273 0.818182 0.833333     0.114784
    867   h1 1.000000 0.625000 0.625000 0.888889 0.666667       1 0.727273 0.818182 0.833333     0.114784
    868   h1 0.468750 0.562500 0.705882 0.666667 0.833333       1 0.513834 0.575758 0.474359     0.014511
    869   h1 0.750000 1.000000 1.000000 1.000000 1.000000       1 0.909091 0.727273 0.750000     0.371901
    870   h1 0.750000 1.000000 1.000000 1.000000 1.000000       1 0.909091 0.727273 0.750000     0.371901
    871   h1 0.750000 1.000000 1.000000 1.000000 1.000000       1 0.909091 0.727273 0.750000     0.371901
    872   h1 0.601562 0.468750 0.617647 0.586420 0.629630       1 0.561265 0.647727 0.564103     0.013188
    873   h1 0.875000 0.625000 0.750000 0.666667 0.666667       1 0.727273 0.818182 0.750000     0.081353
    874   h1 0.875000 0.625000 0.750000 0.666667 0.666667       1 0.727273 0.818182 0.750000     0.081353
    875   h1 0.875000 0.625000 0.750000 0.666667 0.666667       1 0.727273 0.818182 0.750000     0.081353
    876   h1 0.601562 0.812500 0.720588 0.888889 0.734568       1 0.537549 0.791667 0.576923     0.056461
    877   h1 0.875000 1.000000 0.875000 1.000000 0.777778       1 0.727273 1.000000 0.750000     0.324811
    878   h1 0.875000 1.000000 0.875000 1.000000 0.777778       1 0.727273 1.000000 0.750000     0.324811
    879   h1 0.875000 1.000000 0.875000 1.000000 0.777778       1 0.727273 1.000000 0.750000     0.324811
    880   h1 0.515625 0.484375 0.720588 0.580247 0.839506       1 0.739130 0.568182 0.634615     0.023365
    881   h1 0.750000 0.625000 0.875000 0.666667 0.888889       1 1.000000 0.727273 0.916667     0.162037
    882   h1 0.750000 0.625000 0.875000 0.666667 0.888889       1 1.000000 0.727273 0.916667     0.162037
    883   h1 0.750000 0.625000 0.875000 0.666667 0.888889       1 1.000000 0.727273 0.916667     0.162037
    884   h1 0.328125 0.562500 0.397059 0.611111 0.450617       1 0.569170 0.500000 0.692308     0.003976
    885   h1 0.875000 1.000000 0.750000 1.000000 0.666667       1 0.727273 0.727273 1.000000     0.231405
    886   h1 0.875000 1.000000 0.750000 1.000000 0.666667       1 0.727273 0.727273 1.000000     0.231405
    887   h1 0.875000 1.000000 0.750000 1.000000 0.666667       1 0.727273 0.727273 1.000000     0.231405
    888   h1 0.703125 0.585938 0.941176 0.629630 1.000000       1 1.000000 0.727273 0.750000     0.133168
    889   h1 0.750000 0.625000 1.000000 0.666667 1.000000       1 1.000000 0.727273 0.750000     0.170455
    890   h1 0.750000 0.625000 1.000000 0.666667 1.000000       1 1.000000 0.727273 0.801282     0.182110
    891   h1 0.750000 0.625000 1.000000 0.666667 1.000000       1 1.000000 0.727273 0.804487     0.182838
    892   h1 0.937500 0.937500 0.588235 0.944444 0.666667       1 0.727273 0.727273 0.833333     0.143480
    893   h1 1.000000 1.000000 0.625000 1.000000 0.666667       1 0.727273 0.727273 0.833333     0.183655
    894   h1 1.000000 1.000000 0.625000 1.000000 0.666667       1 0.727273 0.727273 0.785256     0.173059
    895   h1 1.000000 1.000000 0.625000 1.000000 0.666667       1 0.727273 0.727273 0.750000     0.165289
    916   h1 0.656250 0.937500 0.941176 0.691358 1.000000       1 0.584980 1.000000 1.000000     0.234183
    917   h1 0.750000 1.000000 1.000000 0.777778 1.000000       1 0.727273 1.000000 1.000000     0.424242
    918   h1 0.750000 1.000000 1.000000 0.777778 1.000000       1 0.727273 1.000000 1.000000     0.424242
    919   h1 0.750000 1.000000 1.000000 0.777778 1.000000       1 0.727273 1.000000 1.000000     0.424242
    920   h1 0.750000 1.000000 1.000000 0.777778 1.000000       1 0.727273 1.000000 1.000000     0.424242
    921   h1 0.000000 0.468750 0.000000 0.691358 0.222222       1 0.217391 0.117424 0.064103     0.000000
    922   h1 0.601562 0.578125 0.573529 0.777778 0.617284       1 1.000000 0.700758 0.833333     0.055922
    923   h1 0.875000 0.625000 0.750000 0.777778 0.666667       1 1.000000 0.727273 0.833333     0.128893
    924   h1 0.875000 0.625000 0.750000 0.777778 0.666667       1 1.000000 0.727273 0.833333     0.128893
    925   h1 0.875000 0.625000 0.750000 0.777778 0.666667       1 1.000000 0.727273 0.833333     0.128893
    926   h1 0.656250 0.000000 0.875000 0.419753 1.000000       1 0.272727 0.227273 0.750000     0.000000
    927   h1 0.750000 0.500000 1.000000 0.617284 1.000000       1 0.707510 0.909091 0.750000     0.111665
    928   h1 0.750000 0.625000 1.000000 0.666667 1.000000       1 0.727273 0.909091 0.750000     0.154959
    929   h1 0.750000 0.625000 1.000000 0.666667 1.000000       1 0.727273 0.909091 0.750000     0.154959
    930   h1 0.750000 0.625000 1.000000 0.666667 1.000000       1 0.727273 0.909091 0.750000     0.154959
    931   h1 0.875000 0.937500 0.750000 0.944444 0.666667       1 0.818182 1.000000 0.666667     0.211293
    932   h1 1.000000 1.000000 0.750000 1.000000 0.666667       1 0.818182 1.000000 0.666667     0.272727
    933   h1 1.000000 1.000000 0.750000 1.000000 0.666667       1 0.818182 1.000000 0.666667     0.272727
    934   h1 1.000000 1.000000 0.750000 1.000000 0.666667       1 0.818182 1.000000 0.695513     0.284528
    935   h1 1.000000 1.000000 0.750000 1.000000 0.666667       1 0.818182 1.000000 0.750000     0.306818