ChipID	Half	Layer0	Layer1	Layer2	Layer3	Layer4	Layer5	Layer6	Layer7	Layer8	Peff(%)
332	h0	0.95	0.571	0.573	0.957	1	0.697	0.286	0.929	0.333	1.83
333	h0	1.0	0.648	0.6	1.0	1	0.727	0.286	0.929	0.333	2.5
334	h0	1.0	0.7	0.573	0.87	1	0.515	0.286	0.929	0.265	1.27
335	h0	0.665	0.857	0.668	0.783	1	0.697	0.786	0.829	0.8	10.83
336	h0	0.7	0.857	0.7	0.818	1	0.727	0.786	0.857	0.8	13.46
337	h0	0.7	0.9	0.668	0.711	1	0.621	0.786	0.857	0.635	7.95
338	h0	0.76	0.667	0.859	0.696	1	0.958	0.776	0.76	0.8	13.7
339	h0	0.765	0.7	0.855	0.727	1	1.0	0.786	0.786	0.8	16.45
340	h0	0.7	0.7	0.764	0.644	1	1.0	0.786	0.786	0.635	9.46
341	h0	0.855	0.952	0.573	0.522	1	0.697	0.786	0.429	0.333	1.91
342	h0	0.94	1.0	0.65	0.545	1	0.727	0.786	0.429	0.333	2.72
343	h0	1.0	1.0	0.668	0.553	1	0.542	0.786	0.429	0.265	1.79
356	h0	0.76	0.952	0.955	0.696	1	0.697	0.786	0.829	0.8	17.47
357	h0	0.8	1.0	1.0	0.727	1	0.727	0.786	0.857	0.8	22.79
358	h0	0.8	1.0	1.0	0.68	1	0.727	0.786	0.857	0.731	19.47
359	h0	0.8	0.9	1.0	0.364	1	0.727	0.271	0.111	0.343	0.2
360	h0	0.95	0.667	0.668	0.783	1	0.958	0.786	0.76	0.8	15.17
361	h0	1.0	0.7	0.7	0.818	1	1.0	0.786	0.786	0.8	19.81
362	h0	1.0	0.7	0.7	0.818	1	1.0	0.786	0.786	0.8	19.81
363	h0	1.0	0.7	0.7	0.818	1	1.0	0.786	0.786	0.588	14.56
364	h0	0.64	0.629	0.605	0.711	1	0.727	0.857	0.786	0.8	6.78
365	h0	0.8	0.7	0.7	0.727	1	0.727	0.857	0.786	0.8	11.16
366	h0	0.8	0.7	0.7	0.727	1	0.727	0.857	0.786	0.8	11.16
367	h0	0.8	0.629	0.7	0.395	1	0.818	0.857	0.737	0.541	3.89
368	h0	0.7	1.0	0.7	1.0	1	1.0	0.929	0.786	0.867	31.02
369	h0	0.7	1.0	0.7	1.0	1	1.0	0.929	0.786	0.867	31.02
370	h0	0.7	1.0	0.7	1.0	1	1.0	0.929	0.786	0.867	31.02
371	h0	0.7	1.0	0.7	1.0	1	0.792	0.929	0.749	0.561	15.15
372	h0	1.0	0.7	1.0	0.727	1	0.727	1.0	0.786	0.933	27.13
373	h0	1.0	0.7	1.0	0.727	1	0.727	1.0	0.786	0.933	27.13
374	h0	1.0	0.7	1.0	0.727	1	0.727	1.0	0.786	0.933	27.13
375	h0	1.0	0.7	1.0	0.727	1	0.576	1.0	0.781	0.604	13.83
376	h0	0.7	0.7	0.7	0.727	1	0.727	0.929	0.786	0.933	12.35
377	h0	0.7	0.7	0.7	0.727	1	0.727	0.929	0.786	0.933	12.35
378	h0	0.7	0.7	0.7	0.727	1	0.727	0.929	0.786	0.933	12.35
379	h0	0.7	0.7	0.7	0.715	1	0.545	0.929	0.749	0.631	5.87
380	h0	0.595	0.952	0.655	0.909	1	0.818	0.857	0.765	0.8	14.47
381	h0	0.7	1.0	0.7	0.909	1	0.818	0.857	0.786	0.8	19.63
382	h0	0.7	1.0	0.7	0.909	1	0.818	0.857	0.786	0.8	19.63
383	h0	0.7	1.0	0.609	0.909	1	0.784	0.857	0.675	0.586	10.3
384	h0	0.855	0.952	0.668	0.696	1	0.697	0.786	0.76	0.8	12.61
385	h0	0.9	1.0	0.7	0.727	1	0.727	0.786	0.786	0.8	16.46
386	h0	0.9	1.0	0.7	0.727	1	0.727	0.786	0.786	0.8	16.46
387	h0	0.9	1.0	0.7	0.727	1	0.727	0.786	0.786	0.588	12.1
388	h0	0.855	0.667	0.955	0.957	1	0.784	0.767	0.76	0.8	19.06
389	h0	0.9	0.7	1.0	1.0	1	0.818	0.786	0.786	0.8	25.47
390	h0	0.9	0.7	1.0	1.0	1	0.818	0.786	0.786	0.745	23.72
391	h0	0.9	0.7	1.0	1.0	1	0.818	0.329	0.412	0.392	2.74
428	h0	0.665	0.857	0.668	0.957	1	0.697	0.786	0.786	0.8	12.55
429	h0	0.7	0.9	0.7	1.0	1	0.727	0.786	0.786	0.8	15.85
430	h0	0.7	0.9	0.7	1.0	1	0.727	0.786	0.786	0.8	15.85
431	h0	0.7	0.9	0.7	1.0	1	0.727	0.786	0.786	0.747	14.8
432	h0	0.56	0.667	0.318	0.304	1	0.727	0.21	0.101	0.388	0.02
433	h0	0.95	0.762	0.955	0.696	1	0.697	0.786	0.786	0.8	16.58
434	h0	1.0	0.8	1.0	0.727	1	0.727	0.786	0.786	0.8	20.9
435	h0	1.0	0.8	1.0	0.727	1	0.727	0.786	0.786	0.8	20.9
436	h0	1.0	0.8	1.0	0.727	1	0.727	0.786	0.786	0.8	20.9
437	h0	0.762	0.533	0.455	0.221	1	0.727	0.229	0.101	0.518	0.04
438	h0	0.95	0.581	0.955	0.87	1	0.958	0.786	0.604	0.8	16.69
439	h0	1.0	0.7	1.0	0.909	1	1.0	0.786	0.786	0.8	31.45
440	h0	1.0	0.7	1.0	0.909	1	1.0	0.786	0.786	0.8	31.45
441	h0	1.0	0.7	1.0	0.909	1	1.0	0.786	0.786	0.8	31.45
442	h0	0.762	0.5	0.5	0.277	1	1.0	0.21	0.267	0.518	0.15
443	h0	0.665	0.667	0.764	0.696	1	0.697	0.786	0.786	0.8	8.12
444	h0	0.7	0.7	0.8	0.727	1	0.727	0.786	0.786	0.8	10.24
445	h0	0.7	0.7	0.8	0.727	1	0.727	0.786	0.786	0.8	10.24
446	h0	0.7	0.7	0.8	0.727	1	0.727	0.786	0.786	0.765	9.79
447	h0	0.56	0.467	0.364	0.221	1	0.727	0.21	0.101	0.431	0.01
800	h1	0.95	0.633	0.545	0.83	1	0.75	0.357	0.929	0.324	2.19
801	h1	1.0	0.7	0.6	0.909	1	0.818	0.357	0.929	0.333	3.45
802	h1	1.0	0.7	0.6	0.83	1	0.614	0.357	0.929	0.275	1.95
803	h1	0.665	0.724	0.727	0.747	1	0.667	0.786	0.899	0.776	9.56
804	h1	0.7	0.8	0.8	0.866	1	0.727	0.786	0.929	0.8	16.48
805	h1	0.7	0.8	0.8	0.791	1	0.636	0.786	0.929	0.659	10.85
806	h1	0.76	0.633	0.727	0.664	1	0.958	0.779	0.76	0.776	10.22
807	h1	0.765	0.7	0.8	0.727	1	1.0	0.786	0.786	0.8	15.39
808	h1	0.7	0.7	0.8	0.644	1	1.0	0.786	0.786	0.659	10.28
809	h1	0.855	0.905	0.636	0.498	1	0.667	0.769	0.415	0.324	1.69
810	h1	0.94	1.0	0.7	0.545	1	0.727	0.786	0.429	0.333	2.93
811	h1	1.0	1.0	0.7	0.474	1	0.545	0.786	0.429	0.275	1.68
824	h1	0.665	0.905	0.909	0.747	1	0.667	0.779	0.829	0.776	13.66
825	h1	0.7	1.0	1.0	0.775	1	0.727	0.786	0.857	0.8	21.25
826	h1	0.7	1.0	1.0	0.692	1	0.727	0.786	0.857	0.741	17.58
827	h1	0.7	1.0	1.0	0.455	1	0.727	0.348	0.138	0.357	0.4
828	h1	0.95	0.633	0.636	0.664	1	0.917	0.76	0.829	0.776	11.39
829	h1	1.0	0.662	0.6	0.727	1	1.0	0.786	0.857	0.8	15.56
830	h1	1.0	0.6	0.6	0.727	1	1.0	0.786	0.857	0.8	14.1
831	h1	1.0	0.686	0.6	0.727	1	1.0	0.786	0.857	0.612	12.34
832	h1	0.72	0.614	0.605	0.688	1	0.727	0.857	0.786	0.8	7.21
833	h1	0.9	0.7	0.7	0.727	1	0.727	0.857	0.786	0.8	12.56
834	h1	0.9	0.7	0.7	0.727	1	0.727	0.857	0.786	0.8	12.56
835	h1	0.9	0.643	0.7	0.466	1	0.727	0.857	0.74	0.541	4.71
836	h1	0.7	1.0	0.7	1.0	1	1.0	0.929	0.786	0.867	31.02
837	h1	0.7	1.0	0.7	1.0	1	1.0	0.929	0.786	0.867	31.02
838	h1	0.7	1.0	0.7	1.0	1	1.0	0.929	0.786	0.867	31.02
839	h1	0.7	1.0	0.7	1.0	1	0.792	0.929	0.77	0.561	15.57
840	h1	1.0	0.8	1.0	0.818	1	0.727	0.929	0.786	0.933	32.41
841	h1	1.0	0.8	1.0	0.818	1	0.727	0.929	0.786	0.933	32.41
842	h1	1.0	0.8	1.0	0.818	1	0.727	1.0	0.786	0.933	34.89
843	h1	1.0	0.8	1.0	0.818	1	0.576	1.0	0.781	0.631	18.58
844	h1	0.7	0.7	0.7	0.727	1	0.727	1.0	0.786	0.867	12.35
845	h1	0.7	0.7	0.7	0.727	1	0.727	1.0	0.786	0.867	12.35
846	h1	0.7	0.7	0.7	0.727	1	0.727	0.929	0.786	0.933	12.35
847	h1	0.7	0.7	0.7	0.727	1	0.545	0.929	0.765	0.604	5.83
848	h1	0.61	0.952	0.632	0.818	1	0.727	0.929	0.758	0.8	12.3
849	h1	0.7	1.0	0.7	0.818	1	0.727	0.929	0.786	0.8	17.02
850	h1	0.7	1.0	0.7	0.818	1	0.727	0.929	0.786	0.8	17.02
851	h1	0.686	1.0	0.618	0.818	1	0.697	0.857	0.675	0.541	7.56
852	h1	0.76	0.905	0.636	0.664	1	0.697	0.786	0.76	0.776	9.38
853	h1	0.8	1.0	0.7	0.727	1	0.727	0.786	0.786	0.8	14.63
854	h1	0.8	1.0	0.7	0.727	1	0.727	0.786	0.786	0.8	14.63
855	h1	0.8	1.0	0.7	0.727	1	0.727	0.786	0.786	0.588	10.75
856	h1	0.95	0.633	0.909	0.913	1	0.75	0.764	0.76	0.776	16.87
857	h1	1.0	0.7	1.0	1.0	1	0.818	0.786	0.786	0.8	28.3
858	h1	1.0	0.7	1.0	1.0	1	0.818	0.786	0.786	0.753	26.64
859	h1	1.0	0.7	1.0	1.0	1	0.818	0.293	0.426	0.408	2.92
896	h1	0.665	0.814	0.636	0.913	1	0.75	0.76	0.76	0.776	10.57
897	h1	0.7	0.943	0.7	1.0	1	0.818	0.786	0.786	0.8	18.68
898	h1	0.7	1.0	0.7	1.0	1	0.818	0.786	0.786	0.8	19.81
899	h1	0.7	0.919	0.7	1.0	1	0.727	0.786	0.786	0.769	15.55
900	h1	0.567	0.643	0.35	0.348	1	0.727	0.236	0.127	0.451	0.04
901	h1	0.855	0.814	0.909	0.664	1	0.667	0.76	0.76	0.776	12.56
902	h1	0.9	0.9	1.0	0.727	1	0.727	0.786	0.786	0.8	21.16
903	h1	0.9	0.9	1.0	0.727	1	0.727	0.786	0.786	0.8	21.16
904	h1	0.9	0.9	1.0	0.727	1	0.727	0.786	0.786	0.8	21.16
905	h1	0.729	0.6	0.5	0.253	1	0.727	0.21	0.127	0.541	0.06
906	h1	0.95	0.633	0.909	0.913	1	0.958	0.829	0.636	0.776	19.56
907	h1	1.0	0.7	1.0	1.0	1	1.0	0.857	0.786	0.8	37.72
908	h1	1.0	0.7	1.0	1.0	1	1.0	0.857	0.786	0.8	37.72
909	h1	1.0	0.7	1.0	1.0	1	1.0	0.857	0.786	0.8	37.72
910	h1	0.81	0.467	0.5	0.348	1	1.0	0.229	0.251	0.541	0.2
911	h1	0.633	0.633	0.727	0.664	1	0.697	0.786	0.76	0.776	6.25
912	h1	0.7	0.7	0.8	0.727	1	0.727	0.786	0.786	0.8	10.24
913	h1	0.7	0.7	0.8	0.727	1	0.727	0.786	0.786	0.8	10.24
914	h1	0.7	0.7	0.8	0.727	1	0.727	0.786	0.786	0.765	9.79
915	h1	0.567	0.467	0.4	0.253	1	0.727	0.21	0.127	0.451	0.02
