ChipID	Half	Layer0	Layer1	Layer2	Layer3	Layer4	Layer5	Layer6	Layer7	Layer8	Peff(%)
344	h0	0.76	0.857	0.952	1	0.696	0.957	1	0.786	0.867	11.26
345	h0	0.8	0.943	1.0	1	0.727	1.0	1	0.786	0.867	14.95
346	h0	0.8	1.0	1.0	1	0.664	0.783	1	0.786	0.735	7.86
347	h0	0.95	0.762	0.667	1	0.783	0.87	1	0.786	0.933	19.3
348	h0	1.0	0.762	0.7	1	0.818	0.909	1	0.786	0.933	23.27
349	h0	1.0	0.7	0.7	1	0.818	0.909	1	0.786	0.792	14.86
350	h0	0.76	0.667	0.952	1	0.696	0.957	1	0.786	0.8	16.17
351	h0	0.765	0.7	1.0	1	0.727	1.0	1	0.786	0.8	19.58
352	h0	0.7	0.7	1.0	1	0.727	1.0	1	0.786	0.679	12.45
353	h0	0.76	0.952	0.571	1	0.957	0.783	1	0.286	0.2	0.71
354	h0	0.84	1.0	0.648	1	1.0	0.818	1	0.286	0.2	1.02
355	h0	0.9	1.0	0.7	1	0.826	0.64	1	0.286	0.17	0.53
392	h0	0.665	0.952	0.667	1	0.957	0.696	1	0.786	0.933	16.5
393	h0	0.7	1.0	0.7	1	1.0	0.727	1	0.786	0.933	20.9
394	h0	0.7	1.0	0.7	1	1.0	0.727	1	0.786	0.933	19.96
395	h0	0.7	1.0	0.7	1	1.0	0.727	1	0.25	0.735	2.98
396	h0	0.95	0.762	0.952	1	0.696	0.696	1	0.786	0.867	18.2
397	h0	1.0	0.8	1.0	1	0.727	0.727	1	0.786	0.867	23.05
398	h0	1.0	0.8	1.0	1	0.747	0.727	1	0.786	0.867	23.69
399	h0	1.0	0.8	1.0	1	0.818	0.727	1	0.786	0.683	15.48
400	h0	0.9	0.614	1.0	1	0.909	0.727	1	0.929	0.79	23.24
401	h0	1.0	0.7	1.0	1	0.909	0.727	1	0.857	0.8	27.5
402	h0	1.0	0.7	1.0	1	0.909	0.727	1	0.857	0.8	27.5
403	h0	1.0	0.681	1.0	1	0.909	0.727	1	0.857	0.529	12.32
404	h0	0.7	0.7	0.7	1	0.636	0.818	1	0.929	0.8	12.37
405	h0	0.7	0.7	0.7	1	0.636	0.818	1	0.929	0.8	12.37
406	h0	0.7	0.7	0.7	1	0.636	0.818	1	0.929	0.8	12.37
407	h0	0.7	0.7	0.7	1	0.593	0.711	1	0.929	0.566	4.95
408	h0	0.8	1.0	0.8	1	0.818	1.0	1	1.0	0.8	39.08
409	h0	0.8	1.0	0.8	1	0.818	1.0	1	1.0	0.8	39.08
410	h0	0.8	1.0	0.8	1	0.818	1.0	1	1.0	0.8	39.08
411	h0	0.8	1.0	0.8	1	0.779	0.87	1	1.0	0.606	17.11
412	h0	0.9	0.7	1.0	1	1.0	0.727	1	0.929	0.8	29.51
413	h0	0.9	0.7	1.0	1	1.0	0.727	1	0.929	0.8	29.51
414	h0	0.9	0.7	1.0	1	1.0	0.727	1	0.929	0.8	29.51
415	h0	0.9	0.7	1.0	1	0.957	0.609	1	0.929	0.566	11.66
416	h0	0.58	0.729	0.652	1	0.636	0.708	1	0.857	0.752	6.4
417	h0	0.7	0.8	0.7	1	0.636	0.727	1	0.857	0.8	9.94
418	h0	0.7	0.8	0.7	1	0.636	0.727	1	0.857	0.8	9.94
419	h0	0.7	0.8	0.581	1	0.636	0.727	1	0.857	0.723	5.2
420	h0	0.665	0.952	0.667	1	0.87	0.696	1	0.786	0.8	12.86
421	h0	0.7	1.0	0.7	1	0.909	0.727	1	0.786	0.8	16.29
422	h0	0.7	1.0	0.7	1	0.909	0.727	1	0.786	0.8	16.29
423	h0	0.7	1.0	0.7	1	0.909	0.727	1	0.786	0.63	9.72
424	h0	0.95	0.762	0.762	1	0.696	0.696	1	0.786	0.8	13.44
425	h0	1.0	0.8	0.8	1	0.727	0.727	1	0.786	0.8	17.02
426	h0	1.0	0.8	0.8	1	0.727	0.727	1	0.786	0.719	14.38
427	h0	1.0	0.8	0.8	1	0.727	0.727	1	0.25	0.21	0.72
448	h0	0.76	0.667	0.667	1	0.696	0.957	1	0.786	0.8	11.33
449	h0	0.8	0.7	0.7	1	0.727	1.0	1	0.786	0.8	14.34
450	h0	0.8	0.7	0.7	1	0.708	1.0	1	0.786	0.8	13.96
451	h0	0.8	0.7	0.7	1	0.636	1.0	1	0.786	0.8	12.29
452	h0	0.68	0.5	0.4	1	0.711	1.0	1	0.157	0.657	0.51
453	h0	0.575	0.952	0.762	1	0.957	0.783	1	0.857	0.8	17.14
454	h0	0.7	1.0	0.8	1	1.0	0.818	1	0.857	0.8	25.12
455	h0	0.7	1.0	0.8	1	1.0	0.818	1	0.857	0.8	25.12
456	h0	0.7	1.0	0.8	1	1.0	0.818	1	0.857	0.8	25.12
457	h0	0.61	0.714	0.457	1	1.0	0.818	1	0.2	0.606	1.1
458	h0	0.95	0.857	0.762	1	0.783	0.87	1	0.857	0.8	23.18
459	h0	1.0	0.9	0.8	1	0.818	0.909	1	0.786	0.8	26.93
460	h0	1.0	0.9	0.8	1	0.818	0.909	1	0.786	0.8	26.93
461	h0	1.0	0.9	0.8	1	0.818	0.909	1	0.786	0.8	26.93
462	h0	0.85	0.643	0.457	1	0.818	0.909	1	0.2	0.606	1.26
463	h0	0.665	0.667	0.952	1	0.87	0.957	1	0.786	0.8	17.69
464	h0	0.7	0.7	1.0	1	0.818	1.0	1	0.786	0.8	20.16
465	h0	0.7	0.7	1.0	1	0.818	1.0	1	0.786	0.8	20.16
466	h0	0.7	0.7	1.0	1	0.818	1.0	1	0.786	0.715	17.3
467	h0	0.595	0.5	0.571	1	0.818	1.0	1	0.183	0.303	0.36
812	h1	0.665	0.905	0.952	1	0.696	0.87	1	0.776	0.905	11.38
813	h1	0.7	1.0	1.0	1	0.727	0.909	1	0.786	0.933	15.84
814	h1	0.7	1.0	1.0	1	0.68	0.711	1	0.786	0.82	8.33
815	h1	0.95	0.633	0.762	1	0.696	0.87	1	0.76	0.905	15.27
816	h1	1.0	0.7	0.8	1	0.727	0.909	1	0.786	0.933	21.71
817	h1	1.0	0.7	0.8	1	0.727	0.909	1	0.786	0.82	15.62
818	h1	0.76	0.633	0.952	1	0.696	0.957	1	0.76	0.776	14.39
819	h1	0.77	0.7	1.0	1	0.727	1.0	1	0.786	0.8	19.71
820	h1	0.7	0.7	1.0	1	0.711	1.0	1	0.786	0.703	12.61
821	h1	0.665	0.905	0.667	1	0.957	0.87	1	0.207	0.129	0.36
822	h1	0.735	1.0	0.7	1	1.0	0.909	1	0.214	0.133	0.44
823	h1	0.8	1.0	0.7	1	0.826	0.711	1	0.214	0.117	0.22
860	h1	0.665	0.814	0.571	1	0.957	0.696	1	0.76	0.905	11.33
861	h1	0.7	0.9	0.6	1	1.0	0.727	1	0.786	0.933	16.12
862	h1	0.7	0.9	0.6	1	1.0	0.727	1	0.786	0.933	15.4
863	h1	0.7	0.9	0.6	1	1.0	0.727	1	0.271	0.764	2.59
864	h1	0.855	0.814	0.952	1	0.696	0.696	1	0.76	0.84	16.39
865	h1	0.9	0.867	1.0	1	0.727	0.727	1	0.786	0.867	22.48
866	h1	0.9	0.8	1.0	1	0.727	0.727	1	0.786	0.867	20.75
867	h1	0.9	0.881	1.0	1	0.727	0.727	1	0.786	0.709	14.15
868	h1	0.9	0.567	1.0	1	0.909	0.727	1	0.857	0.78	19.54
869	h1	1.0	0.7	1.0	1	0.909	0.727	1	0.857	0.8	27.5
870	h1	1.0	0.7	1.0	1	0.909	0.727	1	0.857	0.8	27.5
871	h1	1.0	0.7	1.0	1	0.909	0.727	1	0.857	0.549	13.15
872	h1	0.7	0.7	0.7	1	0.727	0.727	1	0.929	0.8	12.57
873	h1	0.7	0.7	0.7	1	0.727	0.727	1	0.929	0.8	12.57
874	h1	0.7	0.7	0.7	1	0.727	0.727	1	0.929	0.8	12.57
875	h1	0.7	0.7	0.7	1	0.704	0.632	1	0.929	0.59	5.45
876	h1	0.7	1.0	0.7	1	0.727	1.0	1	1.0	0.8	26.59
877	h1	0.7	1.0	0.7	1	0.727	1.0	1	1.0	0.8	26.59
878	h1	0.7	1.0	0.7	1	0.727	1.0	1	1.0	0.8	26.59
879	h1	0.7	1.0	0.7	1	0.696	0.87	1	0.929	0.6	10.77
880	h1	1.0	0.69	1.0	1	1.0	0.727	1	1.0	0.8	34.79
881	h1	1.0	0.7	1.0	1	1.0	0.727	1	1.0	0.8	35.3
882	h1	1.0	0.7	1.0	1	1.0	0.727	1	1.0	0.8	35.3
883	h1	1.0	0.7	1.0	1	1.0	0.601	1	1.0	0.574	14.59
884	h1	0.61	0.61	0.652	1	0.727	0.708	1	0.929	0.758	7.03
885	h1	0.7	0.8	0.7	1	0.727	0.727	1	0.929	0.8	12.32
886	h1	0.7	0.8	0.7	1	0.727	0.727	1	0.929	0.8	12.32
887	h1	0.7	0.8	0.581	1	0.727	0.727	1	0.929	0.723	6.44
888	h1	0.665	0.814	0.667	1	0.87	0.696	1	0.76	0.776	10.31
889	h1	0.7	0.9	0.7	1	0.909	0.727	1	0.786	0.8	14.66
890	h1	0.7	0.9	0.7	1	0.909	0.727	1	0.786	0.8	14.66
891	h1	0.7	0.9	0.7	1	0.909	0.727	1	0.786	0.655	9.09
892	h1	0.95	0.724	0.762	1	0.696	0.696	1	0.76	0.776	11.98
893	h1	1.0	0.8	0.8	1	0.727	0.727	1	0.786	0.8	17.02
894	h1	1.0	0.8	0.8	1	0.727	0.727	1	0.786	0.735	14.7
895	h1	1.0	0.8	0.8	1	0.727	0.727	1	0.214	0.218	0.56
916	h1	0.76	0.633	0.667	1	0.783	0.957	1	0.76	0.776	11.34
917	h1	0.8	0.738	0.7	1	0.771	1.0	1	0.786	0.8	16.03
918	h1	0.8	0.8	0.7	1	0.727	1.0	1	0.786	0.8	16.38
919	h1	0.8	0.729	0.7	1	0.727	1.0	1	0.786	0.8	14.63
920	h1	0.68	0.533	0.4	1	0.727	1.0	1	0.183	0.606	0.6
921	h1	0.485	0.905	0.667	1	0.783	0.783	1	0.76	0.727	7.93
922	h1	0.69	1.0	0.7	1	0.87	0.818	1	0.786	0.8	17.29
923	h1	0.7	1.0	0.7	1	0.909	0.818	1	0.786	0.8	18.33
924	h1	0.7	1.0	0.7	1	0.909	0.818	1	0.786	0.8	18.33
925	h1	0.625	0.762	0.4	1	0.909	0.818	1	0.183	0.594	0.86
926	h1	0.95	0.905	0.762	1	0.696	0.783	1	0.829	0.776	18.37
927	h1	1.0	1.0	0.8	1	0.727	0.818	1	0.857	0.8	26.09
928	h1	1.0	1.0	0.8	1	0.727	0.818	1	0.857	0.8	26.09
929	h1	1.0	1.0	0.8	1	0.727	0.818	1	0.857	0.8	26.09
930	h1	0.85	0.762	0.457	1	0.727	0.818	1	0.2	0.606	1.19
931	h1	0.76	0.633	0.952	1	0.87	0.957	1	0.76	0.776	17.99
932	h1	0.8	0.7	1.0	1	0.909	1.0	1	0.786	0.8	25.61
933	h1	0.8	0.7	1.0	1	0.909	1.0	1	0.786	0.8	25.61
934	h1	0.8	0.7	1.0	1	0.909	1.0	1	0.786	0.727	22.34
935	h1	0.68	0.533	0.571	1	0.909	1.0	1	0.183	0.303	0.49
