 ChipID Half   Layer0   Layer1  Layer2   Layer3   Layer4   Layer5   Layer6  Layer7   Layer8  Pseaudo_Eff
    344   h0 0.631579 0.842105   0.665 0.761905 0.954545 0.668182 0.740741       1 0.785714     0.100032
    345   h0 0.666667 0.888889   0.700 0.800000 1.000000 0.700000 0.769231       1 0.785714     0.140399
    346   h0 0.666667 0.888889   0.700 0.800000 1.000000 0.700000 0.769231       1 0.785714     0.140399
    347   h0 0.842105 0.842105   0.950 0.666667 0.668182 0.859091 0.740741       1 0.714286     0.136407
    348   h0 0.888889 0.888889   1.000 0.700000 0.700000 0.900000 0.769231       1 0.714286     0.191453
    349   h0 0.888889 0.888889   1.000 0.700000 0.700000 0.900000 0.769231       1 0.783410     0.209981
    350   h0 0.631579 0.947368   0.665 0.666667 0.954545 0.727273 0.740741       1 0.785714     0.107177
    351   h0 0.666667 1.000000   0.700 0.700000 1.000000 0.800000 0.769231       1 0.785714     0.157949
    352   h0 0.666667 1.000000   0.700 0.700000 1.000000 0.800000 0.769231       1 0.785714     0.157949
    353   h0 0.947368 0.631579   0.760 0.952381 0.668182 0.645455 0.740741       1 0.857143     0.118591
    354   h0 1.000000 0.666667   0.800 1.000000 0.700000 0.700000 0.769231       1 0.785714     0.157949
    355   h0 1.000000 0.666667   0.800 1.000000 0.668182 0.700000 0.769231       1 0.785714     0.150769
    392   h0 0.842105 0.631579   0.665 0.952381 0.668182 0.954545 0.814815       1 0.857143     0.150048
    393   h0 0.888889 0.666667   0.700 1.000000 0.700000 1.000000 0.846154       1 0.857143     0.210598
    394   h0 0.888889 0.666667   0.700 1.000000 0.700000 1.000000 0.846154       1 0.790323     0.194181
    395   h0 0.888889 0.666667   0.700 1.000000 0.700000 1.000000 0.846154       1 0.785714     0.193048
    396   h0 0.631579 0.947368   0.855 0.666667 0.954545 0.668182 0.962963       1 0.785714     0.164584
    397   h0 0.666667 1.000000   0.900 0.700000 1.000000 0.700000 1.000000       1 0.785714     0.231000
    398   h0 0.666667 1.000000   0.900 0.700000 1.000000 0.700000 1.000000       1 0.785714     0.231000
    399   h0 0.666667 1.000000   0.900 0.700000 1.000000 0.700000 1.000000       1 0.785714     0.231000
    400   h0 0.789474 0.614035   0.850 0.614286 0.954545 0.654545 0.649573       1 0.721198     0.074086
    401   h0 1.000000 0.777778   1.000 0.700000 1.000000 0.700000 0.769231       1 0.785714     0.230342
    402   h0 1.000000 0.777778   1.000 0.700000 1.000000 0.700000 0.769231       1 0.785714     0.230342
    403   h0 1.000000 0.777778   1.000 0.676190 1.000000 0.700000 0.769231       1 0.769585     0.217940
    404   h0 0.736842 0.666667   0.700 0.700000 0.700000 0.700000 0.746439       1 0.767281     0.067550
    405   h0 0.777778 0.666667   0.700 0.700000 0.700000 0.700000 0.769231       1 0.785714     0.075245
    406   h0 0.777778 0.666667   0.700 0.700000 0.700000 0.700000 0.769231       1 0.785714     0.075245
    407   h0 0.777778 0.666667   0.700 0.700000 0.700000 0.700000 0.769231       1 0.785714     0.075245
    408   h0 0.736842 0.947368   0.700 1.000000 0.700000 1.000000 0.746439       1 0.767281     0.195902
    409   h0 0.777778 1.000000   0.700 1.000000 0.700000 1.000000 0.769231       1 0.785714     0.230342
    410   h0 0.777778 1.000000   0.700 1.000000 0.700000 1.000000 0.769231       1 0.785714     0.230342
    411   h0 0.777778 1.000000   0.700 1.000000 0.700000 1.000000 0.769231       1 0.785714     0.230342
    412   h0 0.947368 0.654971   1.000 0.700000 1.000000 0.700000 0.712251       1 0.767281     0.166159
    413   h0 1.000000 0.666667   1.000 0.700000 1.000000 0.700000 0.769231       1 0.785714     0.197436
    414   h0 1.000000 0.666667   1.000 0.700000 1.000000 0.700000 0.769231       1 0.785714     0.197436
    415   h0 1.000000 0.666667   1.000 0.700000 1.000000 0.700000 0.769231       1 0.758065     0.190488
    416   h0 0.502924 0.684211   0.610 0.647619 0.677273 0.618182 0.888889       1 0.682028     0.034504
    417   h0 0.666667 1.000000   0.700 0.800000 0.700000 0.700000 0.923077       1 0.785714     0.132677
    418   h0 0.666667 1.000000   0.700 0.800000 0.700000 0.700000 0.923077       1 0.785714     0.132677
    419   h0 0.666667 1.000000   0.700 0.800000 0.700000 0.700000 0.923077       1 0.785714     0.132677
    420   h0 0.842105 0.947368   0.665 0.857143 0.668182 0.659091 0.740741       1 0.785714     0.116555
    421   h0 0.888889 1.000000   0.700 0.900000 0.700000 0.700000 0.769231       1 0.785714     0.165846
    422   h0 0.888889 1.000000   0.700 0.900000 0.700000 0.700000 0.769231       1 0.785714     0.165846
    423   h0 0.888889 1.000000   0.700 0.900000 0.700000 0.700000 0.769231       1 0.852535     0.179950
    424   h0 0.842105 0.631579   0.950 0.857143 0.668182 0.909091 0.740741       1 0.785714     0.153110
    425   h0 0.888889 0.666667   1.000 0.900000 0.700000 1.000000 0.769231       1 0.785714     0.225641
    426   h0 0.888889 0.666667   1.000 0.900000 0.700000 1.000000 0.769231       1 0.785714     0.225641
    427   h0 0.888889 0.666667   1.000 0.900000 0.700000 1.000000 0.569801       1 0.721198     0.153417
    448   h0 0.947368 0.631579   0.855 0.666667 0.668182 0.763636 0.814815       1 0.785714     0.111411
    449   h0 1.000000 0.666667   0.900 0.700000 0.700000 0.800000 0.846154       1 0.785714     0.156369
    450   h0 1.000000 0.666667   0.900 0.700000 0.700000 0.800000 0.846154       1 0.785714     0.156369
    451   h0 1.000000 0.666667   0.900 0.700000 0.700000 0.800000 0.846154       1 0.785714     0.156369
    452   h0 1.000000 0.666667   0.810 0.500000 0.700000 0.800000 0.532764       1 0.785714     0.063292
    453   h0 0.210526 0.947368   0.475 0.952381 0.668182 0.954545 0.279202       1 0.564516     0.009070
    454   h0 0.619883 1.000000   0.690 1.000000 0.700000 1.000000 0.769231       1 0.785714     0.180958
    455   h0 0.666667 1.000000   0.700 1.000000 0.700000 1.000000 0.769231       1 0.785714     0.197436
    456   h0 0.666667 1.000000   0.700 1.000000 0.700000 1.000000 0.769231       1 0.785714     0.197436
    457   h0 0.666667 1.000000   0.650 0.714286 0.700000 1.000000 0.740741       1 0.758065     0.121665
    458   h0 0.947368 0.736842   0.950 0.952381 0.668182 0.954545 0.923077       1 0.714286     0.265600
    459   h0 1.000000 0.777778   1.000 1.000000 0.700000 1.000000 0.923077       1 0.714286     0.358974
    460   h0 1.000000 0.777778   1.000 1.000000 0.700000 1.000000 0.923077       1 0.714286     0.358974
    461   h0 1.000000 0.777778   1.000 1.000000 0.700000 1.000000 0.923077       1 0.714286     0.358974
    462   h0 1.000000 0.777778   0.900 0.714286 0.700000 1.000000 0.581197       1 0.778802     0.158423
    463   h0 0.631579 0.631579   0.760 0.666667 0.954545 0.668182 0.740741       1 0.785714     0.075024
    464   h0 0.666667 0.666667   0.800 0.700000 1.000000 0.700000 0.769231       1 0.785714     0.105299
    465   h0 0.666667 0.666667   0.800 0.700000 1.000000 0.700000 0.769231       1 0.785714     0.105299
    466   h0 0.666667 0.666667   0.800 0.700000 1.000000 0.700000 0.769231       1 0.785714     0.105299
    467   h0 0.666667 0.666667   0.720 0.500000 1.000000 0.700000 0.484330       1 0.656682     0.035622
    812   h1 0.596491 0.947368   0.695 0.723810 0.954545 0.800000 0.769231       1 0.785714     0.131202
    813   h1 0.666667 1.000000   0.700 0.800000 1.000000 0.750000 0.769231       1 0.785714     0.169231
    814   h1 0.666667 1.000000   0.700 0.800000 1.000000 0.686364 0.769231       1 0.785714     0.154872
    815   h1 0.795322 0.736842   0.950 0.642857 0.668182 0.900000 0.769231       1 0.785714     0.130081
    816   h1 0.888889 0.777778   1.000 0.700000 0.700000 0.900000 0.769231       1 0.785714     0.184274
    817   h1 0.888889 0.777778   1.000 0.700000 0.700000 0.900000 0.769231       1 0.785714     0.184274
    818   h1 0.596491 0.947368   0.700 0.666667 0.954545 0.800000 0.769231       1 0.857143     0.132778
    819   h1 0.666667 1.000000   0.700 0.700000 1.000000 0.800000 0.769231       1 0.857143     0.172308
    820   h1 0.666667 1.000000   0.700 0.700000 1.000000 0.800000 0.769231       1 0.857143     0.172308
    821   h1 0.894737 0.631579   0.800 0.952381 0.668182 0.700000 0.769231       1 0.857143     0.132778
    822   h1 1.000000 0.666667   0.800 1.000000 0.700000 0.650000 0.769231       1 0.788018     0.147097
    823   h1 1.000000 0.666667   0.800 1.000000 0.700000 0.595455 0.769231       1 0.785714     0.134359
    860   h1 0.795322 0.631579   0.665 0.952381 0.763636 1.000000 0.846154       1 0.785714     0.161511
    861   h1 0.888889 0.666667   0.700 1.000000 0.800000 1.000000 0.846154       1 0.785714     0.220627
    862   h1 0.888889 0.666667   0.700 1.000000 0.800000 1.000000 0.846154       1 0.785714     0.220627
    863   h1 0.888889 0.666667   0.700 1.000000 0.800000 1.000000 0.846154       1 0.785714     0.220627
    864   h1 0.596491 0.947368   0.855 0.666667 0.954545 0.700000 1.000000       1 0.785714     0.169105
    865   h1 0.666667 1.000000   0.900 0.700000 1.000000 0.700000 1.000000       1 0.785714     0.231000
    866   h1 0.666667 1.000000   0.900 0.700000 1.000000 0.700000 1.000000       1 0.785714     0.231000
    867   h1 0.666667 1.000000   0.900 0.700000 1.000000 0.700000 1.000000       1 0.785714     0.231000
    868   h1 0.842105 0.573099   0.900 0.642857 0.954545 0.677273 0.683761       1 0.737327     0.091008
    869   h1 1.000000 0.777778   1.000 0.700000 1.000000 0.700000 0.769231       1 0.785714     0.230342
    870   h1 1.000000 0.777778   1.000 0.700000 1.000000 0.700000 0.769231       1 0.785714     0.230342
    871   h1 1.000000 0.777778   1.000 0.676190 1.000000 0.700000 0.769231       1 0.767281     0.217287
    872   h1 0.596491 0.666667   0.700 0.700000 0.700000 0.700000 0.757835       1 0.778802     0.056352
    873   h1 0.666667 0.666667   0.700 0.700000 0.700000 0.700000 0.769231       1 0.785714     0.064496
    874   h1 0.666667 0.666667   0.700 0.700000 0.700000 0.700000 0.769231       1 0.785714     0.064496
    875   h1 0.666667 0.666667   0.700 0.700000 0.700000 0.700000 0.769231       1 0.785714     0.064496
    876   h1 0.695906 1.000000   0.700 1.000000 0.700000 1.000000 0.769231       1 0.760369     0.199447
    877   h1 0.777778 1.000000   0.700 1.000000 0.700000 1.000000 0.769231       1 0.785714     0.230342
    878   h1 0.777778 1.000000   0.700 1.000000 0.700000 1.000000 0.769231       1 0.785714     0.230342
    879   h1 0.777778 1.000000   0.700 1.000000 0.700000 1.000000 0.769231       1 0.785714     0.230342
    880   h1 0.894737 0.649123   1.000 0.700000 1.000000 0.700000 0.814815       1 0.744240     0.172580
    881   h1 1.000000 0.666667   1.000 0.700000 1.000000 0.700000 0.846154       1 0.785714     0.217179
    882   h1 1.000000 0.666667   1.000 0.700000 1.000000 0.700000 0.769231       1 0.785714     0.197436
    883   h1 1.000000 0.666667   1.000 0.700000 1.000000 0.700000 0.769231       1 0.767281     0.192804
    884   h1 0.479532 0.736842   0.625 0.647619 0.663636 0.618182 0.925926       1 0.702765     0.038179
    885   h1 0.666667 1.000000   0.700 0.800000 0.700000 0.700000 1.000000       1 0.785714     0.143733
    886   h1 0.666667 1.000000   0.700 0.800000 0.700000 0.700000 1.000000       1 0.785714     0.143733
    887   h1 0.666667 1.000000   0.700 0.800000 0.700000 0.700000 1.000000       1 0.785714     0.143733
    888   h1 0.947368 0.947368   0.700 0.952381 0.668182 0.600000 0.769231       1 0.785714     0.144982
    889   h1 1.000000 1.000000   0.700 1.000000 0.700000 0.650000 0.769231       1 0.788018     0.193065
    890   h1 1.000000 1.000000   0.700 1.000000 0.700000 0.695455 0.769231       1 0.788018     0.206566
    891   h1 1.000000 1.000000   0.700 1.000000 0.700000 0.600000 0.769231       1 0.785714     0.177692
    892   h1 0.695906 0.631579   1.000 0.761905 0.668182 1.000000 0.769231       1 0.857143     0.147531
    893   h1 0.777778 0.666667   1.000 0.800000 0.700000 1.000000 0.769231       1 0.857143     0.191453
    894   h1 0.777778 0.666667   1.000 0.800000 0.700000 1.000000 0.769231       1 0.790323     0.176528
    895   h1 0.777778 0.666667   1.000 0.900000 0.700000 1.000000 0.555556       1 0.714286     0.129630
    916   h1 0.894737 0.631579   0.900 0.661905 0.668182 0.800000 0.846154       1 0.785714     0.119635
    917   h1 1.000000 0.666667   0.900 0.700000 0.700000 0.800000 0.846154       1 0.785714     0.156369
    918   h1 1.000000 0.666667   0.900 0.700000 0.700000 0.800000 0.846154       1 0.785714     0.156369
    919   h1 1.000000 0.666667   0.900 0.700000 0.700000 0.800000 0.846154       1 0.785714     0.156369
    920   h1 1.000000 0.666667   0.810 0.500000 0.700000 0.800000 0.532764       1 0.785714     0.063292
    921   h1 0.298246 0.947368   0.510 0.904762 0.763636 1.000000 0.307692       1 0.619816     0.018987
    922   h1 0.631579 1.000000   0.690 1.000000 0.800000 1.000000 0.769231       1 0.785714     0.210711
    923   h1 0.666667 1.000000   0.700 1.000000 0.800000 1.000000 0.769231       1 0.785714     0.225641
    924   h1 0.666667 1.000000   0.700 1.000000 0.800000 1.000000 0.769231       1 0.785714     0.225641
    925   h1 0.666667 1.000000   0.650 0.714286 0.800000 1.000000 0.740741       1 0.764977     0.140313
    926   h1 0.894737 0.631579   1.000 0.900000 0.668182 1.000000 0.923077       1 0.714286     0.224063
    927   h1 1.000000 0.666667   1.000 0.900000 0.700000 1.000000 0.923077       1 0.714286     0.276923
    928   h1 1.000000 0.666667   1.000 1.000000 0.700000 1.000000 0.923077       1 0.714286     0.307692
    929   h1 1.000000 0.666667   1.000 1.000000 0.700000 1.000000 0.923077       1 0.781106     0.336476
    930   h1 1.000000 0.666667   0.900 0.714286 0.700000 1.000000 0.547009       1 0.785714     0.128938
    931   h1 0.619883 0.736842   0.800 0.700000 0.954545 0.700000 0.769231       1 0.785714     0.103297
    932   h1 0.666667 0.777778   0.800 0.700000 1.000000 0.700000 0.769231       1 0.788018     0.123209
    933   h1 0.666667 0.777778   0.800 0.700000 1.000000 0.700000 0.769231       1 0.854839     0.133657
    934   h1 0.666667 0.777778   0.800 0.700000 1.000000 0.700000 0.769231       1 0.790323     0.123570
    935   h1 0.666667 0.777778   0.720 0.500000 1.000000 0.700000 0.455840       1 0.721198     0.042957