 ChipID Half   Layer0  Layer1   Layer2  Layer3   Layer4   Layer5   Layer6  Layer7   Layer8  Pseaudo_Eff
    344   h0 0.585938       1 0.941176       1 0.839506 0.631579 0.695652       1 0.641026     0.130389
    345   h0 0.625000       1 1.000000       1 0.888889 0.666667 0.727273       1 0.666667     0.179574
    346   h0 0.625000       1 1.000000       1 0.888889 0.666667 0.727273       1 0.714744     0.192524
    347   h0 0.937500       1 0.588235       1 0.629630 0.947368 0.782609       1 0.801282     0.206280
    348   h0 1.000000       1 0.625000       1 0.666667 1.000000 0.818182       1 0.833333     0.284091
    349   h0 1.000000       1 0.625000       1 0.666667 1.000000 0.727273       1 0.788462     0.238928
    350   h0 0.585938       1 0.941176       1 0.839506 0.894737 0.695652       1 0.961538     0.277077
    351   h0 0.625000       1 1.000000       1 0.888889 1.000000 0.727273       1 1.000000     0.404040
    352   h0 0.625000       1 1.000000       1 0.888889 1.000000 0.727273       1 1.000000     0.404040
    353   h0 0.937500       1 0.588235       1 0.839506 0.596491 0.956522       1 0.801282     0.211656
    354   h0 1.000000       1 0.625000       1 0.888889 0.666667 1.000000       1 0.833333     0.308642
    355   h0 1.000000       1 0.625000       1 0.888889 0.666667 1.000000       1 0.833333     0.308642
    392   h0 0.585938       1 0.941176       1 0.944444 0.631579 0.956522       1 0.721154     0.226908
    393   h0 0.625000       1 1.000000       1 1.000000 0.666667 1.000000       1 0.750000     0.312500
    394   h0 0.625000       1 1.000000       1 1.000000 0.666667 1.000000       1 0.750000     0.312500
    395   h0 0.625000       1 1.000000       1 1.000000 0.666667 1.000000       1 0.750000     0.312500
    396   h0 0.937500       1 0.705882       1 0.629630 0.947368 0.695652       1 0.721154     0.198029
    397   h0 1.000000       1 0.750000       1 0.666667 1.000000 0.727273       1 0.750000     0.272727
    398   h0 1.000000       1 0.750000       1 0.666667 1.000000 0.727273       1 0.750000     0.272727
    399   h0 1.000000       1 0.750000       1 0.666667 1.000000 0.727273       1 0.750000     0.272727
    400   h0 0.421875       1 0.566176       1 0.777778 0.654971 0.513834       1 0.435897     0.027253
    401   h0 0.750000       1 0.875000       1 1.000000 0.888889 0.909091       1 0.750000     0.397727
    402   h0 0.750000       1 0.875000       1 1.000000 0.888889 0.909091       1 0.750000     0.397727
    403   h0 0.750000       1 0.875000       1 1.000000 0.888889 0.909091       1 0.750000     0.397727
    404   h0 0.601562       1 0.669118       1 0.691358 0.625731 0.529644       1 0.544872     0.050252
    405   h0 0.875000       1 0.875000       1 0.777778 0.666667 0.727273       1 0.750000     0.216540
    406   h0 0.875000       1 0.875000       1 0.777778 0.666667 0.727273       1 0.750000     0.216540
    407   h0 0.875000       1 0.875000       1 0.777778 0.666667 0.727273       1 0.750000     0.216540
    408   h0 0.515625       1 0.617647       1 0.691358 0.947368 0.509881       1 0.554487     0.058974
    409   h0 0.750000       1 0.750000       1 0.777778 1.000000 0.727273       1 0.750000     0.238636
    410   h0 0.750000       1 0.750000       1 0.777778 1.000000 0.727273       1 0.750000     0.238636
    411   h0 0.750000       1 0.750000       1 0.777778 1.000000 0.727273       1 0.750000     0.238636
    412   h0 0.656250       1 0.823529       1 0.888889 0.631579 0.695652       1 0.608974     0.128533
    413   h0 0.875000       1 1.000000       1 1.000000 0.666667 1.000000       1 0.833333     0.486111
    414   h0 0.875000       1 1.000000       1 1.000000 0.666667 1.000000       1 0.833333     0.486111
    415   h0 0.875000       1 1.000000       1 1.000000 0.666667 1.000000       1 0.833333     0.486111
    416   h0 0.382812       1 0.352941       1 0.450617 0.684211 0.537549       1 0.653846     0.014641
    417   h0 0.875000       1 0.625000       1 0.666667 1.000000 0.727273       1 1.000000     0.265152
    418   h0 0.875000       1 0.625000       1 0.666667 1.000000 0.727273       1 1.000000     0.265152
    419   h0 0.875000       1 0.625000       1 0.666667 1.000000 0.727273       1 1.000000     0.265152
    420   h0 0.703125       1 0.941176       1 0.944444 0.842105 0.956522       1 0.721154     0.363052
    421   h0 0.750000       1 1.000000       1 1.000000 0.888889 1.000000       1 0.750000     0.500000
    422   h0 0.750000       1 1.000000       1 1.000000 0.888889 1.000000       1 0.750000     0.500000
    423   h0 0.750000       1 1.000000       1 1.000000 0.888889 1.000000       1 0.750000     0.500000
    424   h0 0.937500       1 0.588235       1 0.629630 0.625731 0.695652       1 0.801282     0.121108
    425   h0 1.000000       1 0.625000       1 0.666667 0.666667 0.727273       1 0.833333     0.168350
    426   h0 1.000000       1 0.625000       1 0.666667 0.666667 0.727273       1 0.750000     0.151515
    427   h0 1.000000       1 0.625000       1 0.666667 0.666667 0.727273       1 0.782051     0.157990
    448   h0 0.703125       1 0.823529       1 0.944444 0.631579 0.482213       1 0.961538     0.160148
    449   h0 0.750000       1 0.875000       1 1.000000 0.666667 0.727273       1 1.000000     0.318182
    450   h0 0.750000       1 0.875000       1 1.000000 0.666667 0.727273       1 1.000000     0.318182
    451   h0 0.750000       1 0.875000       1 1.000000 0.666667 0.727273       1 1.000000     0.318182
    452   h0 0.750000       1 0.875000       1 1.000000 0.666667 0.727273       1 1.000000     0.318182
    453   h0 0.000000       1 0.000000       1 0.104938 0.842105 0.158103       1 0.035256     0.000000
    454   h0 0.687500       1 0.573529       1 0.574074 0.888889 0.909091       1 0.916667     0.167673
    455   h0 1.000000       1 0.750000       1 0.666667 0.888889 0.909091       1 0.916667     0.370370
    456   h0 1.000000       1 0.750000       1 0.666667 0.888889 0.909091       1 0.916667     0.370370
    457   h0 1.000000       1 0.750000       1 0.666667 0.888889 0.909091       1 0.916667     0.370370
    458   h0 0.703125       1 0.941176       1 0.944444 0.631579 0.347826       1 0.801282     0.110016
    459   h0 0.750000       1 1.000000       1 1.000000 0.666667 0.695652       1 0.833333     0.289855
    460   h0 0.750000       1 1.000000       1 1.000000 0.666667 0.727273       1 0.833333     0.303030
    461   h0 0.750000       1 1.000000       1 1.000000 0.666667 0.727273       1 0.833333     0.303030
    462   h0 0.750000       1 1.000000       1 1.000000 0.666667 0.727273       1 0.833333     0.303030
    463   h0 0.820312       1 0.588235       1 0.629630 0.842105 0.782609       1 0.641026     0.128352
    464   h0 0.875000       1 0.625000       1 0.666667 0.888889 0.818182       1 0.666667     0.176768
    465   h0 0.875000       1 0.625000       1 0.666667 0.888889 0.818182       1 0.666667     0.176768
    466   h0 0.875000       1 0.625000       1 0.666667 0.888889 0.818182       1 0.666667     0.176768
    467   h0 0.875000       1 0.625000       1 0.666667 0.888889 0.818182       1 0.676282     0.179317
    812   h1 0.546875       1 0.882353       1 0.888889 0.631579 0.727273       1 0.750000     0.147762
    813   h1 0.625000       1 1.000000       1 0.777778 0.666667 0.727273       1 0.750000     0.176768
    814   h1 0.625000       1 1.000000       1 0.777778 0.666667 0.727273       1 0.750000     0.176768
    815   h1 0.875000       1 0.551471       1 0.666667 0.947368 0.818182       1 0.750000     0.187012
    816   h1 1.000000       1 0.625000       1 0.666667 1.000000 0.818182       1 0.750000     0.255682
    817   h1 1.000000       1 0.625000       1 0.666667 1.000000 0.818182       1 0.750000     0.255682
    818   h1 0.546875       1 0.941176       1 0.888889 0.947368 0.727273       1 1.000000     0.315227
    819   h1 0.625000       1 1.000000       1 0.888889 1.000000 0.727273       1 1.000000     0.404040
    820   h1 0.625000       1 1.000000       1 0.888889 1.000000 0.727273       1 1.000000     0.404040
    821   h1 0.875000       1 0.588235       1 0.777778 0.736842 1.000000       1 0.833333     0.245815
    822   h1 1.000000       1 0.625000       1 0.777778 0.754386 1.000000       1 0.833333     0.305596
    823   h1 1.000000       1 0.625000       1 0.777778 0.666667 1.000000       1 0.833333     0.270062
    860   h1 0.546875       1 0.882353       1 1.000000 0.631579 1.000000       1 0.750000     0.228570
    861   h1 0.625000       1 1.000000       1 1.000000 0.666667 1.000000       1 0.750000     0.312500
    862   h1 0.625000       1 1.000000       1 1.000000 0.666667 1.000000       1 0.750000     0.312500
    863   h1 0.625000       1 1.000000       1 1.000000 0.666667 1.000000       1 0.750000     0.312500
    864   h1 0.875000       1 0.588235       1 0.666667 0.947368 0.727273       1 0.833333     0.197017
    865   h1 1.000000       1 0.625000       1 0.666667 1.000000 0.727273       1 0.833333     0.252525
    866   h1 1.000000       1 0.625000       1 0.666667 1.000000 0.727273       1 0.833333     0.252525
    867   h1 1.000000       1 0.625000       1 0.666667 1.000000 0.727273       1 0.833333     0.252525
    868   h1 0.468750       1 0.705882       1 0.833333 0.654971 0.513834       1 0.474359     0.044019
    869   h1 0.750000       1 1.000000       1 1.000000 0.888889 0.909091       1 0.750000     0.454545
    870   h1 0.750000       1 1.000000       1 1.000000 0.888889 0.909091       1 0.750000     0.454545
    871   h1 0.750000       1 1.000000       1 1.000000 0.888889 0.909091       1 0.750000     0.454545
    872   h1 0.601562       1 0.617647       1 0.629630 0.625731 0.561265       1 0.564103     0.046347
    873   h1 0.875000       1 0.750000       1 0.666667 0.666667 0.727273       1 0.750000     0.159091
    874   h1 0.875000       1 0.750000       1 0.666667 0.666667 0.727273       1 0.750000     0.159091
    875   h1 0.875000       1 0.750000       1 0.666667 0.666667 0.727273       1 0.750000     0.159091
    876   h1 0.601562       1 0.720588       1 0.734568 0.947368 0.537549       1 0.576923     0.093552
    877   h1 0.875000       1 0.875000       1 0.777778 1.000000 0.727273       1 0.750000     0.324811
    878   h1 0.875000       1 0.875000       1 0.777778 1.000000 0.727273       1 0.750000     0.324811
    879   h1 0.875000       1 0.875000       1 0.777778 1.000000 0.727273       1 0.750000     0.324811
    880   h1 0.515625       1 0.720588       1 0.839506 0.643275 0.739130       1 0.634615     0.094118
    881   h1 0.750000       1 0.875000       1 0.888889 0.666667 1.000000       1 0.916667     0.356481
    882   h1 0.750000       1 0.875000       1 0.888889 0.666667 1.000000       1 0.916667     0.356481
    883   h1 0.750000       1 0.875000       1 0.888889 0.666667 1.000000       1 0.916667     0.356481
    884   h1 0.328125       1 0.397059       1 0.450617 0.684211 0.569170       1 0.692308     0.015828
    885   h1 0.875000       1 0.750000       1 0.666667 1.000000 0.727273       1 1.000000     0.318182
    886   h1 0.875000       1 0.750000       1 0.666667 1.000000 0.727273       1 1.000000     0.318182
    887   h1 0.875000       1 0.750000       1 0.666667 1.000000 0.727273       1 1.000000     0.318182
    888   h1 0.703125       1 0.941176       1 1.000000 0.947368 1.000000       1 0.750000     0.470201
    889   h1 0.750000       1 1.000000       1 1.000000 1.000000 1.000000       1 0.750000     0.562500
    890   h1 0.750000       1 1.000000       1 1.000000 1.000000 1.000000       1 0.801282     0.600962
    891   h1 0.750000       1 1.000000       1 1.000000 1.000000 1.000000       1 0.804487     0.603365
    892   h1 0.937500       1 0.588235       1 0.666667 0.526316 0.727273       1 0.833333     0.117272
    893   h1 1.000000       1 0.625000       1 0.666667 0.578947 0.727273       1 0.833333     0.146199
    894   h1 1.000000       1 0.625000       1 0.666667 0.666667 0.727273       1 0.785256     0.158638
    895   h1 1.000000       1 0.625000       1 0.666667 0.619883 0.727273       1 0.750000     0.140883
    916   h1 0.656250       1 0.941176       1 1.000000 0.631579 0.584980       1 1.000000     0.228197
    917   h1 0.750000       1 1.000000       1 1.000000 0.666667 0.727273       1 1.000000     0.363636
    918   h1 0.750000       1 1.000000       1 1.000000 0.666667 0.727273       1 1.000000     0.363636
    919   h1 0.750000       1 1.000000       1 1.000000 0.666667 0.727273       1 1.000000     0.363636
    920   h1 0.750000       1 1.000000       1 1.000000 0.666667 0.727273       1 1.000000     0.363636
    921   h1 0.000000       1 0.000000       1 0.222222 0.736842 0.217391       1 0.064103     0.000000
    922   h1 0.601562       1 0.573529       1 0.617284 0.777778 1.000000       1 0.833333     0.138037
    923   h1 0.875000       1 0.750000       1 0.666667 0.777778 1.000000       1 0.833333     0.283565
    924   h1 0.875000       1 0.750000       1 0.666667 0.777778 1.000000       1 0.833333     0.283565
    925   h1 0.875000       1 0.750000       1 0.666667 0.777778 1.000000       1 0.833333     0.283565
    926   h1 0.656250       1 0.875000       1 1.000000 0.631579 0.272727       1 0.750000     0.074181
    927   h1 0.750000       1 1.000000       1 1.000000 0.666667 0.707510       1 0.750000     0.265316
    928   h1 0.750000       1 1.000000       1 1.000000 0.666667 0.727273       1 0.750000     0.272727
    929   h1 0.750000       1 1.000000       1 1.000000 0.666667 0.727273       1 0.750000     0.272727
    930   h1 0.750000       1 1.000000       1 1.000000 0.666667 0.727273       1 0.750000     0.272727
    931   h1 0.875000       1 0.750000       1 0.666667 0.736842 0.818182       1 0.666667     0.175837
    932   h1 1.000000       1 0.750000       1 0.666667 0.777778 0.818182       1 0.666667     0.212121
    933   h1 1.000000       1 0.750000       1 0.666667 0.777778 0.818182       1 0.666667     0.212121
    934   h1 1.000000       1 0.750000       1 0.666667 0.777778 0.818182       1 0.695513     0.221300
    935   h1 1.000000       1 0.750000       1 0.666667 0.777778 0.818182       1 0.750000     0.238636