 ChipID Half   Layer0  Layer1   Layer2   Layer3   Layer4  Layer5   Layer6   Layer7  Layer8  Pseaudo_Eff
    344   h0 0.585938       1 0.941176 0.629630 0.839506       1 0.695652 0.958333       1     0.194330
    345   h0 0.625000       1 1.000000 0.666667 0.888889       1 0.727273 1.000000       1     0.269360
    346   h0 0.625000       1 1.000000 0.666667 0.888889       1 0.727273 1.000000       1     0.269360
    347   h0 0.937500       1 0.588235 0.944444 0.629630       1 0.782609 0.696970       1     0.178872
    348   h0 1.000000       1 0.625000 1.000000 0.666667       1 0.818182 0.727273       1     0.247934
    349   h0 1.000000       1 0.625000 1.000000 0.666667       1 0.727273 0.727273       1     0.220386
    350   h0 0.585938       1 0.941176 0.629630 0.839506       1 0.695652 0.784091       1     0.158997
    351   h0 0.625000       1 1.000000 0.666667 0.888889       1 0.727273 0.818182       1     0.220386
    352   h0 0.625000       1 1.000000 0.666667 0.888889       1 0.727273 0.818182       1     0.220386
    353   h0 0.937500       1 0.588235 0.734568 0.839506       1 0.956522 0.958333       1     0.311738
    354   h0 1.000000       1 0.625000 0.777778 0.888889       1 1.000000 1.000000       1     0.432099
    355   h0 1.000000       1 0.625000 0.777778 0.888889       1 1.000000 1.000000       1     0.432099
    392   h0 0.585938       1 0.941176 0.629630 0.944444       1 0.956522 0.696970       1     0.218621
    393   h0 0.625000       1 1.000000 0.666667 1.000000       1 1.000000 0.727273       1     0.303030
    394   h0 0.625000       1 1.000000 0.666667 1.000000       1 1.000000 0.727273       1     0.303030
    395   h0 0.625000       1 1.000000 0.666667 1.000000       1 1.000000 0.727273       1     0.303030
    396   h0 0.937500       1 0.705882 0.839506 0.629630       1 0.695652 0.696970       1     0.169597
    397   h0 1.000000       1 0.750000 0.888889 0.666667       1 0.727273 0.727273       1     0.235078
    398   h0 1.000000       1 0.750000 0.888889 0.666667       1 0.727273 0.727273       1     0.235078
    399   h0 1.000000       1 0.750000 0.888889 0.666667       1 0.727273 0.727273       1     0.235078
    400   h0 0.421875       1 0.566176 0.666667 0.777778       1 0.513834 0.515152       1     0.032784
    401   h0 0.750000       1 0.875000 1.000000 1.000000       1 0.909091 0.727273       1     0.433884
    402   h0 0.750000       1 0.875000 1.000000 1.000000       1 0.909091 0.727273       1     0.433884
    403   h0 0.750000       1 0.875000 1.000000 1.000000       1 0.909091 0.727273       1     0.433884
    404   h0 0.601562       1 0.669118 0.586420 0.691358       1 0.529644 0.647727       1     0.055985
    405   h0 0.875000       1 0.875000 0.666667 0.777778       1 0.727273 0.818182       1     0.236226
    406   h0 0.875000       1 0.875000 0.666667 0.777778       1 0.727273 0.818182       1     0.236226
    407   h0 0.875000       1 0.875000 0.666667 0.777778       1 0.727273 0.818182       1     0.236226
    408   h0 0.515625       1 0.617647 0.833333 0.691358       1 0.509881 0.750000       1     0.070166
    409   h0 0.750000       1 0.750000 1.000000 0.777778       1 0.727273 1.000000       1     0.318182
    410   h0 0.750000       1 0.750000 1.000000 0.777778       1 0.727273 1.000000       1     0.318182
    411   h0 0.750000       1 0.750000 1.000000 0.777778       1 0.727273 1.000000       1     0.318182
    412   h0 0.656250       1 0.823529 0.580247 0.888889       1 0.695652 0.575758       1     0.111645
    413   h0 0.875000       1 1.000000 0.666667 1.000000       1 1.000000 0.727273       1     0.424242
    414   h0 0.875000       1 1.000000 0.666667 1.000000       1 1.000000 0.727273       1     0.424242
    415   h0 0.875000       1 1.000000 0.666667 1.000000       1 1.000000 0.727273       1     0.424242
    416   h0 0.382812       1 0.352941 0.611111 0.450617       1 0.537549 0.469697       1     0.009394
    417   h0 0.875000       1 0.625000 1.000000 0.666667       1 0.727273 0.727273       1     0.192837
    418   h0 0.875000       1 0.625000 1.000000 0.666667       1 0.727273 0.727273       1     0.192837
    419   h0 0.875000       1 0.625000 1.000000 0.666667       1 0.727273 0.727273       1     0.192837
    420   h0 0.703125       1 0.941176 0.629630 0.944444       1 0.956522 0.696970       1     0.262346
    421   h0 0.750000       1 1.000000 0.666667 1.000000       1 1.000000 0.727273       1     0.363636
    422   h0 0.750000       1 1.000000 0.666667 1.000000       1 1.000000 0.727273       1     0.363636
    423   h0 0.750000       1 1.000000 0.666667 1.000000       1 1.000000 0.727273       1     0.363636
    424   h0 0.937500       1 0.588235 0.944444 0.629630       1 0.695652 0.696970       1     0.158997
    425   h0 1.000000       1 0.625000 1.000000 0.666667       1 0.727273 0.727273       1     0.220386
    426   h0 1.000000       1 0.625000 1.000000 0.666667       1 0.727273 0.727273       1     0.220386
    427   h0 1.000000       1 0.625000 1.000000 0.666667       1 0.727273 0.727273       1     0.220386
    448   h0 0.703125       1 0.823529 0.734568 0.944444       1 0.482213 0.958333       1     0.185642
    449   h0 0.750000       1 0.875000 0.777778 1.000000       1 0.727273 1.000000       1     0.371212
    450   h0 0.750000       1 0.875000 0.777778 1.000000       1 0.727273 1.000000       1     0.371212
    451   h0 0.750000       1 0.875000 0.777778 1.000000       1 0.727273 1.000000       1     0.371212
    452   h0 0.750000       1 0.875000 0.777778 1.000000       1 0.727273 1.000000       1     0.371212
    453   h0 0.000000       1 0.000000 0.629630 0.104938       1 0.158103 0.000000       1     0.000000
    454   h0 0.687500       1 0.573529 0.666667 0.574074       1 0.909091 0.696970       1     0.095615
    455   h0 1.000000       1 0.750000 0.666667 0.666667       1 0.909091 0.727273       1     0.220386
    456   h0 1.000000       1 0.750000 0.666667 0.666667       1 0.909091 0.727273       1     0.220386
    457   h0 1.000000       1 0.750000 0.666667 0.666667       1 0.909091 0.727273       1     0.220386
    458   h0 0.703125       1 0.941176 0.419753 0.944444       1 0.347826 0.170455       1     0.015554
    459   h0 0.750000       1 1.000000 0.617284 1.000000       1 0.695652 0.818182       1     0.263505
    460   h0 0.750000       1 1.000000 0.666667 1.000000       1 0.727273 0.818182       1     0.297521
    461   h0 0.750000       1 1.000000 0.666667 1.000000       1 0.727273 0.818182       1     0.297521
    462   h0 0.750000       1 1.000000 0.666667 1.000000       1 0.727273 0.818182       1     0.297521
    463   h0 0.820312       1 0.588235 0.944444 0.629630       1 0.782609 0.958333       1     0.215205
    464   h0 0.875000       1 0.625000 1.000000 0.666667       1 0.818182 1.000000       1     0.298295
    465   h0 0.875000       1 0.625000 1.000000 0.666667       1 0.818182 1.000000       1     0.298295
    466   h0 0.875000       1 0.625000 1.000000 0.666667       1 0.818182 1.000000       1     0.298295
    467   h0 0.875000       1 0.625000 1.000000 0.666667       1 0.818182 1.000000       1     0.298295
    812   h1 0.546875       1 0.882353 0.623457 0.888889       1 0.727273 1.000000       1     0.194483
    813   h1 0.625000       1 1.000000 0.666667 0.777778       1 0.727273 1.000000       1     0.235690
    814   h1 0.625000       1 1.000000 0.666667 0.777778       1 0.727273 1.000000       1     0.235690
    815   h1 0.875000       1 0.551471 0.944444 0.666667       1 0.818182 0.727273       1     0.180785
    816   h1 1.000000       1 0.625000 1.000000 0.666667       1 0.818182 0.727273       1     0.247934
    817   h1 1.000000       1 0.625000 1.000000 0.666667       1 0.818182 0.727273       1     0.247934
    818   h1 0.546875       1 0.941176 0.629630 0.888889       1 0.727273 0.909091       1     0.190457
    819   h1 0.625000       1 1.000000 0.666667 0.888889       1 0.727273 0.909091       1     0.244873
    820   h1 0.625000       1 1.000000 0.666667 0.888889       1 0.727273 0.909091       1     0.244873
    821   h1 0.875000       1 0.588235 0.839506 0.777778       1 1.000000 1.000000       1     0.336077
    822   h1 1.000000       1 0.625000 0.777778 0.777778       1 1.000000 1.000000       1     0.378086
    823   h1 1.000000       1 0.625000 0.777778 0.777778       1 1.000000 1.000000       1     0.378086
    860   h1 0.546875       1 0.882353 0.629630 1.000000       1 1.000000 0.727273       1     0.220960
    861   h1 0.625000       1 1.000000 0.666667 1.000000       1 1.000000 0.727273       1     0.303030
    862   h1 0.625000       1 1.000000 0.666667 1.000000       1 1.000000 0.727273       1     0.303030
    863   h1 0.625000       1 1.000000 0.666667 1.000000       1 1.000000 0.727273       1     0.303030
    864   h1 0.875000       1 0.588235 0.839506 0.666667       1 0.727273 0.818182       1     0.171411
    865   h1 1.000000       1 0.625000 0.888889 0.666667       1 0.727273 0.818182       1     0.220386
    866   h1 1.000000       1 0.625000 0.888889 0.666667       1 0.727273 0.818182       1     0.220386
    867   h1 1.000000       1 0.625000 0.888889 0.666667       1 0.727273 0.818182       1     0.220386
    868   h1 0.468750       1 0.705882 0.666667 0.833333       1 0.513834 0.575758       1     0.054383
    869   h1 0.750000       1 1.000000 1.000000 1.000000       1 0.909091 0.727273       1     0.495868
    870   h1 0.750000       1 1.000000 1.000000 1.000000       1 0.909091 0.727273       1     0.495868
    871   h1 0.750000       1 1.000000 1.000000 1.000000       1 0.909091 0.727273       1     0.495868
    872   h1 0.601562       1 0.617647 0.586420 0.629630       1 0.561265 0.647727       1     0.049874
    873   h1 0.875000       1 0.750000 0.666667 0.666667       1 0.727273 0.818182       1     0.173554
    874   h1 0.875000       1 0.750000 0.666667 0.666667       1 0.727273 0.818182       1     0.173554
    875   h1 0.875000       1 0.750000 0.666667 0.666667       1 0.727273 0.818182       1     0.173554
    876   h1 0.601562       1 0.720588 0.888889 0.734568       1 0.537549 0.791667       1     0.120450
    877   h1 0.875000       1 0.875000 1.000000 0.777778       1 0.727273 1.000000       1     0.433081
    878   h1 0.875000       1 0.875000 1.000000 0.777778       1 0.727273 1.000000       1     0.433081
    879   h1 0.875000       1 0.875000 1.000000 0.777778       1 0.727273 1.000000       1     0.433081
    880   h1 0.515625       1 0.720588 0.580247 0.839506       1 0.739130 0.568182       1     0.076009
    881   h1 0.750000       1 0.875000 0.666667 0.888889       1 1.000000 0.727273       1     0.282828
    882   h1 0.750000       1 0.875000 0.666667 0.888889       1 1.000000 0.727273       1     0.282828
    883   h1 0.750000       1 0.875000 0.666667 0.888889       1 1.000000 0.727273       1     0.282828
    884   h1 0.328125       1 0.397059 0.611111 0.450617       1 0.569170 0.500000       1     0.010210
    885   h1 0.875000       1 0.750000 1.000000 0.666667       1 0.727273 0.727273       1     0.231405
    886   h1 0.875000       1 0.750000 1.000000 0.666667       1 0.727273 0.727273       1     0.231405
    887   h1 0.875000       1 0.750000 1.000000 0.666667       1 0.727273 0.727273       1     0.231405
    888   h1 0.703125       1 0.941176 0.629630 1.000000       1 1.000000 0.727273       1     0.303030
    889   h1 0.750000       1 1.000000 0.666667 1.000000       1 1.000000 0.727273       1     0.363636
    890   h1 0.750000       1 1.000000 0.666667 1.000000       1 1.000000 0.727273       1     0.363636
    891   h1 0.750000       1 1.000000 0.666667 1.000000       1 1.000000 0.727273       1     0.363636
    892   h1 0.937500       1 0.588235 0.944444 0.666667       1 0.727273 0.727273       1     0.183655
    893   h1 1.000000       1 0.625000 1.000000 0.666667       1 0.727273 0.727273       1     0.220386
    894   h1 1.000000       1 0.625000 1.000000 0.666667       1 0.727273 0.727273       1     0.220386
    895   h1 1.000000       1 0.625000 1.000000 0.666667       1 0.727273 0.727273       1     0.220386
    916   h1 0.656250       1 0.941176 0.691358 1.000000       1 0.584980 1.000000       1     0.249795
    917   h1 0.750000       1 1.000000 0.777778 1.000000       1 0.727273 1.000000       1     0.424242
    918   h1 0.750000       1 1.000000 0.777778 1.000000       1 0.727273 1.000000       1     0.424242
    919   h1 0.750000       1 1.000000 0.777778 1.000000       1 0.727273 1.000000       1     0.424242
    920   h1 0.750000       1 1.000000 0.777778 1.000000       1 0.727273 1.000000       1     0.424242
    921   h1 0.000000       1 0.000000 0.691358 0.222222       1 0.217391 0.117424       1     0.000000
    922   h1 0.601562       1 0.573529 0.777778 0.617284       1 1.000000 0.700758       1     0.116077
    923   h1 0.875000       1 0.750000 0.777778 0.666667       1 1.000000 0.727273       1     0.247475
    924   h1 0.875000       1 0.750000 0.777778 0.666667       1 1.000000 0.727273       1     0.247475
    925   h1 0.875000       1 0.750000 0.777778 0.666667       1 1.000000 0.727273       1     0.247475
    926   h1 0.656250       1 0.875000 0.419753 1.000000       1 0.272727 0.227273       1     0.014940
    927   h1 0.750000       1 1.000000 0.617284 1.000000       1 0.707510 0.909091       1     0.297774
    928   h1 0.750000       1 1.000000 0.666667 1.000000       1 0.727273 0.909091       1     0.330579
    929   h1 0.750000       1 1.000000 0.666667 1.000000       1 0.727273 0.909091       1     0.330579
    930   h1 0.750000       1 1.000000 0.666667 1.000000       1 0.727273 0.909091       1     0.330579
    931   h1 0.875000       1 0.750000 0.944444 0.666667       1 0.818182 1.000000       1     0.338068
    932   h1 1.000000       1 0.750000 1.000000 0.666667       1 0.818182 1.000000       1     0.409091
    933   h1 1.000000       1 0.750000 1.000000 0.666667       1 0.818182 1.000000       1     0.409091
    934   h1 1.000000       1 0.750000 1.000000 0.666667       1 0.818182 1.000000       1     0.409091
    935   h1 1.000000       1 0.750000 1.000000 0.666667       1 0.818182 1.000000       1     0.409091