 ChipID Half   Layer0  Layer1   Layer2   Layer3  Layer4   Layer5   Layer6   Layer7  Layer8  Pseaudo_Eff
    332   h0 0.937500       1 0.941176 0.629630       1 0.947368 0.784091 0.696970       1     0.287625
    333   h0 1.000000       1 1.000000 0.666667       1 1.000000 0.818182 0.727273       1     0.396694
    334   h0 1.000000       1 1.000000 0.666667       1 1.000000 0.818182 0.727273       1     0.396694
    335   h0 0.585938       1 0.588235 0.944444       1 0.631579 0.958333 0.696970       1     0.137321
    336   h0 0.625000       1 0.625000 1.000000       1 0.666667 1.000000 0.727273       1     0.189394
    337   h0 0.625000       1 0.625000 1.000000       1 0.666667 1.000000 0.727273       1     0.189394
    338   h0 0.585938       1 0.941176 0.629630       1 0.894737 0.696970 0.958333       1     0.207507
    339   h0 0.625000       1 1.000000 0.666667       1 1.000000 0.727273 1.000000       1     0.303030
    340   h0 0.625000       1 1.000000 0.666667       1 1.000000 0.818182 1.000000       1     0.340909
    341   h0 0.937500       1 0.588235 0.944444       1 0.596491 0.958333 0.784091       1     0.233446
    342   h0 1.000000       1 0.625000 1.000000       1 0.666667 1.000000 0.818182       1     0.340909
    343   h0 1.000000       1 0.625000 1.000000       1 0.666667 1.000000 0.818182       1     0.340909
    356   h0 0.937500       1 0.941176 0.629630       1 0.736842 0.696970 0.784091       1     0.223708
    357   h0 1.000000       1 1.000000 0.666667       1 0.777778 0.727273 0.818182       1     0.308540
    358   h0 1.000000       1 1.000000 0.666667       1 0.777778 0.727273 0.818182       1     0.308540
    359   h0 1.000000       1 1.000000 0.666667       1 0.777778 0.727273 0.818182       1     0.308540
    360   h0 0.585938       1 0.588235 0.944444       1 0.947368 0.696970 0.958333       1     0.205981
    361   h0 0.625000       1 0.625000 1.000000       1 1.000000 0.727273 1.000000       1     0.284091
    362   h0 0.625000       1 0.625000 1.000000       1 1.000000 0.727273 1.000000       1     0.284091
    363   h0 0.625000       1 0.625000 1.000000       1 1.000000 0.727273 1.000000       1     0.284091
    364   h0 0.500000       1 0.588235 0.419753       1 0.502924 0.424242 0.647727       1     0.017062
    365   h0 1.000000       1 1.000000 0.666667       1 0.666667 0.727273 0.818182       1     0.264463
    366   h0 1.000000       1 1.000000 0.666667       1 0.666667 0.727273 0.818182       1     0.264463
    367   h0 1.000000       1 1.000000 0.666667       1 0.666667 0.727273 0.818182       1     0.264463
    368   h0 0.429688       1 0.492647 0.790123       1 0.947368 0.537879 0.750000       1     0.063922
    369   h0 0.625000       1 0.625000 0.888889       1 1.000000 0.727273 1.000000       1     0.252525
    370   h0 0.625000       1 0.625000 0.888889       1 1.000000 0.727273 1.000000       1     0.252525
    371   h0 0.625000       1 0.625000 0.888889       1 1.000000 0.727273 1.000000       1     0.252525
    372   h0 0.750000       1 0.823529 0.691358       1 0.736842 0.750000 0.545455       1     0.128718
    373   h0 1.000000       1 1.000000 0.777778       1 0.777778 1.000000 0.727273       1     0.439955
    374   h0 1.000000       1 1.000000 0.777778       1 0.777778 1.000000 0.727273       1     0.439955
    375   h0 1.000000       1 1.000000 0.777778       1 0.777778 1.000000 0.727273       1     0.439955
    376   h0 0.460938       1 0.514706 0.648148       1 0.631579 0.613636 0.575758       1     0.034313
    377   h0 0.625000       1 0.625000 0.777778       1 0.666667 0.818182 0.727273       1     0.120523
    378   h0 0.625000       1 0.625000 0.777778       1 0.666667 0.818182 0.727273       1     0.120523
    379   h0 0.625000       1 0.625000 0.777778       1 0.666667 0.818182 0.727273       1     0.120523
    380   h0 0.562500       1 0.647059 0.722222       1 0.789474 0.545455 0.424242       1     0.048023
    381   h0 1.000000       1 1.000000 1.000000       1 1.000000 0.727273 0.727273       1     0.528926
    382   h0 1.000000       1 1.000000 1.000000       1 1.000000 0.727273 0.727273       1     0.528926
    383   h0 1.000000       1 1.000000 1.000000       1 1.000000 0.727273 0.727273       1     0.528926
    384   h0 0.585938       1 0.823529 0.629630       1 0.631579 0.784091 0.696970       1     0.104863
    385   h0 0.625000       1 0.875000 0.666667       1 0.666667 0.727273 0.727273       1     0.128558
    386   h0 0.625000       1 0.875000 0.666667       1 0.666667 0.727273 0.727273       1     0.128558
    387   h0 0.625000       1 0.875000 0.666667       1 0.666667 0.727273 0.727273       1     0.128558
    388   h0 0.937500       1 0.705882 0.944444       1 0.736842 0.696970 0.696970       1     0.223708
    389   h0 1.000000       1 0.750000 1.000000       1 0.777778 0.727273 0.727273       1     0.308540
    390   h0 1.000000       1 0.750000 1.000000       1 0.777778 0.727273 0.727273       1     0.308540
    391   h0 1.000000       1 0.750000 1.000000       1 0.777778 0.727273 0.727273       1     0.308540
    428   h0 0.937500       1 0.941176 0.629630       1 0.631579 0.871212 0.696970       1     0.213056
    429   h0 1.000000       1 1.000000 0.666667       1 0.666667 0.909091 0.727273       1     0.293848
    430   h0 1.000000       1 1.000000 0.666667       1 0.666667 0.909091 0.727273       1     0.293848
    431   h0 1.000000       1 1.000000 0.666667       1 0.666667 0.909091 0.727273       1     0.293848
    432   h0 1.000000       1 1.000000 0.666667       1 0.666667 0.909091 0.727273       1     0.293848
    433   h0 0.000000       1 0.235294 0.944444       1 0.947368 0.189394 0.435606       1     0.000000
    434   h0 0.429688       1 0.536765 1.000000       1 1.000000 0.909091 0.715909       1     0.150107
    435   h0 0.625000       1 0.625000 1.000000       1 1.000000 0.909091 0.727273       1     0.258264
    436   h0 0.625000       1 0.625000 1.000000       1 1.000000 0.909091 0.727273       1     0.258264
    437   h0 0.625000       1 0.625000 1.000000       1 1.000000 0.909091 0.727273       1     0.258264
    438   h0 0.468750       1 0.705882 0.104938       1 0.315789 0.000000 0.208333       1     0.000000
    439   h0 0.578125       1 0.750000 0.543210       1 0.614035 0.666667 1.000000       1     0.096417
    440   h0 0.625000       1 0.750000 0.666667       1 0.666667 0.727273 1.000000       1     0.151515
    441   h0 0.625000       1 0.750000 0.666667       1 0.666667 0.727273 1.000000       1     0.151515
    442   h0 0.625000       1 0.750000 0.666667       1 0.666667 0.727273 1.000000       1     0.151515
    443   h0 0.937500       1 0.823529 0.944444       1 0.947368 0.958333 0.784091       1     0.519073
    444   h0 1.000000       1 0.875000 1.000000       1 1.000000 1.000000 0.818182       1     0.715909
    445   h0 1.000000       1 0.875000 1.000000       1 1.000000 1.000000 0.818182       1     0.715909
    446   h0 1.000000       1 0.875000 1.000000       1 1.000000 1.000000 0.818182       1     0.715909
    447   h0 1.000000       1 0.875000 1.000000       1 1.000000 1.000000 0.727273       1     0.636364
    800   h1 0.937500       1 0.941176 0.592593       1 0.947368 0.871212 0.727273       1     0.313862
    801   h1 1.000000       1 1.000000 0.666667       1 1.000000 0.909091 0.727273       1     0.440771
    802   h1 1.000000       1 1.000000 0.666667       1 1.000000 0.909091 0.727273       1     0.440771
    803   h1 0.585938       1 0.588235 0.944444       1 0.631579 0.958333 0.727273       1     0.143291
    804   h1 0.625000       1 0.625000 1.000000       1 0.666667 1.000000 0.727273       1     0.189394
    805   h1 0.625000       1 0.625000 1.000000       1 0.666667 1.000000 0.727273       1     0.189394
    806   h1 0.601562       1 0.875000 0.629630       1 0.842105 0.784091 1.000000       1     0.218830
    807   h1 0.625000       1 0.875000 0.666667       1 0.918129 0.818182 1.000000       1     0.273874
    808   h1 0.625000       1 0.875000 0.666667       1 1.000000 0.818182 1.000000       1     0.298295
    809   h1 0.937500       1 0.750000 0.944444       1 0.736842 0.958333 0.727273       1     0.341034
    810   h1 1.000000       1 0.750000 1.000000       1 0.748538 1.000000 0.727273       1     0.408293
    811   h1 1.000000       1 0.750000 1.000000       1 0.666667 1.000000 0.727273       1     0.363636
    824   h1 0.937500       1 0.941176 0.629630       1 0.736842 0.696970 0.909091       1     0.259372
    825   h1 1.000000       1 1.000000 0.666667       1 0.777778 0.727273 0.909091       1     0.342822
    826   h1 1.000000       1 1.000000 0.666667       1 0.777778 0.727273 0.909091       1     0.342822
    827   h1 1.000000       1 1.000000 0.666667       1 0.777778 0.727273 0.909091       1     0.342822
    828   h1 0.585938       1 0.595588 0.944444       1 0.947368 0.696970 1.000000       1     0.217624
    829   h1 0.625000       1 0.625000 1.000000       1 1.000000 0.727273 1.000000       1     0.284091
    830   h1 0.625000       1 0.625000 1.000000       1 1.000000 0.727273 1.000000       1     0.284091
    831   h1 0.625000       1 0.625000 1.000000       1 1.000000 0.727273 1.000000       1     0.284091
    832   h1 0.562500       1 0.588235 0.450617       1 0.461988 0.469697 0.719697       1     0.023285
    833   h1 1.000000       1 1.000000 0.666667       1 0.666667 0.727273 0.909091       1     0.293848
    834   h1 1.000000       1 1.000000 0.666667       1 0.666667 0.727273 0.909091       1     0.293848
    835   h1 1.000000       1 1.000000 0.666667       1 0.666667 0.727273 0.909091       1     0.293848
    836   h1 0.453125       1 0.544118 0.790123       1 0.842105 0.568182 0.791667       1     0.073791
    837   h1 0.625000       1 0.625000 0.888889       1 0.888889 0.727273 1.000000       1     0.224467
    838   h1 0.625000       1 0.625000 0.888889       1 0.888889 0.727273 1.000000       1     0.224467
    839   h1 0.625000       1 0.625000 0.888889       1 0.888889 0.727273 1.000000       1     0.224467
    840   h1 0.687500       1 0.882353 0.691358       1 0.842105 0.750000 0.579545       1     0.153509
    841   h1 1.000000       1 1.000000 0.777778       1 0.888889 1.000000 0.727273       1     0.502806
    842   h1 1.000000       1 1.000000 0.777778       1 0.888889 1.000000 0.727273       1     0.502806
    843   h1 1.000000       1 1.000000 0.777778       1 0.888889 1.000000 0.727273       1     0.502806
    844   h1 0.460938       1 0.544118 0.691358       1 0.637427 0.613636 0.598485       1     0.040591
    845   h1 0.625000       1 0.625000 0.777778       1 0.666667 0.818182 0.727273       1     0.120523
    846   h1 0.625000       1 0.625000 0.777778       1 0.666667 0.818182 0.727273       1     0.120523
    847   h1 0.625000       1 0.625000 0.777778       1 0.666667 0.818182 0.727273       1     0.120523
    848   h1 0.500000       1 0.647059 0.777778       1 0.842105 0.515152 0.511364       1     0.055821
    849   h1 1.000000       1 1.000000 1.000000       1 1.000000 0.727273 0.818182       1     0.595041
    850   h1 1.000000       1 1.000000 1.000000       1 1.000000 0.727273 0.818182       1     0.595041
    851   h1 1.000000       1 1.000000 1.000000       1 1.000000 0.727273 0.818182       1     0.595041
    852   h1 0.617188       1 0.750000 0.629630       1 0.631579 0.696970 0.727273       1     0.093304
    853   h1 0.625000       1 0.750000 0.666667       1 0.666667 0.727273 0.727273       1     0.110193
    854   h1 0.625000       1 0.750000 0.666667       1 0.666667 0.727273 0.727273       1     0.110193
    855   h1 0.625000       1 0.750000 0.666667       1 0.666667 0.727273 0.727273       1     0.110193
    856   h1 1.000000       1 0.875000 0.944444       1 0.736842 0.696970 0.727273       1     0.308653
    857   h1 1.000000       1 0.875000 1.000000       1 0.777778 0.727273 0.818182       1     0.404959
    858   h1 1.000000       1 0.875000 1.000000       1 0.777778 0.727273 0.818182       1     0.404959
    859   h1 1.000000       1 0.875000 1.000000       1 0.777778 0.727273 0.818182       1     0.404959
    896   h1 0.937500       1 1.000000 0.604938       1 0.631579 0.958333 0.727273       1     0.249646
    897   h1 1.000000       1 1.000000 0.666667       1 0.666667 1.000000 0.727273       1     0.323232
    898   h1 1.000000       1 1.000000 0.666667       1 0.666667 1.000000 0.727273       1     0.323232
    899   h1 1.000000       1 1.000000 0.666667       1 0.666667 1.000000 0.727273       1     0.323232
    900   h1 1.000000       1 1.000000 0.666667       1 0.666667 1.000000 0.727273       1     0.323232
    901   h1 0.117188       1 0.375000 0.888889       1 0.947368 0.189394 0.465909       1     0.003265
    902   h1 0.468750       1 0.580882 1.000000       1 1.000000 0.909091 0.727273       1     0.180026
    903   h1 0.625000       1 0.625000 1.000000       1 1.000000 0.909091 0.727273       1     0.258264
    904   h1 0.625000       1 0.625000 1.000000       1 1.000000 0.909091 0.727273       1     0.258264
    905   h1 0.625000       1 0.625000 1.000000       1 1.000000 0.909091 0.727273       1     0.258264
    906   h1 0.468750       1 0.625000 0.104938       1 0.315789 0.000000 0.250000       1     0.000000
    907   h1 0.578125       1 0.625000 0.574074       1 0.631579 0.666667 1.000000       1     0.087339
    908   h1 0.625000       1 0.625000 0.666667       1 0.666667 0.727273 1.000000       1     0.126263
    909   h1 0.625000       1 0.625000 0.666667       1 0.666667 0.727273 1.000000       1     0.126263
    910   h1 0.625000       1 0.625000 0.666667       1 0.666667 0.727273 1.000000       1     0.126263
    911   h1 0.937500       1 1.000000 0.944444       1 0.947368 0.958333 0.727273       1     0.584629
    912   h1 1.000000       1 1.000000 1.000000       1 1.000000 1.000000 0.727273       1     0.727273
    913   h1 1.000000       1 1.000000 1.000000       1 1.000000 1.000000 0.727273       1     0.727273
    914   h1 1.000000       1 1.000000 1.000000       1 1.000000 1.000000 0.727273       1     0.727273
    915   h1 1.000000       1 1.000000 1.000000       1 1.000000 1.000000 0.727273       1     0.727273