 ChipID Half  Layer0   Layer1  Layer2   Layer3   Layer4   Layer5   Layer6   Layer7  Layer8  Pseaudo_Eff
    332   h0       1 0.705882       1 0.629630 0.631579 0.947368 0.784091 0.696970       1     0.145326
    333   h0       1 0.750000       1 0.666667 0.666667 1.000000 0.818182 0.727273       1     0.198347
    334   h0       1 0.750000       1 0.666667 0.666667 1.000000 0.818182 0.727273       1     0.198347
    335   h0       1 0.823529       1 0.944444 0.947368 0.631579 0.958333 0.696970       1     0.310837
    336   h0       1 0.875000       1 1.000000 1.000000 0.666667 1.000000 0.727273       1     0.424242
    337   h0       1 0.875000       1 1.000000 1.000000 0.666667 1.000000 0.727273       1     0.424242
    338   h0       1 0.705882       1 0.629630 0.947368 0.894737 0.696970 0.958333       1     0.251630
    339   h0       1 0.750000       1 0.666667 1.000000 1.000000 0.727273 1.000000       1     0.363636
    340   h0       1 0.750000       1 0.666667 1.000000 1.000000 0.818182 1.000000       1     0.409091
    341   h0       1 0.941176       1 0.944444 0.631579 0.596491 0.958333 0.784091       1     0.251630
    342   h0       1 1.000000       1 1.000000 0.666667 0.666667 1.000000 0.818182       1     0.363636
    343   h0       1 1.000000       1 1.000000 0.666667 0.666667 1.000000 0.818182       1     0.363636
    356   h0       1 0.705882       1 0.629630 0.631579 0.736842 0.696970 0.784091       1     0.113032
    357   h0       1 0.750000       1 0.666667 0.666667 0.777778 0.727273 0.818182       1     0.154270
    358   h0       1 0.750000       1 0.666667 0.666667 0.777778 0.727273 0.818182       1     0.154270
    359   h0       1 0.750000       1 0.666667 0.666667 0.777778 0.727273 0.818182       1     0.154270
    360   h0       1 0.823529       1 0.944444 0.736842 0.947368 0.696970 0.958333       1     0.362643
    361   h0       1 0.875000       1 1.000000 0.777778 1.000000 0.727273 1.000000       1     0.494949
    362   h0       1 0.875000       1 1.000000 0.777778 1.000000 0.727273 1.000000       1     0.494949
    363   h0       1 0.875000       1 1.000000 0.777778 1.000000 0.727273 1.000000       1     0.494949
    364   h0       1 0.411765       1 0.419753 0.684211 0.502924 0.424242 0.647727       1     0.016343
    365   h0       1 0.875000       1 0.666667 1.000000 0.666667 0.727273 0.818182       1     0.231405
    366   h0       1 0.875000       1 0.666667 1.000000 0.666667 0.727273 0.818182       1     0.231405
    367   h0       1 0.875000       1 0.666667 1.000000 0.666667 0.727273 0.818182       1     0.231405
    368   h0       1 0.669118       1 0.790123 0.619883 0.947368 0.537879 0.750000       1     0.125248
    369   h0       1 0.875000       1 0.888889 0.666667 1.000000 0.727273 1.000000       1     0.377104
    370   h0       1 0.875000       1 0.888889 0.666667 1.000000 0.727273 1.000000       1     0.377104
    371   h0       1 0.875000       1 0.888889 0.666667 1.000000 0.727273 1.000000       1     0.377104
    372   h0       1 0.669118       1 0.691358 0.894737 0.736842 0.750000 0.545455       1     0.124766
    373   h0       1 0.875000       1 0.777778 1.000000 0.777778 1.000000 0.727273       1     0.384961
    374   h0       1 0.875000       1 0.777778 1.000000 0.777778 1.000000 0.727273       1     0.384961
    375   h0       1 0.875000       1 0.777778 1.000000 0.777778 1.000000 0.727273       1     0.384961
    376   h0       1 0.573529       1 0.648148 0.631579 0.631579 0.613636 0.575758       1     0.052389
    377   h0       1 0.750000       1 0.777778 0.666667 0.666667 0.818182 0.727273       1     0.154270
    378   h0       1 0.750000       1 0.777778 0.666667 0.666667 0.818182 0.727273       1     0.154270
    379   h0       1 0.750000       1 0.777778 0.666667 0.666667 0.818182 0.727273       1     0.154270
    380   h0       1 0.566176       1 0.722222 0.573099 0.789474 0.545455 0.424242       1     0.042812
    381   h0       1 0.875000       1 1.000000 0.777778 1.000000 0.727273 0.727273       1     0.359963
    382   h0       1 0.875000       1 1.000000 0.777778 1.000000 0.727273 0.727273       1     0.359963
    383   h0       1 0.875000       1 1.000000 0.777778 1.000000 0.727273 0.727273       1     0.359963
    384   h0       1 0.705882       1 0.629630 0.947368 0.631579 0.784091 0.696970       1     0.145326
    385   h0       1 0.750000       1 0.666667 1.000000 0.666667 0.727273 0.727273       1     0.176309
    386   h0       1 0.750000       1 0.666667 1.000000 0.666667 0.727273 0.727273       1     0.176309
    387   h0       1 0.750000       1 0.666667 1.000000 0.666667 0.727273 0.727273       1     0.176309
    388   h0       1 0.941176       1 0.944444 0.631579 0.736842 0.696970 0.696970       1     0.200945
    389   h0       1 1.000000       1 1.000000 0.666667 0.777778 0.727273 0.727273       1     0.274258
    390   h0       1 1.000000       1 1.000000 0.666667 0.777778 0.727273 0.727273       1     0.274258
    391   h0       1 0.875000       1 1.000000 0.666667 0.777778 0.727273 0.727273       1     0.239976
    428   h0       1 0.823529       1 0.629630 0.842105 0.631579 0.871212 0.696970       1     0.167454
    429   h0       1 0.875000       1 0.666667 0.888889 0.666667 0.909091 0.727273       1     0.228548
    430   h0       1 0.875000       1 0.666667 0.888889 0.666667 0.909091 0.727273       1     0.228548
    431   h0       1 0.875000       1 0.666667 0.888889 0.666667 0.909091 0.727273       1     0.228548
    432   h0       1 0.875000       1 0.666667 0.888889 0.666667 0.909091 0.727273       1     0.228548
    433   h0       1 0.823529       1 0.944444 0.526316 0.947368 0.189394 0.435606       1     0.031995
    434   h0       1 0.875000       1 1.000000 0.649123 1.000000 0.909091 0.715909       1     0.369658
    435   h0       1 0.875000       1 1.000000 0.666667 1.000000 0.909091 0.727273       1     0.385675
    436   h0       1 0.875000       1 1.000000 0.666667 1.000000 0.909091 0.727273       1     0.385675
    437   h0       1 0.875000       1 1.000000 0.666667 1.000000 0.909091 0.727273       1     0.385675
    438   h0       1 0.000000       1 0.104938 0.842105 0.315789 0.000000 0.208333       1     0.000000
    439   h0       1 0.529412       1 0.543210 0.888889 0.614035 0.666667 1.000000       1     0.104643
    440   h0       1 0.750000       1 0.666667 0.888889 0.666667 0.727273 1.000000       1     0.215488
    441   h0       1 0.750000       1 0.666667 0.888889 0.666667 0.727273 1.000000       1     0.215488
    442   h0       1 0.750000       1 0.666667 0.888889 0.666667 0.727273 1.000000       1     0.215488
    443   h0       1 0.823529       1 0.944444 0.631579 0.947368 0.958333 0.784091       1     0.349692
    444   h0       1 0.875000       1 1.000000 0.666667 1.000000 1.000000 0.818182       1     0.477273
    445   h0       1 0.875000       1 1.000000 0.666667 1.000000 1.000000 0.818182       1     0.477273
    446   h0       1 0.875000       1 1.000000 0.666667 1.000000 1.000000 0.818182       1     0.477273
    447   h0       1 0.875000       1 1.000000 0.666667 1.000000 1.000000 0.727273       1     0.424242
    800   h1       1 0.661765       1 0.592593 0.631579 0.947368 0.871212 0.727273       1     0.148671
    801   h1       1 0.750000       1 0.666667 0.666667 1.000000 0.909091 0.727273       1     0.220386
    802   h1       1 0.750000       1 0.666667 0.666667 1.000000 0.909091 0.727273       1     0.220386
    803   h1       1 0.882353       1 0.944444 0.947368 0.631579 0.958333 0.727273       1     0.347520
    804   h1       1 1.000000       1 1.000000 1.000000 0.666667 1.000000 0.727273       1     0.484848
    805   h1       1 1.000000       1 1.000000 1.000000 0.666667 1.000000 0.727273       1     0.484848
    806   h1       1 0.661765       1 0.629630 0.947368 0.842105 0.784091 1.000000       1     0.260640
    807   h1       1 0.750000       1 0.666667 1.000000 0.918129 0.818182 1.000000       1     0.375598
    808   h1       1 0.750000       1 0.666667 1.000000 1.000000 0.818182 1.000000       1     0.409091
    809   h1       1 0.772059       1 0.944444 0.631579 0.736842 0.958333 0.727273       1     0.236506
    810   h1       1 0.875000       1 1.000000 0.666667 0.748538 1.000000 0.727273       1     0.317562
    811   h1       1 0.875000       1 1.000000 0.666667 0.666667 1.000000 0.727273       1     0.282828
    824   h1       1 0.661765       1 0.629630 0.631579 0.736842 0.696970 0.909091       1     0.122860
    825   h1       1 0.750000       1 0.666667 0.666667 0.777778 0.727273 0.909091       1     0.171411
    826   h1       1 0.750000       1 0.666667 0.666667 0.777778 0.727273 0.909091       1     0.171411
    827   h1       1 0.750000       1 0.666667 0.666667 0.777778 0.727273 0.909091       1     0.171411
    828   h1       1 0.772059       1 0.944444 0.842105 0.947368 0.696970 1.000000       1     0.405439
    829   h1       1 1.000000       1 1.000000 0.888889 1.000000 0.727273 1.000000       1     0.646465
    830   h1       1 1.000000       1 1.000000 0.888889 1.000000 0.727273 1.000000       1     0.646465
    831   h1       1 1.000000       1 1.000000 0.888889 1.000000 0.727273 1.000000       1     0.646465
    832   h1       1 0.308824       1 0.450617 0.684211 0.461988 0.469697 0.719697       1     0.014870
    833   h1       1 0.750000       1 0.666667 1.000000 0.666667 0.727273 0.909091       1     0.220386
    834   h1       1 0.750000       1 0.666667 1.000000 0.666667 0.727273 0.909091       1     0.220386
    835   h1       1 0.750000       1 0.666667 1.000000 0.666667 0.727273 0.909091       1     0.220386
    836   h1       1 0.617647       1 0.790123 0.631579 0.842105 0.568182 0.791667       1     0.116751
    837   h1       1 0.875000       1 0.888889 0.666667 0.888889 0.727273 1.000000       1     0.335204
    838   h1       1 0.875000       1 0.888889 0.666667 0.888889 0.727273 1.000000       1     0.335204
    839   h1       1 0.875000       1 0.888889 0.666667 0.888889 0.727273 1.000000       1     0.335204
    840   h1       1 0.573529       1 0.691358 0.947368 0.842105 0.750000 0.579545       1     0.137497
    841   h1       1 0.750000       1 0.777778 1.000000 0.888889 1.000000 0.727273       1     0.377104
    842   h1       1 0.750000       1 0.777778 1.000000 0.888889 1.000000 0.727273       1     0.377104
    843   h1       1 0.750000       1 0.777778 1.000000 0.888889 1.000000 0.727273       1     0.377104
    844   h1       1 0.669118       1 0.691358 0.631579 0.637427 0.613636 0.598485       1     0.068396
    845   h1       1 0.875000       1 0.777778 0.666667 0.666667 0.818182 0.727273       1     0.179982
    846   h1       1 0.875000       1 0.777778 0.666667 0.666667 0.818182 0.727273       1     0.179982
    847   h1       1 0.875000       1 0.777778 0.666667 0.666667 0.818182 0.727273       1     0.179982
    848   h1       1 0.566176       1 0.777778 0.654971 0.842105 0.515152 0.511364       1     0.063982
    849   h1       1 0.875000       1 1.000000 0.888889 1.000000 0.727273 0.818182       1     0.462810
    850   h1       1 0.875000       1 1.000000 0.888889 1.000000 0.727273 0.818182       1     0.462810
    851   h1       1 0.875000       1 1.000000 0.888889 1.000000 0.727273 0.818182       1     0.462810
    852   h1       1 0.772059       1 0.629630 0.947368 0.631579 0.696970 0.727273       1     0.147433
    853   h1       1 0.875000       1 0.666667 1.000000 0.666667 0.727273 0.727273       1     0.205693
    854   h1       1 0.875000       1 0.666667 1.000000 0.666667 0.727273 0.727273       1     0.205693
    855   h1       1 0.875000       1 0.666667 1.000000 0.666667 0.727273 0.727273       1     0.205693
    856   h1       1 0.772059       1 0.944444 0.631579 0.736842 0.696970 0.727273       1     0.172005
    857   h1       1 0.875000       1 1.000000 0.666667 0.777778 0.727273 0.818182       1     0.269972
    858   h1       1 0.875000       1 1.000000 0.666667 0.777778 0.727273 0.818182       1     0.269972
    859   h1       1 0.875000       1 1.000000 0.666667 0.777778 0.727273 0.818182       1     0.269972
    896   h1       1 0.661765       1 0.604938 0.842105 0.631579 0.958333 0.727273       1     0.148396
    897   h1       1 0.750000       1 0.666667 0.888889 0.666667 1.000000 0.727273       1     0.215488
    898   h1       1 0.750000       1 0.666667 0.888889 0.666667 1.000000 0.727273       1     0.215488
    899   h1       1 0.750000       1 0.666667 0.888889 0.666667 1.000000 0.727273       1     0.215488
    900   h1       1 0.750000       1 0.666667 0.888889 0.666667 1.000000 0.727273       1     0.215488
    901   h1       1 0.772059       1 0.888889 0.526316 0.947368 0.189394 0.465909       1     0.030195
    902   h1       1 0.875000       1 1.000000 0.649123 1.000000 0.909091 0.727273       1     0.375526
    903   h1       1 0.875000       1 1.000000 0.666667 1.000000 0.909091 0.727273       1     0.385675
    904   h1       1 0.875000       1 1.000000 0.666667 1.000000 0.909091 0.727273       1     0.385675
    905   h1       1 0.875000       1 1.000000 0.666667 1.000000 0.909091 0.727273       1     0.385675
    906   h1       1 0.000000       1 0.104938 0.842105 0.315789 0.000000 0.250000       1     0.000000
    907   h1       1 0.617647       1 0.574074 0.888889 0.631579 0.666667 1.000000       1     0.132706
    908   h1       1 0.875000       1 0.666667 0.888889 0.666667 0.727273 1.000000       1     0.251403
    909   h1       1 0.875000       1 0.666667 0.888889 0.666667 0.727273 1.000000       1     0.251403
    910   h1       1 0.875000       1 0.666667 0.888889 0.666667 0.727273 1.000000       1     0.251403
    911   h1       1 0.772059       1 0.944444 0.631579 0.947368 0.958333 0.727273       1     0.304080
    912   h1       1 0.875000       1 1.000000 0.666667 1.000000 1.000000 0.727273       1     0.424242
    913   h1       1 0.875000       1 1.000000 0.666667 1.000000 1.000000 0.727273       1     0.424242
    914   h1       1 0.875000       1 1.000000 0.666667 1.000000 1.000000 0.727273       1     0.424242
    915   h1       1 0.875000       1 1.000000 0.666667 1.000000 1.000000 0.727273       1     0.424242