 ChipID Half   Layer0   Layer1   Layer2  Layer3  Layer4   Layer5  Layer6   Layer7   Layer8  Pseaudo_Eff
    344   h0 0.585938 0.937500 0.941176       1       1 0.631579       1 0.958333 0.641026     0.200592
    345   h0 0.625000 1.000000 1.000000       1       1 0.666667       1 1.000000 0.666667     0.277778
    346   h0 0.625000 1.000000 1.000000       1       1 0.666667       1 1.000000 0.714744     0.297810
    347   h0 0.937500 0.585938 0.588235       1       1 0.947368       1 0.696970 0.801282     0.170959
    348   h0 1.000000 0.625000 0.625000       1       1 1.000000       1 0.727273 0.833333     0.236742
    349   h0 1.000000 0.625000 0.625000       1       1 1.000000       1 0.727273 0.788462     0.223995
    350   h0 0.585938 0.585938 0.941176       1       1 0.894737       1 0.784091 0.961538     0.217973
    351   h0 0.625000 0.625000 1.000000       1       1 1.000000       1 0.818182 1.000000     0.319602
    352   h0 0.625000 0.625000 1.000000       1       1 1.000000       1 0.818182 1.000000     0.319602
    353   h0 0.937500 0.937500 0.588235       1       1 0.596491       1 0.958333 0.801282     0.236810
    354   h0 1.000000 1.000000 0.625000       1       1 0.666667       1 1.000000 0.833333     0.347222
    355   h0 1.000000 1.000000 0.625000       1       1 0.666667       1 1.000000 0.833333     0.347222
    392   h0 0.585938 0.937500 0.941176       1       1 0.631579       1 0.696970 0.721154     0.164121
    393   h0 0.625000 1.000000 1.000000       1       1 0.666667       1 0.727273 0.750000     0.227273
    394   h0 0.625000 1.000000 1.000000       1       1 0.666667       1 0.727273 0.750000     0.227273
    395   h0 0.625000 1.000000 1.000000       1       1 0.666667       1 0.727273 0.750000     0.227273
    396   h0 0.937500 0.585938 0.705882       1       1 0.947368       1 0.696970 0.721154     0.184636
    397   h0 1.000000 0.625000 0.750000       1       1 1.000000       1 0.727273 0.750000     0.255682
    398   h0 1.000000 0.625000 0.750000       1       1 1.000000       1 0.727273 0.750000     0.255682
    399   h0 1.000000 0.625000 0.750000       1       1 1.000000       1 0.727273 0.750000     0.255682
    400   h0 0.421875 0.562500 0.566176       1       1 0.654971       1 0.515152 0.435897     0.019761
    401   h0 0.750000 1.000000 0.875000       1       1 0.888889       1 0.727273 0.750000     0.318182
    402   h0 0.750000 1.000000 0.875000       1       1 0.888889       1 0.727273 0.750000     0.318182
    403   h0 0.750000 1.000000 0.875000       1       1 0.888889       1 0.727273 0.750000     0.318182
    404   h0 0.601562 0.460938 0.669118       1       1 0.625731       1 0.647727 0.544872     0.040973
    405   h0 0.875000 0.625000 0.875000       1       1 0.666667       1 0.818182 0.750000     0.195756
    406   h0 0.875000 0.625000 0.875000       1       1 0.666667       1 0.818182 0.750000     0.195756
    407   h0 0.875000 0.625000 0.875000       1       1 0.666667       1 0.818182 0.750000     0.195756
    408   h0 0.515625 0.750000 0.617647       1       1 0.947368       1 0.750000 0.554487     0.094104
    409   h0 0.750000 1.000000 0.750000       1       1 1.000000       1 1.000000 0.750000     0.421875
    410   h0 0.750000 1.000000 0.750000       1       1 1.000000       1 1.000000 0.750000     0.421875
    411   h0 0.750000 1.000000 0.750000       1       1 1.000000       1 1.000000 0.750000     0.421875
    412   h0 0.656250 0.445312 0.823529       1       1 0.631579       1 0.575758 0.608974     0.053294
    413   h0 0.875000 0.625000 1.000000       1       1 0.666667       1 0.727273 0.833333     0.220960
    414   h0 0.875000 0.625000 1.000000       1       1 0.666667       1 0.727273 0.833333     0.220960
    415   h0 0.875000 0.625000 1.000000       1       1 0.666667       1 0.727273 0.833333     0.220960
    416   h0 0.382812 0.500000 0.352941       1       1 0.684211       1 0.469697 0.653846     0.014195
    417   h0 0.875000 1.000000 0.625000       1       1 1.000000       1 0.727273 1.000000     0.397727
    418   h0 0.875000 1.000000 0.625000       1       1 1.000000       1 0.727273 1.000000     0.397727
    419   h0 0.875000 1.000000 0.625000       1       1 1.000000       1 0.727273 1.000000     0.397727
    420   h0 0.703125 0.585938 0.941176       1       1 0.842105       1 0.696970 0.721154     0.164121
    421   h0 0.750000 0.625000 1.000000       1       1 0.888889       1 0.727273 0.750000     0.227273
    422   h0 0.750000 0.625000 1.000000       1       1 0.888889       1 0.727273 0.750000     0.227273
    423   h0 0.750000 0.625000 1.000000       1       1 0.888889       1 0.727273 0.750000     0.227273
    424   h0 0.937500 0.937500 0.588235       1       1 0.625731       1 0.696970 0.801282     0.180668
    425   h0 1.000000 1.000000 0.625000       1       1 0.666667       1 0.727273 0.833333     0.252525
    426   h0 1.000000 1.000000 0.625000       1       1 0.666667       1 0.727273 0.750000     0.227273
    427   h0 1.000000 1.000000 0.625000       1       1 0.666667       1 0.727273 0.782051     0.236985
    448   h0 0.703125 0.937500 0.823529       1       1 0.631579       1 0.958333 0.961538     0.315932
    449   h0 0.750000 1.000000 0.875000       1       1 0.666667       1 1.000000 1.000000     0.437500
    450   h0 0.750000 1.000000 0.875000       1       1 0.666667       1 1.000000 1.000000     0.437500
    451   h0 0.750000 1.000000 0.875000       1       1 0.666667       1 1.000000 1.000000     0.437500
    452   h0 0.750000 1.000000 0.875000       1       1 0.666667       1 1.000000 1.000000     0.437500
    453   h0 0.000000 0.468750 0.000000       1       1 0.842105       1 0.000000 0.035256     0.000000
    454   h0 0.687500 0.578125 0.573529       1       1 0.888889       1 0.696970 0.916667     0.129456
    455   h0 1.000000 0.625000 0.750000       1       1 0.888889       1 0.727273 0.916667     0.277778
    456   h0 1.000000 0.625000 0.750000       1       1 0.888889       1 0.727273 0.916667     0.277778
    457   h0 1.000000 0.625000 0.750000       1       1 0.888889       1 0.727273 0.916667     0.277778
    458   h0 0.703125 0.117188 0.941176       1       1 0.631579       1 0.170455 0.801282     0.006690
    459   h0 0.750000 0.468750 1.000000       1       1 0.666667       1 0.818182 0.833333     0.159801
    460   h0 0.750000 0.625000 1.000000       1       1 0.666667       1 0.818182 0.833333     0.213068
    461   h0 0.750000 0.625000 1.000000       1       1 0.666667       1 0.818182 0.833333     0.213068
    462   h0 0.750000 0.625000 1.000000       1       1 0.666667       1 0.818182 0.833333     0.213068
    463   h0 0.820312 0.937500 0.588235       1       1 0.842105       1 0.958333 0.641026     0.234024
    464   h0 0.875000 1.000000 0.625000       1       1 0.888889       1 1.000000 0.666667     0.324074
    465   h0 0.875000 1.000000 0.625000       1       1 0.888889       1 1.000000 0.666667     0.324074
    466   h0 0.875000 1.000000 0.625000       1       1 0.888889       1 1.000000 0.666667     0.324074
    467   h0 0.875000 1.000000 0.625000       1       1 0.888889       1 1.000000 0.676282     0.328748
    812   h1 0.546875 0.937500 0.882353       1       1 0.631579       1 1.000000 0.750000     0.214284
    813   h1 0.625000 1.000000 1.000000       1       1 0.666667       1 1.000000 0.750000     0.312500
    814   h1 0.625000 1.000000 1.000000       1       1 0.666667       1 1.000000 0.750000     0.312500
    815   h1 0.875000 0.585938 0.551471       1       1 0.947368       1 0.727273 0.750000     0.146103
    816   h1 1.000000 0.625000 0.625000       1       1 1.000000       1 0.727273 0.750000     0.213068
    817   h1 1.000000 0.625000 0.625000       1       1 1.000000       1 0.727273 0.750000     0.213068
    818   h1 0.546875 0.585938 0.941176       1       1 0.947368       1 0.909091 1.000000     0.259739
    819   h1 0.625000 0.625000 1.000000       1       1 1.000000       1 0.909091 1.000000     0.355114
    820   h1 0.625000 0.625000 1.000000       1       1 1.000000       1 0.909091 1.000000     0.355114
    821   h1 0.875000 0.937500 0.588235       1       1 0.736842       1 1.000000 0.833333     0.296295
    822   h1 1.000000 1.000000 0.625000       1       1 0.754386       1 1.000000 0.833333     0.392909
    823   h1 1.000000 1.000000 0.625000       1       1 0.666667       1 1.000000 0.833333     0.347222
    860   h1 0.546875 0.937500 0.882353       1       1 0.631579       1 0.727273 0.750000     0.155843
    861   h1 0.625000 1.000000 1.000000       1       1 0.666667       1 0.727273 0.750000     0.227273
    862   h1 0.625000 1.000000 1.000000       1       1 0.666667       1 0.727273 0.750000     0.227273
    863   h1 0.625000 1.000000 1.000000       1       1 0.666667       1 0.727273 0.750000     0.227273
    864   h1 0.875000 0.585938 0.588235       1       1 0.947368       1 0.818182 0.833333     0.194804
    865   h1 1.000000 0.625000 0.625000       1       1 1.000000       1 0.818182 0.833333     0.266335
    866   h1 1.000000 0.625000 0.625000       1       1 1.000000       1 0.818182 0.833333     0.266335
    867   h1 1.000000 0.625000 0.625000       1       1 1.000000       1 0.818182 0.833333     0.266335
    868   h1 0.468750 0.562500 0.705882       1       1 0.654971       1 0.575758 0.474359     0.033294
    869   h1 0.750000 1.000000 1.000000       1       1 0.888889       1 0.727273 0.750000     0.363636
    870   h1 0.750000 1.000000 1.000000       1       1 0.888889       1 0.727273 0.750000     0.363636
    871   h1 0.750000 1.000000 1.000000       1       1 0.888889       1 0.727273 0.750000     0.363636
    872   h1 0.601562 0.468750 0.617647       1       1 0.625731       1 0.647727 0.564103     0.039820
    873   h1 0.875000 0.625000 0.750000       1       1 0.666667       1 0.818182 0.750000     0.167791
    874   h1 0.875000 0.625000 0.750000       1       1 0.666667       1 0.818182 0.750000     0.167791
    875   h1 0.875000 0.625000 0.750000       1       1 0.666667       1 0.818182 0.750000     0.167791
    876   h1 0.601562 0.812500 0.720588       1       1 0.947368       1 0.791667 0.576923     0.152395
    877   h1 0.875000 1.000000 0.875000       1       1 1.000000       1 1.000000 0.750000     0.574219
    878   h1 0.875000 1.000000 0.875000       1       1 1.000000       1 1.000000 0.750000     0.574219
    879   h1 0.875000 1.000000 0.875000       1       1 1.000000       1 1.000000 0.750000     0.574219
    880   h1 0.515625 0.484375 0.720588       1       1 0.643275       1 0.568182 0.634615     0.041744
    881   h1 0.750000 0.625000 0.875000       1       1 0.666667       1 0.727273 0.916667     0.182292
    882   h1 0.750000 0.625000 0.875000       1       1 0.666667       1 0.727273 0.916667     0.182292
    883   h1 0.750000 0.625000 0.875000       1       1 0.666667       1 0.727273 0.916667     0.182292
    884   h1 0.328125 0.562500 0.397059       1       1 0.684211       1 0.500000 0.692308     0.017357
    885   h1 0.875000 1.000000 0.750000       1       1 1.000000       1 0.727273 1.000000     0.477273
    886   h1 0.875000 1.000000 0.750000       1       1 1.000000       1 0.727273 1.000000     0.477273
    887   h1 0.875000 1.000000 0.750000       1       1 1.000000       1 0.727273 1.000000     0.477273
    888   h1 0.703125 0.585938 0.941176       1       1 0.947368       1 0.727273 0.750000     0.200370
    889   h1 0.750000 0.625000 1.000000       1       1 1.000000       1 0.727273 0.750000     0.255682
    890   h1 0.750000 0.625000 1.000000       1       1 1.000000       1 0.727273 0.801282     0.273164
    891   h1 0.750000 0.625000 1.000000       1       1 1.000000       1 0.727273 0.804487     0.274257
    892   h1 0.937500 0.937500 0.588235       1       1 0.526316       1 0.727273 0.833333     0.164913
    893   h1 1.000000 1.000000 0.625000       1       1 0.578947       1 0.727273 0.833333     0.219298
    894   h1 1.000000 1.000000 0.625000       1       1 0.666667       1 0.727273 0.785256     0.237956
    895   h1 1.000000 1.000000 0.625000       1       1 0.619883       1 0.727273 0.750000     0.211324
    916   h1 0.656250 0.937500 0.941176       1       1 0.631579       1 1.000000 1.000000     0.365712
    917   h1 0.750000 1.000000 1.000000       1       1 0.666667       1 1.000000 1.000000     0.500000
    918   h1 0.750000 1.000000 1.000000       1       1 0.666667       1 1.000000 1.000000     0.500000
    919   h1 0.750000 1.000000 1.000000       1       1 0.666667       1 1.000000 1.000000     0.500000
    920   h1 0.750000 1.000000 1.000000       1       1 0.666667       1 1.000000 1.000000     0.500000
    921   h1 0.000000 0.468750 0.000000       1       1 0.736842       1 0.117424 0.064103     0.000000
    922   h1 0.601562 0.578125 0.573529       1       1 0.777778       1 0.700758 0.833333     0.090594
    923   h1 0.875000 0.625000 0.750000       1       1 0.777778       1 0.727273 0.833333     0.193340
    924   h1 0.875000 0.625000 0.750000       1       1 0.777778       1 0.727273 0.833333     0.193340
    925   h1 0.875000 0.625000 0.750000       1       1 0.777778       1 0.727273 0.833333     0.193340
    926   h1 0.656250 0.000000 0.875000       1       1 0.631579       1 0.227273 0.750000     0.000000
    927   h1 0.750000 0.500000 1.000000       1       1 0.666667       1 0.909091 0.750000     0.170455
    928   h1 0.750000 0.625000 1.000000       1       1 0.666667       1 0.909091 0.750000     0.213068
    929   h1 0.750000 0.625000 1.000000       1       1 0.666667       1 0.909091 0.750000     0.213068
    930   h1 0.750000 0.625000 1.000000       1       1 0.666667       1 0.909091 0.750000     0.213068
    931   h1 0.875000 0.937500 0.750000       1       1 0.736842       1 1.000000 0.666667     0.302220
    932   h1 1.000000 1.000000 0.750000       1       1 0.777778       1 1.000000 0.666667     0.388889
    933   h1 1.000000 1.000000 0.750000       1       1 0.777778       1 1.000000 0.666667     0.388889
    934   h1 1.000000 1.000000 0.750000       1       1 0.777778       1 1.000000 0.695513     0.405716
    935   h1 1.000000 1.000000 0.750000       1       1 0.777778       1 1.000000 0.750000     0.437500