 ChipID Half   Layer0   Layer1   Layer2   Layer3  Layer4   Layer5  Layer6   Layer7  Layer8  Pseaudo_Eff
    332   h0 0.937500 0.705882 0.941176 0.629630       1 0.947368       1 0.696970       1     0.258936
    333   h0 1.000000 0.750000 1.000000 0.666667       1 1.000000       1 0.727273       1     0.363636
    334   h0 1.000000 0.750000 1.000000 0.666667       1 1.000000       1 0.727273       1     0.363636
    335   h0 0.585938 0.823529 0.588235 0.944444       1 0.631579       1 0.696970       1     0.118005
    336   h0 0.625000 0.875000 0.625000 1.000000       1 0.666667       1 0.727273       1     0.165720
    337   h0 0.625000 0.875000 0.625000 1.000000       1 0.666667       1 0.727273       1     0.165720
    338   h0 0.585938 0.705882 0.941176 0.629630       1 0.894737       1 0.958333       1     0.210161
    339   h0 0.625000 0.750000 1.000000 0.666667       1 1.000000       1 1.000000       1     0.312500
    340   h0 0.625000 0.750000 1.000000 0.666667       1 1.000000       1 1.000000       1     0.312500
    341   h0 0.937500 0.941176 0.588235 0.944444       1 0.596491       1 0.784091       1     0.229266
    342   h0 1.000000 1.000000 0.625000 1.000000       1 0.666667       1 0.818182       1     0.340909
    343   h0 1.000000 1.000000 0.625000 1.000000       1 0.666667       1 0.818182       1     0.340909
    356   h0 0.937500 0.705882 0.941176 0.629630       1 0.736842       1 0.784091       1     0.226569
    357   h0 1.000000 0.750000 1.000000 0.666667       1 0.777778       1 0.818182       1     0.318182
    358   h0 1.000000 0.750000 1.000000 0.666667       1 0.777778       1 0.818182       1     0.318182
    359   h0 1.000000 0.750000 1.000000 0.666667       1 0.777778       1 0.818182       1     0.318182
    360   h0 0.585938 0.823529 0.588235 0.944444       1 0.947368       1 0.958333       1     0.243385
    361   h0 0.625000 0.875000 0.625000 1.000000       1 1.000000       1 1.000000       1     0.341797
    362   h0 0.625000 0.875000 0.625000 1.000000       1 1.000000       1 1.000000       1     0.341797
    363   h0 0.625000 0.875000 0.625000 1.000000       1 1.000000       1 1.000000       1     0.341797
    364   h0 0.500000 0.411765 0.588235 0.419753       1 0.502924       1 0.647727       1     0.016560
    365   h0 1.000000 0.875000 1.000000 0.666667       1 0.666667       1 0.818182       1     0.318182
    366   h0 1.000000 0.875000 1.000000 0.666667       1 0.666667       1 0.818182       1     0.318182
    367   h0 1.000000 0.875000 1.000000 0.666667       1 0.666667       1 0.818182       1     0.318182
    368   h0 0.429688 0.669118 0.492647 0.790123       1 0.947368       1 0.750000       1     0.079518
    369   h0 0.625000 0.875000 0.625000 0.888889       1 1.000000       1 1.000000       1     0.303819
    370   h0 0.625000 0.875000 0.625000 0.888889       1 1.000000       1 1.000000       1     0.303819
    371   h0 0.625000 0.875000 0.625000 0.888889       1 1.000000       1 1.000000       1     0.303819
    372   h0 0.750000 0.669118 0.823529 0.691358       1 0.736842       1 0.545455       1     0.114836
    373   h0 1.000000 0.875000 1.000000 0.777778       1 0.777778       1 0.727273       1     0.384961
    374   h0 1.000000 0.875000 1.000000 0.777778       1 0.777778       1 0.727273       1     0.384961
    375   h0 1.000000 0.875000 1.000000 0.777778       1 0.777778       1 0.727273       1     0.384961
    376   h0 0.460938 0.573529 0.514706 0.648148       1 0.631579       1 0.575758       1     0.032070
    377   h0 0.625000 0.750000 0.625000 0.777778       1 0.666667       1 0.727273       1     0.110480
    378   h0 0.625000 0.750000 0.625000 0.777778       1 0.666667       1 0.727273       1     0.110480
    379   h0 0.625000 0.750000 0.625000 0.777778       1 0.666667       1 0.727273       1     0.110480
    380   h0 0.562500 0.566176 0.647059 0.722222       1 0.789474       1 0.424242       1     0.049847
    381   h0 1.000000 0.875000 1.000000 1.000000       1 1.000000       1 0.727273       1     0.636364
    382   h0 1.000000 0.875000 1.000000 1.000000       1 1.000000       1 0.727273       1     0.636364
    383   h0 1.000000 0.875000 1.000000 1.000000       1 1.000000       1 0.727273       1     0.636364
    384   h0 0.585938 0.705882 0.823529 0.629630       1 0.631579       1 0.696970       1     0.094404
    385   h0 0.625000 0.750000 0.875000 0.666667       1 0.666667       1 0.727273       1     0.132576
    386   h0 0.625000 0.750000 0.875000 0.666667       1 0.666667       1 0.727273       1     0.132576
    387   h0 0.625000 0.750000 0.875000 0.666667       1 0.666667       1 0.727273       1     0.132576
    388   h0 0.937500 0.941176 0.705882 0.944444       1 0.736842       1 0.696970       1     0.302092
    389   h0 1.000000 1.000000 0.750000 1.000000       1 0.777778       1 0.727273       1     0.424242
    390   h0 1.000000 1.000000 0.750000 1.000000       1 0.777778       1 0.727273       1     0.424242
    391   h0 1.000000 0.875000 0.750000 1.000000       1 0.777778       1 0.727273       1     0.371212
    428   h0 0.937500 0.823529 0.941176 0.629630       1 0.631579       1 0.696970       1     0.201395
    429   h0 1.000000 0.875000 1.000000 0.666667       1 0.666667       1 0.727273       1     0.282828
    430   h0 1.000000 0.875000 1.000000 0.666667       1 0.666667       1 0.727273       1     0.282828
    431   h0 1.000000 0.875000 1.000000 0.666667       1 0.666667       1 0.727273       1     0.282828
    432   h0 1.000000 0.875000 1.000000 0.666667       1 0.666667       1 0.727273       1     0.282828
    433   h0 0.000000 0.823529 0.235294 0.944444       1 0.947368       1 0.435606       1     0.000000
    434   h0 0.429688 0.875000 0.536765 1.000000       1 1.000000       1 0.715909       1     0.144478
    435   h0 0.625000 0.875000 0.625000 1.000000       1 1.000000       1 0.727273       1     0.248580
    436   h0 0.625000 0.875000 0.625000 1.000000       1 1.000000       1 0.727273       1     0.248580
    437   h0 0.625000 0.875000 0.625000 1.000000       1 1.000000       1 0.727273       1     0.248580
    438   h0 0.468750 0.000000 0.705882 0.104938       1 0.315789       1 0.208333       1     0.000000
    439   h0 0.578125 0.529412 0.750000 0.543210       1 0.614035       1 1.000000       1     0.076566
    440   h0 0.625000 0.750000 0.750000 0.666667       1 0.666667       1 1.000000       1     0.156250
    441   h0 0.625000 0.750000 0.750000 0.666667       1 0.666667       1 1.000000       1     0.156250
    442   h0 0.625000 0.750000 0.750000 0.666667       1 0.666667       1 1.000000       1     0.156250
    443   h0 0.937500 0.823529 0.823529 0.944444       1 0.947368       1 0.784091       1     0.446058
    444   h0 1.000000 0.875000 0.875000 1.000000       1 1.000000       1 0.818182       1     0.626420
    445   h0 1.000000 0.875000 0.875000 1.000000       1 1.000000       1 0.818182       1     0.626420
    446   h0 1.000000 0.875000 0.875000 1.000000       1 1.000000       1 0.818182       1     0.626420
    447   h0 1.000000 0.875000 0.875000 1.000000       1 1.000000       1 0.727273       1     0.556818
    800   h1 0.937500 0.661765 0.941176 0.592593       1 0.947368       1 0.727273       1     0.238407
    801   h1 1.000000 0.750000 1.000000 0.666667       1 1.000000       1 0.727273       1     0.363636
    802   h1 1.000000 0.750000 1.000000 0.666667       1 1.000000       1 0.727273       1     0.363636
    803   h1 0.585938 0.882353 0.588235 0.944444       1 0.631579       1 0.727273       1     0.131931
    804   h1 0.625000 1.000000 0.625000 1.000000       1 0.666667       1 0.727273       1     0.189394
    805   h1 0.625000 1.000000 0.625000 1.000000       1 0.666667       1 0.727273       1     0.189394
    806   h1 0.601562 0.661765 0.875000 0.629630       1 0.842105       1 1.000000       1     0.184690
    807   h1 0.625000 0.750000 0.875000 0.666667       1 0.918129       1 1.000000       1     0.251051
    808   h1 0.625000 0.750000 0.875000 0.666667       1 1.000000       1 1.000000       1     0.273438
    809   h1 0.937500 0.772059 0.750000 0.944444       1 0.736842       1 0.727273       1     0.274746
    810   h1 1.000000 0.875000 0.750000 1.000000       1 0.748538       1 0.727273       1     0.357257
    811   h1 1.000000 0.875000 0.750000 1.000000       1 0.666667       1 0.727273       1     0.318182
    824   h1 0.937500 0.661765 0.941176 0.629630       1 0.736842       1 0.909091       1     0.246271
    825   h1 1.000000 0.750000 1.000000 0.666667       1 0.777778       1 0.909091       1     0.353535
    826   h1 1.000000 0.750000 1.000000 0.666667       1 0.777778       1 0.909091       1     0.353535
    827   h1 1.000000 0.750000 1.000000 0.666667       1 0.777778       1 0.909091       1     0.353535
    828   h1 0.585938 0.772059 0.595588 0.944444       1 0.947368       1 1.000000       1     0.241070
    829   h1 0.625000 1.000000 0.625000 1.000000       1 1.000000       1 1.000000       1     0.390625
    830   h1 0.625000 1.000000 0.625000 1.000000       1 1.000000       1 1.000000       1     0.390625
    831   h1 0.625000 1.000000 0.625000 1.000000       1 1.000000       1 1.000000       1     0.390625
    832   h1 0.562500 0.308824 0.588235 0.450617       1 0.461988       1 0.719697       1     0.015310
    833   h1 1.000000 0.750000 1.000000 0.666667       1 0.666667       1 0.909091       1     0.303030
    834   h1 1.000000 0.750000 1.000000 0.666667       1 0.666667       1 0.909091       1     0.303030
    835   h1 1.000000 0.750000 1.000000 0.666667       1 0.666667       1 0.909091       1     0.303030
    836   h1 0.453125 0.617647 0.544118 0.790123       1 0.842105       1 0.791667       1     0.080215
    837   h1 0.625000 0.875000 0.625000 0.888889       1 0.888889       1 1.000000       1     0.270062
    838   h1 0.625000 0.875000 0.625000 0.888889       1 0.888889       1 1.000000       1     0.270062
    839   h1 0.625000 0.875000 0.625000 0.888889       1 0.888889       1 1.000000       1     0.270062
    840   h1 0.687500 0.573529 0.882353 0.691358       1 0.842105       1 0.579545       1     0.117389
    841   h1 1.000000 0.750000 1.000000 0.777778       1 0.888889       1 0.727273       1     0.377104
    842   h1 1.000000 0.750000 1.000000 0.777778       1 0.888889       1 0.727273       1     0.377104
    843   h1 1.000000 0.750000 1.000000 0.777778       1 0.888889       1 0.727273       1     0.377104
    844   h1 0.460938 0.669118 0.544118 0.691358       1 0.637427       1 0.598485       1     0.044261
    845   h1 0.625000 0.875000 0.625000 0.777778       1 0.666667       1 0.727273       1     0.128893
    846   h1 0.625000 0.875000 0.625000 0.777778       1 0.666667       1 0.727273       1     0.128893
    847   h1 0.625000 0.875000 0.625000 0.777778       1 0.666667       1 0.727273       1     0.128893
    848   h1 0.500000 0.566176 0.647059 0.777778       1 0.842105       1 0.511364       1     0.061350
    849   h1 1.000000 0.875000 1.000000 1.000000       1 1.000000       1 0.818182       1     0.715909
    850   h1 1.000000 0.875000 1.000000 1.000000       1 1.000000       1 0.818182       1     0.715909
    851   h1 1.000000 0.875000 1.000000 1.000000       1 1.000000       1 0.818182       1     0.715909
    852   h1 0.617188 0.772059 0.750000 0.629630       1 0.631579       1 0.727273       1     0.103357
    853   h1 0.625000 0.875000 0.750000 0.666667       1 0.666667       1 0.727273       1     0.132576
    854   h1 0.625000 0.875000 0.750000 0.666667       1 0.666667       1 0.727273       1     0.132576
    855   h1 0.625000 0.875000 0.750000 0.666667       1 0.666667       1 0.727273       1     0.132576
    856   h1 1.000000 0.772059 0.875000 0.944444       1 0.736842       1 0.727273       1     0.341906
    857   h1 1.000000 0.875000 0.875000 1.000000       1 0.777778       1 0.818182       1     0.487216
    858   h1 1.000000 0.875000 0.875000 1.000000       1 0.777778       1 0.818182       1     0.487216
    859   h1 1.000000 0.875000 0.875000 1.000000       1 0.777778       1 0.818182       1     0.487216
    896   h1 0.937500 0.661765 1.000000 0.604938       1 0.631579       1 0.727273       1     0.172390
    897   h1 1.000000 0.750000 1.000000 0.666667       1 0.666667       1 0.727273       1     0.242424
    898   h1 1.000000 0.750000 1.000000 0.666667       1 0.666667       1 0.727273       1     0.242424
    899   h1 1.000000 0.750000 1.000000 0.666667       1 0.666667       1 0.727273       1     0.242424
    900   h1 1.000000 0.750000 1.000000 0.666667       1 0.666667       1 0.727273       1     0.242424
    901   h1 0.117188 0.772059 0.375000 0.888889       1 0.947368       1 0.465909       1     0.013312
    902   h1 0.468750 0.875000 0.580882 1.000000       1 1.000000       1 0.727273       1     0.173275
    903   h1 0.625000 0.875000 0.625000 1.000000       1 1.000000       1 0.727273       1     0.248580
    904   h1 0.625000 0.875000 0.625000 1.000000       1 1.000000       1 0.727273       1     0.248580
    905   h1 0.625000 0.875000 0.625000 1.000000       1 1.000000       1 0.727273       1     0.248580
    906   h1 0.468750 0.000000 0.625000 0.104938       1 0.315789       1 0.250000       1     0.000000
    907   h1 0.578125 0.617647 0.625000 0.574074       1 0.631579       1 1.000000       1     0.080917
    908   h1 0.625000 0.875000 0.625000 0.666667       1 0.666667       1 1.000000       1     0.151910
    909   h1 0.625000 0.875000 0.625000 0.666667       1 0.666667       1 1.000000       1     0.151910
    910   h1 0.625000 0.875000 0.625000 0.666667       1 0.666667       1 1.000000       1     0.151910
    911   h1 0.937500 0.772059 1.000000 0.944444       1 0.947368       1 0.727273       1     0.470993
    912   h1 1.000000 0.875000 1.000000 1.000000       1 1.000000       1 0.727273       1     0.636364
    913   h1 1.000000 0.875000 1.000000 1.000000       1 1.000000       1 0.727273       1     0.636364
    914   h1 1.000000 0.875000 1.000000 1.000000       1 1.000000       1 0.727273       1     0.636364
    915   h1 1.000000 0.875000 1.000000 1.000000       1 1.000000       1 0.727273       1     0.636364