 ChipID Half   Layer0  Layer1   Layer2   Layer3   Layer4  Layer5   Layer6  Layer7   Layer8  Pseaudo_Eff
    344   h0 0.585938       1 0.941176 0.629630 0.839506       1 0.695652       1 0.641026     0.129987
    345   h0 0.625000       1 1.000000 0.666667 0.888889       1 0.727273       1 0.666667     0.179574
    346   h0 0.625000       1 1.000000 0.666667 0.888889       1 0.727273       1 0.714744     0.192524
    347   h0 0.937500       1 0.588235 0.944444 0.629630       1 0.782609       1 0.801282     0.205643
    348   h0 1.000000       1 0.625000 1.000000 0.666667       1 0.818182       1 0.833333     0.284091
    349   h0 1.000000       1 0.625000 1.000000 0.666667       1 0.727273       1 0.788462     0.238928
    350   h0 0.585938       1 0.941176 0.629630 0.839506       1 0.695652       1 0.961538     0.194980
    351   h0 0.625000       1 1.000000 0.666667 0.888889       1 0.727273       1 1.000000     0.269360
    352   h0 0.625000       1 1.000000 0.666667 0.888889       1 0.727273       1 1.000000     0.269360
    353   h0 0.937500       1 0.588235 0.734568 0.839506       1 0.956522       1 0.801282     0.260650
    354   h0 1.000000       1 0.625000 0.777778 0.888889       1 1.000000       1 0.833333     0.360082
    355   h0 1.000000       1 0.625000 0.777778 0.888889       1 1.000000       1 0.833333     0.360082
    392   h0 0.585938       1 0.941176 0.629630 0.944444       1 0.956522       1 0.721154     0.226207
    393   h0 0.625000       1 1.000000 0.666667 1.000000       1 1.000000       1 0.750000     0.312500
    394   h0 0.625000       1 1.000000 0.666667 1.000000       1 1.000000       1 0.750000     0.312500
    395   h0 0.625000       1 1.000000 0.666667 1.000000       1 1.000000       1 0.750000     0.312500
    396   h0 0.937500       1 0.705882 0.839506 0.629630       1 0.695652       1 0.721154     0.175482
    397   h0 1.000000       1 0.750000 0.888889 0.666667       1 0.727273       1 0.750000     0.242424
    398   h0 1.000000       1 0.750000 0.888889 0.666667       1 0.727273       1 0.750000     0.242424
    399   h0 1.000000       1 0.750000 0.888889 0.666667       1 0.727273       1 0.750000     0.242424
    400   h0 0.421875       1 0.566176 0.666667 0.777778       1 0.513834       1 0.435897     0.027740
    401   h0 0.750000       1 0.875000 1.000000 1.000000       1 0.909091       1 0.750000     0.447443
    402   h0 0.750000       1 0.875000 1.000000 1.000000       1 0.909091       1 0.750000     0.447443
    403   h0 0.750000       1 0.875000 1.000000 1.000000       1 0.909091       1 0.750000     0.447443
    404   h0 0.601562       1 0.669118 0.586420 0.691358       1 0.529644       1 0.544872     0.047095
    405   h0 0.875000       1 0.875000 0.666667 0.777778       1 0.727273       1 0.750000     0.216540
    406   h0 0.875000       1 0.875000 0.666667 0.777778       1 0.727273       1 0.750000     0.216540
    407   h0 0.875000       1 0.875000 0.666667 0.777778       1 0.727273       1 0.750000     0.216540
    408   h0 0.515625       1 0.617647 0.833333 0.691358       1 0.509881       1 0.554487     0.051875
    409   h0 0.750000       1 0.750000 1.000000 0.777778       1 0.727273       1 0.750000     0.238636
    410   h0 0.750000       1 0.750000 1.000000 0.777778       1 0.727273       1 0.750000     0.238636
    411   h0 0.750000       1 0.750000 1.000000 0.777778       1 0.727273       1 0.750000     0.238636
    412   h0 0.656250       1 0.823529 0.580247 0.888889       1 0.695652       1 0.608974     0.118086
    413   h0 0.875000       1 1.000000 0.666667 1.000000       1 1.000000       1 0.833333     0.486111
    414   h0 0.875000       1 1.000000 0.666667 1.000000       1 1.000000       1 0.833333     0.486111
    415   h0 0.875000       1 1.000000 0.666667 1.000000       1 1.000000       1 0.833333     0.486111
    416   h0 0.382812       1 0.352941 0.611111 0.450617       1 0.537549       1 0.653846     0.013077
    417   h0 0.875000       1 0.625000 1.000000 0.666667       1 0.727273       1 1.000000     0.265152
    418   h0 0.875000       1 0.625000 1.000000 0.666667       1 0.727273       1 1.000000     0.265152
    419   h0 0.875000       1 0.625000 1.000000 0.666667       1 0.727273       1 1.000000     0.265152
    420   h0 0.703125       1 0.941176 0.629630 0.944444       1 0.956522       1 0.721154     0.271449
    421   h0 0.750000       1 1.000000 0.666667 1.000000       1 1.000000       1 0.750000     0.375000
    422   h0 0.750000       1 1.000000 0.666667 1.000000       1 1.000000       1 0.750000     0.375000
    423   h0 0.750000       1 1.000000 0.666667 1.000000       1 1.000000       1 0.750000     0.375000
    424   h0 0.937500       1 0.588235 0.944444 0.629630       1 0.695652       1 0.801282     0.182794
    425   h0 1.000000       1 0.625000 1.000000 0.666667       1 0.727273       1 0.833333     0.252525
    426   h0 1.000000       1 0.625000 1.000000 0.666667       1 0.727273       1 0.750000     0.227273
    427   h0 1.000000       1 0.625000 1.000000 0.666667       1 0.727273       1 0.782051     0.236985
    448   h0 0.703125       1 0.823529 0.734568 0.944444       1 0.482213       1 0.961538     0.186263
    449   h0 0.750000       1 0.875000 0.777778 1.000000       1 0.727273       1 1.000000     0.371212
    450   h0 0.750000       1 0.875000 0.777778 1.000000       1 0.727273       1 1.000000     0.371212
    451   h0 0.750000       1 0.875000 0.777778 1.000000       1 0.727273       1 1.000000     0.371212
    452   h0 0.750000       1 0.875000 0.777778 1.000000       1 0.727273       1 1.000000     0.371212
    453   h0 0.000000       1 0.000000 0.629630 0.104938       1 0.158103       1 0.035256     0.000000
    454   h0 0.687500       1 0.573529 0.666667 0.574074       1 0.909091       1 0.916667     0.125755
    455   h0 1.000000       1 0.750000 0.666667 0.666667       1 0.909091       1 0.916667     0.277778
    456   h0 1.000000       1 0.750000 0.666667 0.666667       1 0.909091       1 0.916667     0.277778
    457   h0 1.000000       1 0.750000 0.666667 0.666667       1 0.909091       1 0.916667     0.277778
    458   h0 0.703125       1 0.941176 0.419753 0.944444       1 0.347826       1 0.801282     0.073118
    459   h0 0.750000       1 1.000000 0.617284 1.000000       1 0.695652       1 0.833333     0.268384
    460   h0 0.750000       1 1.000000 0.666667 1.000000       1 0.727273       1 0.833333     0.303030
    461   h0 0.750000       1 1.000000 0.666667 1.000000       1 0.727273       1 0.833333     0.303030
    462   h0 0.750000       1 1.000000 0.666667 1.000000       1 0.727273       1 0.833333     0.303030
    463   h0 0.820312       1 0.588235 0.944444 0.629630       1 0.782609       1 0.641026     0.143950
    464   h0 0.875000       1 0.625000 1.000000 0.666667       1 0.818182       1 0.666667     0.198864
    465   h0 0.875000       1 0.625000 1.000000 0.666667       1 0.818182       1 0.666667     0.198864
    466   h0 0.875000       1 0.625000 1.000000 0.666667       1 0.818182       1 0.666667     0.198864
    467   h0 0.875000       1 0.625000 1.000000 0.666667       1 0.818182       1 0.676282     0.201732
    812   h1 0.546875       1 0.882353 0.623457 0.888889       1 0.727273       1 0.750000     0.145862
    813   h1 0.625000       1 1.000000 0.666667 0.777778       1 0.727273       1 0.750000     0.176768
    814   h1 0.625000       1 1.000000 0.666667 0.777778       1 0.727273       1 0.750000     0.176768
    815   h1 0.875000       1 0.551471 0.944444 0.666667       1 0.818182       1 0.750000     0.186435
    816   h1 1.000000       1 0.625000 1.000000 0.666667       1 0.818182       1 0.750000     0.255682
    817   h1 1.000000       1 0.625000 1.000000 0.666667       1 0.818182       1 0.750000     0.255682
    818   h1 0.546875       1 0.941176 0.629630 0.888889       1 0.727273       1 1.000000     0.209502
    819   h1 0.625000       1 1.000000 0.666667 0.888889       1 0.727273       1 1.000000     0.269360
    820   h1 0.625000       1 1.000000 0.666667 0.888889       1 0.727273       1 1.000000     0.269360
    821   h1 0.875000       1 0.588235 0.839506 0.777778       1 1.000000       1 0.833333     0.280064
    822   h1 1.000000       1 0.625000 0.777778 0.777778       1 1.000000       1 0.833333     0.315072
    823   h1 1.000000       1 0.625000 0.777778 0.777778       1 1.000000       1 0.833333     0.315072
    860   h1 0.546875       1 0.882353 0.629630 1.000000       1 1.000000       1 0.750000     0.227865
    861   h1 0.625000       1 1.000000 0.666667 1.000000       1 1.000000       1 0.750000     0.312500
    862   h1 0.625000       1 1.000000 0.666667 1.000000       1 1.000000       1 0.750000     0.312500
    863   h1 0.625000       1 1.000000 0.666667 1.000000       1 1.000000       1 0.750000     0.312500
    864   h1 0.875000       1 0.588235 0.839506 0.666667       1 0.727273       1 0.833333     0.174585
    865   h1 1.000000       1 0.625000 0.888889 0.666667       1 0.727273       1 0.833333     0.224467
    866   h1 1.000000       1 0.625000 0.888889 0.666667       1 0.727273       1 0.833333     0.224467
    867   h1 1.000000       1 0.625000 0.888889 0.666667       1 0.727273       1 0.833333     0.224467
    868   h1 0.468750       1 0.705882 0.666667 0.833333       1 0.513834       1 0.474359     0.044805
    869   h1 0.750000       1 1.000000 1.000000 1.000000       1 0.909091       1 0.750000     0.511364
    870   h1 0.750000       1 1.000000 1.000000 1.000000       1 0.909091       1 0.750000     0.511364
    871   h1 0.750000       1 1.000000 1.000000 1.000000       1 0.909091       1 0.750000     0.511364
    872   h1 0.601562       1 0.617647 0.586420 0.629630       1 0.561265       1 0.564103     0.043435
    873   h1 0.875000       1 0.750000 0.666667 0.666667       1 0.727273       1 0.750000     0.159091
    874   h1 0.875000       1 0.750000 0.666667 0.666667       1 0.727273       1 0.750000     0.159091
    875   h1 0.875000       1 0.750000 0.666667 0.666667       1 0.727273       1 0.750000     0.159091
    876   h1 0.601562       1 0.720588 0.888889 0.734568       1 0.537549       1 0.576923     0.087778
    877   h1 0.875000       1 0.875000 1.000000 0.777778       1 0.727273       1 0.750000     0.324811
    878   h1 0.875000       1 0.875000 1.000000 0.777778       1 0.727273       1 0.750000     0.324811
    879   h1 0.875000       1 0.875000 1.000000 0.777778       1 0.727273       1 0.750000     0.324811
    880   h1 0.515625       1 0.720588 0.580247 0.839506       1 0.739130       1 0.634615     0.084896
    881   h1 0.750000       1 0.875000 0.666667 0.888889       1 1.000000       1 0.916667     0.356481
    882   h1 0.750000       1 0.875000 0.666667 0.888889       1 1.000000       1 0.916667     0.356481
    883   h1 0.750000       1 0.875000 0.666667 0.888889       1 1.000000       1 0.916667     0.356481
    884   h1 0.328125       1 0.397059 0.611111 0.450617       1 0.569170       1 0.692308     0.014137
    885   h1 0.875000       1 0.750000 1.000000 0.666667       1 0.727273       1 1.000000     0.318182
    886   h1 0.875000       1 0.750000 1.000000 0.666667       1 0.727273       1 1.000000     0.318182
    887   h1 0.875000       1 0.750000 1.000000 0.666667       1 0.727273       1 1.000000     0.318182
    888   h1 0.703125       1 0.941176 0.629630 1.000000       1 1.000000       1 0.750000     0.312500
    889   h1 0.750000       1 1.000000 0.666667 1.000000       1 1.000000       1 0.750000     0.375000
    890   h1 0.750000       1 1.000000 0.666667 1.000000       1 1.000000       1 0.801282     0.400641
    891   h1 0.750000       1 1.000000 0.666667 1.000000       1 1.000000       1 0.804487     0.402244
    892   h1 0.937500       1 0.588235 0.944444 0.666667       1 0.727273       1 0.833333     0.210438
    893   h1 1.000000       1 0.625000 1.000000 0.666667       1 0.727273       1 0.833333     0.252525
    894   h1 1.000000       1 0.625000 1.000000 0.666667       1 0.727273       1 0.785256     0.237956
    895   h1 1.000000       1 0.625000 1.000000 0.666667       1 0.727273       1 0.750000     0.227273
    916   h1 0.656250       1 0.941176 0.691358 1.000000       1 0.584980       1 1.000000     0.249795
    917   h1 0.750000       1 1.000000 0.777778 1.000000       1 0.727273       1 1.000000     0.424242
    918   h1 0.750000       1 1.000000 0.777778 1.000000       1 0.727273       1 1.000000     0.424242
    919   h1 0.750000       1 1.000000 0.777778 1.000000       1 0.727273       1 1.000000     0.424242
    920   h1 0.750000       1 1.000000 0.777778 1.000000       1 0.727273       1 1.000000     0.424242
    921   h1 0.000000       1 0.000000 0.691358 0.222222       1 0.217391       1 0.064103     0.000000
    922   h1 0.601562       1 0.573529 0.777778 0.617284       1 1.000000       1 0.833333     0.138037
    923   h1 0.875000       1 0.750000 0.777778 0.666667       1 1.000000       1 0.833333     0.283565
    924   h1 0.875000       1 0.750000 0.777778 0.666667       1 1.000000       1 0.833333     0.283565
    925   h1 0.875000       1 0.750000 0.777778 0.666667       1 1.000000       1 0.833333     0.283565
    926   h1 0.656250       1 0.875000 0.419753 1.000000       1 0.272727       1 0.750000     0.049302
    927   h1 0.750000       1 1.000000 0.617284 1.000000       1 0.707510       1 0.750000     0.245663
    928   h1 0.750000       1 1.000000 0.666667 1.000000       1 0.727273       1 0.750000     0.272727
    929   h1 0.750000       1 1.000000 0.666667 1.000000       1 0.727273       1 0.750000     0.272727
    930   h1 0.750000       1 1.000000 0.666667 1.000000       1 0.727273       1 0.750000     0.272727
    931   h1 0.875000       1 0.750000 0.944444 0.666667       1 0.818182       1 0.666667     0.225379
    932   h1 1.000000       1 0.750000 1.000000 0.666667       1 0.818182       1 0.666667     0.272727
    933   h1 1.000000       1 0.750000 1.000000 0.666667       1 0.818182       1 0.666667     0.272727
    934   h1 1.000000       1 0.750000 1.000000 0.666667       1 0.818182       1 0.695513     0.284528
    935   h1 1.000000       1 0.750000 1.000000 0.666667       1 0.818182       1 0.750000     0.306818