 ChipID Half   Layer0   Layer1   Layer2  Layer3  Layer4   Layer5   Layer6  Layer7   Layer8  Pseaudo_Eff
    344   h0 0.585938 0.937500 0.941176       1       1 0.631579 0.695652       1 0.641026     0.145609
    345   h0 0.625000 1.000000 1.000000       1       1 0.666667 0.727273       1 0.666667     0.202020
    346   h0 0.625000 1.000000 1.000000       1       1 0.666667 0.727273       1 0.714744     0.216589
    347   h0 0.937500 0.585938 0.588235       1       1 0.947368 0.782609       1 0.801282     0.191965
    348   h0 1.000000 0.625000 0.625000       1       1 1.000000 0.818182       1 0.833333     0.266335
    349   h0 1.000000 0.625000 0.625000       1       1 1.000000 0.727273       1 0.788462     0.223995
    350   h0 0.585938 0.585938 0.941176       1       1 0.894737 0.695652       1 0.961538     0.193387
    351   h0 0.625000 0.625000 1.000000       1       1 1.000000 0.727273       1 1.000000     0.284091
    352   h0 0.625000 0.625000 1.000000       1       1 1.000000 0.727273       1 1.000000     0.284091
    353   h0 0.937500 0.937500 0.588235       1       1 0.596491 0.956522       1 0.801282     0.236362
    354   h0 1.000000 1.000000 0.625000       1       1 0.666667 1.000000       1 0.833333     0.347222
    355   h0 1.000000 1.000000 0.625000       1       1 0.666667 1.000000       1 0.833333     0.347222
    392   h0 0.585938 0.937500 0.941176       1       1 0.631579 0.956522       1 0.721154     0.225239
    393   h0 0.625000 1.000000 1.000000       1       1 0.666667 1.000000       1 0.750000     0.312500
    394   h0 0.625000 1.000000 1.000000       1       1 0.666667 1.000000       1 0.750000     0.312500
    395   h0 0.625000 1.000000 1.000000       1       1 0.666667 1.000000       1 0.750000     0.312500
    396   h0 0.937500 0.585938 0.705882       1       1 0.947368 0.695652       1 0.721154     0.184287
    397   h0 1.000000 0.625000 0.750000       1       1 1.000000 0.727273       1 0.750000     0.255682
    398   h0 1.000000 0.625000 0.750000       1       1 1.000000 0.727273       1 0.750000     0.255682
    399   h0 1.000000 0.625000 0.750000       1       1 1.000000 0.727273       1 0.750000     0.255682
    400   h0 0.421875 0.562500 0.566176       1       1 0.654971 0.513834       1 0.435897     0.019710
    401   h0 0.750000 1.000000 0.875000       1       1 0.888889 0.909091       1 0.750000     0.397727
    402   h0 0.750000 1.000000 0.875000       1       1 0.888889 0.909091       1 0.750000     0.397727
    403   h0 0.750000 1.000000 0.875000       1       1 0.888889 0.909091       1 0.750000     0.397727
    404   h0 0.601562 0.460938 0.669118       1       1 0.625731 0.529644       1 0.544872     0.033504
    405   h0 0.875000 0.625000 0.875000       1       1 0.666667 0.727273       1 0.750000     0.174006
    406   h0 0.875000 0.625000 0.875000       1       1 0.666667 0.727273       1 0.750000     0.174006
    407   h0 0.875000 0.625000 0.875000       1       1 0.666667 0.727273       1 0.750000     0.174006
    408   h0 0.515625 0.750000 0.617647       1       1 0.947368 0.509881       1 0.554487     0.063976
    409   h0 0.750000 1.000000 0.750000       1       1 1.000000 0.727273       1 0.750000     0.306818
    410   h0 0.750000 1.000000 0.750000       1       1 1.000000 0.727273       1 0.750000     0.306818
    411   h0 0.750000 1.000000 0.750000       1       1 1.000000 0.727273       1 0.750000     0.306818
    412   h0 0.656250 0.445312 0.823529       1       1 0.631579 0.695652       1 0.608974     0.064392
    413   h0 0.875000 0.625000 1.000000       1       1 0.666667 1.000000       1 0.833333     0.303819
    414   h0 0.875000 0.625000 1.000000       1       1 0.666667 1.000000       1 0.833333     0.303819
    415   h0 0.875000 0.625000 1.000000       1       1 0.666667 1.000000       1 0.833333     0.303819
    416   h0 0.382812 0.500000 0.352941       1       1 0.684211 0.537549       1 0.653846     0.016246
    417   h0 0.875000 1.000000 0.625000       1       1 1.000000 0.727273       1 1.000000     0.397727
    418   h0 0.875000 1.000000 0.625000       1       1 1.000000 0.727273       1 1.000000     0.397727
    419   h0 0.875000 1.000000 0.625000       1       1 1.000000 0.727273       1 1.000000     0.397727
    420   h0 0.703125 0.585938 0.941176       1       1 0.842105 0.956522       1 0.721154     0.225239
    421   h0 0.750000 0.625000 1.000000       1       1 0.888889 1.000000       1 0.750000     0.312500
    422   h0 0.750000 0.625000 1.000000       1       1 0.888889 1.000000       1 0.750000     0.312500
    423   h0 0.750000 0.625000 1.000000       1       1 0.888889 1.000000       1 0.750000     0.312500
    424   h0 0.937500 0.937500 0.588235       1       1 0.625731 0.695652       1 0.801282     0.180326
    425   h0 1.000000 1.000000 0.625000       1       1 0.666667 0.727273       1 0.833333     0.252525
    426   h0 1.000000 1.000000 0.625000       1       1 0.666667 0.727273       1 0.750000     0.227273
    427   h0 1.000000 1.000000 0.625000       1       1 0.666667 0.727273       1 0.782051     0.236985
    448   h0 0.703125 0.937500 0.823529       1       1 0.631579 0.482213       1 0.961538     0.158971
    449   h0 0.750000 1.000000 0.875000       1       1 0.666667 0.727273       1 1.000000     0.318182
    450   h0 0.750000 1.000000 0.875000       1       1 0.666667 0.727273       1 1.000000     0.318182
    451   h0 0.750000 1.000000 0.875000       1       1 0.666667 0.727273       1 1.000000     0.318182
    452   h0 0.750000 1.000000 0.875000       1       1 0.666667 0.727273       1 1.000000     0.318182
    453   h0 0.000000 0.468750 0.000000       1       1 0.842105 0.158103       1 0.035256     0.000000
    454   h0 0.687500 0.578125 0.573529       1       1 0.888889 0.909091       1 0.916667     0.168856
    455   h0 1.000000 0.625000 0.750000       1       1 0.888889 0.909091       1 0.916667     0.347222
    456   h0 1.000000 0.625000 0.750000       1       1 0.888889 0.909091       1 0.916667     0.347222
    457   h0 1.000000 0.625000 0.750000       1       1 0.888889 0.909091       1 0.916667     0.347222
    458   h0 0.703125 0.117188 0.941176       1       1 0.631579 0.347826       1 0.801282     0.013651
    459   h0 0.750000 0.468750 1.000000       1       1 0.666667 0.695652       1 0.833333     0.135870
    460   h0 0.750000 0.625000 1.000000       1       1 0.666667 0.727273       1 0.833333     0.189394
    461   h0 0.750000 0.625000 1.000000       1       1 0.666667 0.727273       1 0.833333     0.189394
    462   h0 0.750000 0.625000 1.000000       1       1 0.666667 0.727273       1 0.833333     0.189394
    463   h0 0.820312 0.937500 0.588235       1       1 0.842105 0.782609       1 0.641026     0.191112
    464   h0 0.875000 1.000000 0.625000       1       1 0.888889 0.818182       1 0.666667     0.265152
    465   h0 0.875000 1.000000 0.625000       1       1 0.888889 0.818182       1 0.666667     0.265152
    466   h0 0.875000 1.000000 0.625000       1       1 0.888889 0.818182       1 0.666667     0.265152
    467   h0 0.875000 1.000000 0.625000       1       1 0.888889 0.818182       1 0.676282     0.268976
    812   h1 0.546875 0.937500 0.882353       1       1 0.631579 0.727273       1 0.750000     0.155843
    813   h1 0.625000 1.000000 1.000000       1       1 0.666667 0.727273       1 0.750000     0.227273
    814   h1 0.625000 1.000000 1.000000       1       1 0.666667 0.727273       1 0.750000     0.227273
    815   h1 0.875000 0.585938 0.551471       1       1 0.947368 0.818182       1 0.750000     0.164366
    816   h1 1.000000 0.625000 0.625000       1       1 1.000000 0.818182       1 0.750000     0.239702
    817   h1 1.000000 0.625000 0.625000       1       1 1.000000 0.818182       1 0.750000     0.239702
    818   h1 0.546875 0.585938 0.941176       1       1 0.947368 0.727273       1 1.000000     0.207791
    819   h1 0.625000 0.625000 1.000000       1       1 1.000000 0.727273       1 1.000000     0.284091
    820   h1 0.625000 0.625000 1.000000       1       1 1.000000 0.727273       1 1.000000     0.284091
    821   h1 0.875000 0.937500 0.588235       1       1 0.736842 1.000000       1 0.833333     0.296295
    822   h1 1.000000 1.000000 0.625000       1       1 0.754386 1.000000       1 0.833333     0.392909
    823   h1 1.000000 1.000000 0.625000       1       1 0.666667 1.000000       1 0.833333     0.347222
    860   h1 0.546875 0.937500 0.882353       1       1 0.631579 1.000000       1 0.750000     0.214284
    861   h1 0.625000 1.000000 1.000000       1       1 0.666667 1.000000       1 0.750000     0.312500
    862   h1 0.625000 1.000000 1.000000       1       1 0.666667 1.000000       1 0.750000     0.312500
    863   h1 0.625000 1.000000 1.000000       1       1 0.666667 1.000000       1 0.750000     0.312500
    864   h1 0.875000 0.585938 0.588235       1       1 0.947368 0.727273       1 0.833333     0.173159
    865   h1 1.000000 0.625000 0.625000       1       1 1.000000 0.727273       1 0.833333     0.236742
    866   h1 1.000000 0.625000 0.625000       1       1 1.000000 0.727273       1 0.833333     0.236742
    867   h1 1.000000 0.625000 0.625000       1       1 1.000000 0.727273       1 0.833333     0.236742
    868   h1 0.468750 0.562500 0.705882       1       1 0.654971 0.513834       1 0.474359     0.029713
    869   h1 0.750000 1.000000 1.000000       1       1 0.888889 0.909091       1 0.750000     0.454545
    870   h1 0.750000 1.000000 1.000000       1       1 0.888889 0.909091       1 0.750000     0.454545
    871   h1 0.750000 1.000000 1.000000       1       1 0.888889 0.909091       1 0.750000     0.454545
    872   h1 0.601562 0.468750 0.617647       1       1 0.625731 0.561265       1 0.564103     0.034505
    873   h1 0.875000 0.625000 0.750000       1       1 0.666667 0.727273       1 0.750000     0.149148
    874   h1 0.875000 0.625000 0.750000       1       1 0.666667 0.727273       1 0.750000     0.149148
    875   h1 0.875000 0.625000 0.750000       1       1 0.666667 0.727273       1 0.750000     0.149148
    876   h1 0.601562 0.812500 0.720588       1       1 0.947368 0.537549       1 0.576923     0.103478
    877   h1 0.875000 1.000000 0.875000       1       1 1.000000 0.727273       1 0.750000     0.417614
    878   h1 0.875000 1.000000 0.875000       1       1 1.000000 0.727273       1 0.750000     0.417614
    879   h1 0.875000 1.000000 0.875000       1       1 1.000000 0.727273       1 0.750000     0.417614
    880   h1 0.515625 0.484375 0.720588       1       1 0.643275 0.739130       1 0.634615     0.054304
    881   h1 0.750000 0.625000 0.875000       1       1 0.666667 1.000000       1 0.916667     0.250651
    882   h1 0.750000 0.625000 0.875000       1       1 0.666667 1.000000       1 0.916667     0.250651
    883   h1 0.750000 0.625000 0.875000       1       1 0.666667 1.000000       1 0.916667     0.250651
    884   h1 0.328125 0.562500 0.397059       1       1 0.684211 0.569170       1 0.692308     0.019758
    885   h1 0.875000 1.000000 0.750000       1       1 1.000000 0.727273       1 1.000000     0.477273
    886   h1 0.875000 1.000000 0.750000       1       1 1.000000 0.727273       1 1.000000     0.477273
    887   h1 0.875000 1.000000 0.750000       1       1 1.000000 0.727273       1 1.000000     0.477273
    888   h1 0.703125 0.585938 0.941176       1       1 0.947368 1.000000       1 0.750000     0.275509
    889   h1 0.750000 0.625000 1.000000       1       1 1.000000 1.000000       1 0.750000     0.351562
    890   h1 0.750000 0.625000 1.000000       1       1 1.000000 1.000000       1 0.801282     0.375601
    891   h1 0.750000 0.625000 1.000000       1       1 1.000000 1.000000       1 0.804487     0.377103
    892   h1 0.937500 0.937500 0.588235       1       1 0.526316 0.727273       1 0.833333     0.164913
    893   h1 1.000000 1.000000 0.625000       1       1 0.578947 0.727273       1 0.833333     0.219298
    894   h1 1.000000 1.000000 0.625000       1       1 0.666667 0.727273       1 0.785256     0.237956
    895   h1 1.000000 1.000000 0.625000       1       1 0.619883 0.727273       1 0.750000     0.211324
    916   h1 0.656250 0.937500 0.941176       1       1 0.631579 0.584980       1 1.000000     0.213934
    917   h1 0.750000 1.000000 1.000000       1       1 0.666667 0.727273       1 1.000000     0.363636
    918   h1 0.750000 1.000000 1.000000       1       1 0.666667 0.727273       1 1.000000     0.363636
    919   h1 0.750000 1.000000 1.000000       1       1 0.666667 0.727273       1 1.000000     0.363636
    920   h1 0.750000 1.000000 1.000000       1       1 0.666667 0.727273       1 1.000000     0.363636
    921   h1 0.000000 0.468750 0.000000       1       1 0.736842 0.217391       1 0.064103     0.000000
    922   h1 0.601562 0.578125 0.573529       1       1 0.777778 1.000000       1 0.833333     0.129280
    923   h1 0.875000 0.625000 0.750000       1       1 0.777778 1.000000       1 0.833333     0.265842
    924   h1 0.875000 0.625000 0.750000       1       1 0.777778 1.000000       1 0.833333     0.265842
    925   h1 0.875000 0.625000 0.750000       1       1 0.777778 1.000000       1 0.833333     0.265842
    926   h1 0.656250 0.000000 0.875000       1       1 0.631579 0.272727       1 0.750000     0.000000
    927   h1 0.750000 0.500000 1.000000       1       1 0.666667 0.707510       1 0.750000     0.132658
    928   h1 0.750000 0.625000 1.000000       1       1 0.666667 0.727273       1 0.750000     0.170455
    929   h1 0.750000 0.625000 1.000000       1       1 0.666667 0.727273       1 0.750000     0.170455
    930   h1 0.750000 0.625000 1.000000       1       1 0.666667 0.727273       1 0.750000     0.170455
    931   h1 0.875000 0.937500 0.750000       1       1 0.736842 0.818182       1 0.666667     0.247271
    932   h1 1.000000 1.000000 0.750000       1       1 0.777778 0.818182       1 0.666667     0.318182
    933   h1 1.000000 1.000000 0.750000       1       1 0.777778 0.818182       1 0.666667     0.318182
    934   h1 1.000000 1.000000 0.750000       1       1 0.777778 0.818182       1 0.695513     0.331949
    935   h1 1.000000 1.000000 0.750000       1       1 0.777778 0.818182       1 0.750000     0.357955