 ChipID Half  Layer0   Layer1   Layer2   Layer3  Layer4  Layer5   Layer6  Layer7  Layer8  Pseaudo_Eff
    229   h0       1 0.629630 0.736842 0.842105   0.665   0.950 0.960000       1       1     0.236942
    230   h0       1 0.666667 0.777778 0.888889   0.700   1.000 1.000000       1       1     0.322634
    231   h0       1 0.666667 0.777778 0.888889   0.700   1.000 1.000000       1       1     0.322634
    232   h0       1 0.944444 0.736842 0.842105   0.950   0.665 0.720000       1       1     0.266560
    233   h0       1 1.000000 0.777778 0.888889   1.000   0.700 0.750000       1       1     0.362963
    234   h0       1 1.000000 0.777778 0.888889   1.000   0.700 0.750000       1       1     0.362963
    235   h0       1 0.629630 0.947368 0.631579   0.665   0.855 0.720000       1       1     0.154224
    236   h0       1 0.666667 1.000000 0.666667   0.700   0.900 0.750000       1       1     0.210000
    237   h0       1 0.666667 1.000000 0.666667   0.700   0.900 0.750000       1       1     0.210000
    238   h0       1 0.839506 0.631579 0.631579   0.950   0.630 0.880000       1       1     0.176371
    239   h0       1 0.888889 0.777778 0.666667   1.000   0.700 0.916667       1       1     0.295748
    240   h0       1 0.888889 0.777778 0.666667   1.000   0.700 0.916667       1       1     0.295748
    241   h0       1 0.734568 0.736842 0.947368   0.665   0.630 0.880000       1       1     0.189047
    242   h0       1 0.777778 0.777778 1.000000   0.700   0.700 0.916667       1       1     0.271718
    243   h0       1 0.777778 0.777778 1.000000   0.700   0.700 0.916667       1       1     0.271718
    288   h0       1 0.839506 0.631579 0.947368   0.855   0.760 0.720000       1       1     0.235008
    289   h0       1 0.888889 0.666667 1.000000   0.900   0.800 0.750000       1       1     0.320000
    290   h0       1 0.888889 0.666667 1.000000   0.900   0.800 0.750000       1       1     0.320000
    291   h0       1 0.888889 0.666667 1.000000   0.900   0.800 0.750000       1       1     0.320000
    292   h0       1 0.734568 0.947368 0.631579   0.855   0.665 0.880000       1       1     0.219912
    293   h0       1 0.777778 1.000000 0.666667   0.900   0.700 0.916667       1       1     0.299444
    294   h0       1 0.777778 1.000000 0.666667   0.900   0.700 0.916667       1       1     0.299444
    295   h0       1 0.777778 1.000000 0.666667   0.900   0.700 0.916667       1       1     0.299444
    296   h0       1 0.734568 0.210526 0.947368   0.475   0.950 0.240000       1       1     0.015867
    297   h0       1 0.777778 0.596491 1.000000   0.690   1.000 1.000000       1       1     0.320117
    298   h0       1 0.777778 0.666667 1.000000   0.700   1.000 1.000000       1       1     0.362963
    299   h0       1 0.777778 0.666667 1.000000   0.700   1.000 1.000000       1       1     0.362963
    300   h0       1 0.500000 0.631579 0.450292   0.700   0.455 0.400000       1       1     0.018116
    301   h0       1 1.000000 1.000000 0.777778   1.000   0.700 0.750000       1       1     0.408333
    302   h0       1 1.000000 1.000000 0.777778   1.000   0.700 0.750000       1       1     0.408333
    303   h0       1 1.000000 1.000000 0.777778   1.000   0.700 0.750000       1       1     0.408333
    304   h0       1 0.512346 0.614035 0.596491   0.605   0.665 0.536667       1       1     0.040517
    305   h0       1 0.666667 0.777778 0.666667   0.700   0.700 0.750000       1       1     0.127037
    306   h0       1 0.666667 0.777778 0.666667   0.700   0.700 0.750000       1       1     0.127037
    307   h0       1 0.666667 0.777778 0.666667   0.700   0.700 0.750000       1       1     0.127037
    308   h0       1 0.722222 0.614035 0.842105   0.630   0.900 0.543333       1       1     0.115048
    309   h0       1 1.000000 0.777778 1.000000   0.700   1.000 0.750000       1       1     0.408333
    310   h0       1 1.000000 0.777778 1.000000   0.700   1.000 0.750000       1       1     0.408333
    311   h0       1 1.000000 0.777778 1.000000   0.700   1.000 0.750000       1       1     0.408333
    312   h0       1 0.469136 0.789474 0.573099   0.900   0.645 0.623333       1       1     0.076805
    313   h0       1 0.666667 1.000000 0.666667   1.000   0.700 0.916667       1       1     0.285185
    314   h0       1 0.666667 1.000000 0.666667   1.000   0.700 0.916667       1       1     0.285185
    315   h0       1 0.666667 1.000000 0.666667   1.000   0.700 0.916667       1       1     0.285185
    316   h0       1 0.444444 0.409357 0.526316   0.550   0.495 0.550000       1       1     0.014338
    317   h0       1 1.000000 0.666667 1.000000   0.700   0.900 0.916667       1       1     0.385000
    318   h0       1 1.000000 0.666667 1.000000   0.700   0.900 0.916667       1       1     0.385000
    319   h0       1 1.000000 0.666667 1.000000   0.700   0.900 0.916667       1       1     0.385000
    320   h0       1 0.419753 0.947368 0.736842   0.950   0.855 0.643333       1       1     0.153113
    321   h0       1 0.617284 1.000000 0.777778   1.000   0.900 0.750000       1       1     0.324074
    322   h0       1 0.666667 1.000000 0.777778   1.000   0.900 0.750000       1       1     0.350000
    323   h0       1 0.666667 1.000000 0.777778   1.000   0.900 0.750000       1       1     0.350000
    324   h0       1 0.944444 0.631579 0.631579   0.760   0.665 0.720000       1       1     0.137088
    325   h0       1 1.000000 0.666667 0.666667   0.800   0.700 0.750000       1       1     0.186667
    326   h0       1 1.000000 0.666667 0.666667   0.800   0.700 0.750000       1       1     0.186667
    327   h0       1 1.000000 0.666667 0.666667   0.800   0.700 0.750000       1       1     0.186667
    328   h0       1 0.629630 0.947368 0.947368   0.665   0.950 0.720000       1       1     0.257040
    329   h0       1 0.666667 1.000000 1.000000   0.700   1.000 0.750000       1       1     0.350000
    330   h0       1 0.666667 1.000000 1.000000   0.700   1.000 0.750000       1       1     0.350000
    331   h0       1 0.666667 1.000000 1.000000   0.700   1.000 0.750000       1       1     0.350000
    697   h1       1 0.592593 0.596491 0.947368   0.665   1.000 1.000000       1       1     0.222690
    698   h1       1 0.666667 0.666667 1.000000   0.700   1.000 1.000000       1       1     0.311111
    699   h1       1 0.666667 0.666667 1.000000   0.700   1.000 1.000000       1       1     0.311111
    700   h1       1 0.888889 0.695906 0.777778   0.950   0.700 0.750000       1       1     0.239959
    701   h1       1 1.000000 0.777778 0.777778   1.000   0.700 0.750000       1       1     0.317593
    702   h1       1 1.000000 0.777778 0.777778   1.000   0.700 0.750000       1       1     0.317593
    703   h1       1 0.592593 0.894737 0.666667   0.665   0.900 0.750000       1       1     0.158667
    704   h1       1 0.666667 1.000000 0.666667   0.700   0.900 0.750000       1       1     0.210000
    705   h1       1 0.666667 1.000000 0.666667   0.700   0.900 0.750000       1       1     0.210000
    706   h1       1 0.790123 0.631579 0.666667   1.000   0.700 1.000000       1       1     0.232878
    707   h1       1 0.888889 0.666667 0.666667   1.000   0.740 1.000000       1       1     0.292346
    708   h1       1 0.888889 0.666667 0.666667   1.000   0.800 1.000000       1       1     0.316049
    709   h1       1 0.691358 0.736842 1.000000   0.665   0.800 0.916667       1       1     0.248428
    710   h1       1 0.777778 0.777778 1.000000   0.700   0.760 0.916667       1       1     0.295008
    711   h1       1 0.777778 0.777778 1.000000   0.700   0.700 0.916667       1       1     0.271718
    756   h1       1 0.888889 0.602339 1.000000   0.855   0.900 0.750000       1       1     0.309000
    757   h1       1 1.000000 0.666667 1.000000   0.900   0.900 0.750000       1       1     0.405000
    758   h1       1 1.000000 0.666667 1.000000   0.900   0.900 0.750000       1       1     0.405000
    759   h1       1 1.000000 0.666667 1.000000   0.900   0.900 0.750000       1       1     0.405000
    760   h1       1 0.691358 0.947368 0.649123   0.855   0.700 0.916667       1       1     0.233251
    761   h1       1 0.777778 1.000000 0.666667   0.900   0.700 0.916667       1       1     0.299444
    762   h1       1 0.777778 1.000000 0.666667   0.900   0.700 0.916667       1       1     0.299444
    763   h1       1 0.777778 1.000000 0.666667   0.900   0.700 0.916667       1       1     0.299444
    764   h1       1 0.691358 0.210526 0.947368   0.475   1.000 0.256667       1       1     0.016811
    765   h1       1 0.777778 0.596491 1.000000   0.690   1.000 0.916667       1       1     0.293441
    766   h1       1 0.777778 0.666667 1.000000   0.700   1.000 0.916667       1       1     0.332716
    767   h1       1 0.777778 0.666667 1.000000   0.700   1.000 0.916667       1       1     0.332716
    768   h1       1 0.444444 0.631579 0.491228   0.750   0.490 0.430000       1       1     0.021790
    769   h1       1 0.888889 1.000000 0.777778   1.000   0.700 0.750000       1       1     0.362963
    770   h1       1 0.888889 1.000000 0.777778   1.000   0.700 0.750000       1       1     0.362963
    771   h1       1 0.888889 1.000000 0.777778   1.000   0.700 0.750000       1       1     0.362963
    772   h1       1 0.481481 0.526316 0.596491   0.640   0.695 0.573333       1       1     0.038548
    773   h1       1 0.666667 0.666667 0.666667   0.700   0.700 0.750000       1       1     0.108889
    774   h1       1 0.666667 0.666667 0.666667   0.700   0.700 0.750000       1       1     0.108889
    775   h1       1 0.666667 0.666667 0.666667   0.700   0.700 0.750000       1       1     0.108889
    776   h1       1 0.777778 0.614035 0.894737   0.630   0.950 0.573333       1       1     0.146627
    777   h1       1 1.000000 0.777778 1.000000   0.700   1.000 0.750000       1       1     0.408333
    778   h1       1 1.000000 0.777778 1.000000   0.700   1.000 0.750000       1       1     0.408333
    779   h1       1 1.000000 0.777778 1.000000   0.700   1.000 0.750000       1       1     0.408333
    780   h1       1 0.506173 0.789474 0.596491   0.900   0.680 0.660000       1       1     0.096280
    781   h1       1 0.666667 1.000000 0.666667   1.000   0.700 0.916667       1       1     0.285185
    782   h1       1 0.666667 1.000000 0.666667   1.000   0.700 0.916667       1       1     0.285185
    783   h1       1 0.666667 1.000000 0.666667   1.000   0.700 0.916667       1       1     0.285185
    784   h1       1 0.444444 0.345029 0.526316   0.565   0.480 0.586667       1       1     0.012841
    785   h1       1 1.000000 0.666667 1.000000   0.700   0.800 0.916667       1       1     0.342222
    786   h1       1 1.000000 0.666667 1.000000   0.700   0.800 0.916667       1       1     0.342222
    787   h1       1 1.000000 0.666667 1.000000   0.700   0.800 0.916667       1       1     0.342222
    788   h1       1 0.395062 0.947368 0.666667   0.950   1.000 0.673333       1       1     0.159605
    789   h1       1 0.629630 1.000000 0.666667   1.000   1.000 0.750000       1       1     0.314815
    790   h1       1 0.666667 1.000000 0.666667   1.000   1.000 0.750000       1       1     0.333333
    791   h1       1 0.666667 1.000000 0.666667   1.000   1.000 0.750000       1       1     0.333333
    792   h1       1 0.888889 0.631579 0.777778   0.760   0.700 0.750000       1       1     0.174222
    793   h1       1 1.000000 0.666667 0.777778   0.800   0.700 0.750000       1       1     0.217778
    794   h1       1 1.000000 0.666667 0.777778   0.800   0.700 0.750000       1       1     0.217778
    795   h1       1 1.000000 0.666667 0.777778   0.800   0.700 0.750000       1       1     0.217778
    796   h1       1 0.592593 0.947368 1.000000   0.665   1.000 0.750000       1       1     0.280000
    797   h1       1 0.666667 1.000000 1.000000   0.700   1.000 0.750000       1       1     0.350000
    798   h1       1 0.666667 1.000000 1.000000   0.700   1.000 0.750000       1       1     0.350000
    799   h1       1 0.666667 1.000000 1.000000   0.700   1.000 0.750000       1       1     0.350000