 ChipID Half   Layer0  Layer1   Layer2  Layer3   Layer4   Layer5   Layer6   Layer7  Layer8  Pseaudo_Eff
    332   h0 0.937500       1 0.941176       1 0.631579 0.947368 0.784091 0.696970       1     0.288516
    333   h0 1.000000       1 1.000000       1 0.666667 1.000000 0.818182 0.727273       1     0.396694
    334   h0 1.000000       1 1.000000       1 0.666667 1.000000 0.818182 0.727273       1     0.396694
    335   h0 0.585938       1 0.588235       1 0.947368 0.631579 0.958333 0.696970       1     0.137746
    336   h0 0.625000       1 0.625000       1 1.000000 0.666667 1.000000 0.727273       1     0.189394
    337   h0 0.625000       1 0.625000       1 1.000000 0.666667 1.000000 0.727273       1     0.189394
    338   h0 0.585938       1 0.941176       1 0.947368 0.894737 0.696970 0.958333       1     0.312225
    339   h0 0.625000       1 1.000000       1 1.000000 1.000000 0.727273 1.000000       1     0.454545
    340   h0 0.625000       1 1.000000       1 1.000000 1.000000 0.818182 1.000000       1     0.511364
    341   h0 0.937500       1 0.588235       1 0.631579 0.596491 0.958333 0.784091       1     0.156112
    342   h0 1.000000       1 0.625000       1 0.666667 0.666667 1.000000 0.818182       1     0.227273
    343   h0 1.000000       1 0.625000       1 0.666667 0.666667 1.000000 0.818182       1     0.227273
    356   h0 0.937500       1 0.941176       1 0.631579 0.736842 0.696970 0.784091       1     0.224401
    357   h0 1.000000       1 1.000000       1 0.666667 0.777778 0.727273 0.818182       1     0.308540
    358   h0 1.000000       1 1.000000       1 0.666667 0.777778 0.727273 0.818182       1     0.308540
    359   h0 1.000000       1 1.000000       1 0.666667 0.777778 0.727273 0.818182       1     0.308540
    360   h0 0.585938       1 0.588235       1 0.736842 0.947368 0.696970 0.958333       1     0.160704
    361   h0 0.625000       1 0.625000       1 0.777778 1.000000 0.727273 1.000000       1     0.220960
    362   h0 0.625000       1 0.625000       1 0.777778 1.000000 0.727273 1.000000       1     0.220960
    363   h0 0.625000       1 0.625000       1 0.777778 1.000000 0.727273 1.000000       1     0.220960
    364   h0 0.500000       1 0.588235       1 0.684211 0.502924 0.424242 0.647727       1     0.027811
    365   h0 1.000000       1 1.000000       1 1.000000 0.666667 0.727273 0.818182       1     0.396694
    366   h0 1.000000       1 1.000000       1 1.000000 0.666667 0.727273 0.818182       1     0.396694
    367   h0 1.000000       1 1.000000       1 1.000000 0.666667 0.727273 0.818182       1     0.396694
    368   h0 0.429688       1 0.492647       1 0.619883 0.947368 0.537879 0.750000       1     0.050149
    369   h0 0.625000       1 0.625000       1 0.666667 1.000000 0.727273 1.000000       1     0.189394
    370   h0 0.625000       1 0.625000       1 0.666667 1.000000 0.727273 1.000000       1     0.189394
    371   h0 0.625000       1 0.625000       1 0.666667 1.000000 0.727273 1.000000       1     0.189394
    372   h0 0.750000       1 0.823529       1 0.894737 0.736842 0.750000 0.545455       1     0.166583
    373   h0 1.000000       1 1.000000       1 1.000000 0.777778 1.000000 0.727273       1     0.565657
    374   h0 1.000000       1 1.000000       1 1.000000 0.777778 1.000000 0.727273       1     0.565657
    375   h0 1.000000       1 1.000000       1 1.000000 0.777778 1.000000 0.727273       1     0.565657
    376   h0 0.460938       1 0.514706       1 0.631579 0.631579 0.613636 0.575758       1     0.033435
    377   h0 0.625000       1 0.625000       1 0.666667 0.666667 0.818182 0.727273       1     0.103306
    378   h0 0.625000       1 0.625000       1 0.666667 0.666667 0.818182 0.727273       1     0.103306
    379   h0 0.625000       1 0.625000       1 0.666667 0.666667 0.818182 0.727273       1     0.103306
    380   h0 0.562500       1 0.647059       1 0.573099 0.789474 0.545455 0.424242       1     0.038107
    381   h0 1.000000       1 1.000000       1 0.777778 1.000000 0.727273 0.727273       1     0.411387
    382   h0 1.000000       1 1.000000       1 0.777778 1.000000 0.727273 0.727273       1     0.411387
    383   h0 1.000000       1 1.000000       1 0.777778 1.000000 0.727273 0.727273       1     0.411387
    384   h0 0.585938       1 0.823529       1 0.947368 0.631579 0.784091 0.696970       1     0.157782
    385   h0 0.625000       1 0.875000       1 1.000000 0.666667 0.727273 0.727273       1     0.192837
    386   h0 0.625000       1 0.875000       1 1.000000 0.666667 0.727273 0.727273       1     0.192837
    387   h0 0.625000       1 0.875000       1 1.000000 0.666667 0.727273 0.727273       1     0.192837
    388   h0 0.937500       1 0.705882       1 0.631579 0.736842 0.696970 0.696970       1     0.149601
    389   h0 1.000000       1 0.750000       1 0.666667 0.777778 0.727273 0.727273       1     0.205693
    390   h0 1.000000       1 0.750000       1 0.666667 0.777778 0.727273 0.727273       1     0.205693
    391   h0 1.000000       1 0.750000       1 0.666667 0.777778 0.727273 0.727273       1     0.205693
    428   h0 0.937500       1 0.941176       1 0.842105 0.631579 0.871212 0.696970       1     0.284954
    429   h0 1.000000       1 1.000000       1 0.888889 0.666667 0.909091 0.727273       1     0.391797
    430   h0 1.000000       1 1.000000       1 0.888889 0.666667 0.909091 0.727273       1     0.391797
    431   h0 1.000000       1 1.000000       1 0.888889 0.666667 0.909091 0.727273       1     0.391797
    432   h0 1.000000       1 1.000000       1 0.888889 0.666667 0.909091 0.727273       1     0.391797
    433   h0 0.000000       1 0.235294       1 0.526316 0.947368 0.189394 0.435606       1     0.000000
    434   h0 0.429688       1 0.536765       1 0.649123 1.000000 0.909091 0.715909       1     0.097438
    435   h0 0.625000       1 0.625000       1 0.666667 1.000000 0.909091 0.727273       1     0.172176
    436   h0 0.625000       1 0.625000       1 0.666667 1.000000 0.909091 0.727273       1     0.172176
    437   h0 0.625000       1 0.625000       1 0.666667 1.000000 0.909091 0.727273       1     0.172176
    438   h0 0.468750       1 0.705882       1 0.842105 0.315789 0.000000 0.208333       1     0.000000
    439   h0 0.578125       1 0.750000       1 0.888889 0.614035 0.666667 1.000000       1     0.157773
    440   h0 0.625000       1 0.750000       1 0.888889 0.666667 0.727273 1.000000       1     0.202020
    441   h0 0.625000       1 0.750000       1 0.888889 0.666667 0.727273 1.000000       1     0.202020
    442   h0 0.625000       1 0.750000       1 0.888889 0.666667 0.727273 1.000000       1     0.202020
    443   h0 0.937500       1 0.823529       1 0.631579 0.947368 0.958333 0.784091       1     0.347120
    444   h0 1.000000       1 0.875000       1 0.666667 1.000000 1.000000 0.818182       1     0.477273
    445   h0 1.000000       1 0.875000       1 0.666667 1.000000 1.000000 0.818182       1     0.477273
    446   h0 1.000000       1 0.875000       1 0.666667 1.000000 1.000000 0.818182       1     0.477273
    447   h0 1.000000       1 0.875000       1 0.666667 1.000000 1.000000 0.727273       1     0.424242
    800   h1 0.937500       1 0.941176       1 0.631579 0.947368 0.871212 0.727273       1     0.334511
    801   h1 1.000000       1 1.000000       1 0.666667 1.000000 0.909091 0.727273       1     0.440771
    802   h1 1.000000       1 1.000000       1 0.666667 1.000000 0.909091 0.727273       1     0.440771
    803   h1 0.585938       1 0.588235       1 0.947368 0.631579 0.958333 0.727273       1     0.143735
    804   h1 0.625000       1 0.625000       1 1.000000 0.666667 1.000000 0.727273       1     0.189394
    805   h1 0.625000       1 0.625000       1 1.000000 0.666667 1.000000 0.727273       1     0.189394
    806   h1 0.601562       1 0.875000       1 0.947368 0.842105 0.784091 1.000000       1     0.329261
    807   h1 0.625000       1 0.875000       1 1.000000 0.918129 0.818182 1.000000       1     0.410810
    808   h1 0.625000       1 0.875000       1 1.000000 1.000000 0.818182 1.000000       1     0.447443
    809   h1 0.937500       1 0.750000       1 0.631579 0.736842 0.958333 0.727273       1     0.228060
    810   h1 1.000000       1 0.750000       1 0.666667 0.748538 1.000000 0.727273       1     0.272196
    811   h1 1.000000       1 0.750000       1 0.666667 0.666667 1.000000 0.727273       1     0.242424
    824   h1 0.937500       1 0.941176       1 0.631579 0.736842 0.696970 0.909091       1     0.260175
    825   h1 1.000000       1 1.000000       1 0.666667 0.777778 0.727273 0.909091       1     0.342822
    826   h1 1.000000       1 1.000000       1 0.666667 0.777778 0.727273 0.909091       1     0.342822
    827   h1 1.000000       1 1.000000       1 0.666667 0.777778 0.727273 0.909091       1     0.342822
    828   h1 0.585938       1 0.595588       1 0.842105 0.947368 0.696970 1.000000       1     0.194042
    829   h1 0.625000       1 0.625000       1 0.888889 1.000000 0.727273 1.000000       1     0.252525
    830   h1 0.625000       1 0.625000       1 0.888889 1.000000 0.727273 1.000000       1     0.252525
    831   h1 0.625000       1 0.625000       1 0.888889 1.000000 0.727273 1.000000       1     0.252525
    832   h1 0.562500       1 0.588235       1 0.684211 0.461988 0.469697 0.719697       1     0.035356
    833   h1 1.000000       1 1.000000       1 1.000000 0.666667 0.727273 0.909091       1     0.440771
    834   h1 1.000000       1 1.000000       1 1.000000 0.666667 0.727273 0.909091       1     0.440771
    835   h1 1.000000       1 1.000000       1 1.000000 0.666667 0.727273 0.909091       1     0.440771
    836   h1 0.453125       1 0.544118       1 0.631579 0.842105 0.568182 0.791667       1     0.058984
    837   h1 0.625000       1 0.625000       1 0.666667 0.888889 0.727273 1.000000       1     0.168350
    838   h1 0.625000       1 0.625000       1 0.666667 0.888889 0.727273 1.000000       1     0.168350
    839   h1 0.625000       1 0.625000       1 0.666667 0.888889 0.727273 1.000000       1     0.168350
    840   h1 0.687500       1 0.882353       1 0.947368 0.842105 0.750000 0.579545       1     0.210353
    841   h1 1.000000       1 1.000000       1 1.000000 0.888889 1.000000 0.727273       1     0.646465
    842   h1 1.000000       1 1.000000       1 1.000000 0.888889 1.000000 0.727273       1     0.646465
    843   h1 1.000000       1 1.000000       1 1.000000 0.888889 1.000000 0.727273       1     0.646465
    844   h1 0.460938       1 0.544118       1 0.631579 0.637427 0.613636 0.598485       1     0.037081
    845   h1 0.625000       1 0.625000       1 0.666667 0.666667 0.818182 0.727273       1     0.103306
    846   h1 0.625000       1 0.625000       1 0.666667 0.666667 0.818182 0.727273       1     0.103306
    847   h1 0.625000       1 0.625000       1 0.666667 0.666667 0.818182 0.727273       1     0.103306
    848   h1 0.500000       1 0.647059       1 0.654971 0.842105 0.515152 0.511364       1     0.047007
    849   h1 1.000000       1 1.000000       1 0.888889 1.000000 0.727273 0.818182       1     0.528926
    850   h1 1.000000       1 1.000000       1 0.888889 1.000000 0.727273 0.818182       1     0.528926
    851   h1 1.000000       1 1.000000       1 0.888889 1.000000 0.727273 0.818182       1     0.528926
    852   h1 0.617188       1 0.750000       1 0.947368 0.631579 0.696970 0.727273       1     0.140390
    853   h1 0.625000       1 0.750000       1 1.000000 0.666667 0.727273 0.727273       1     0.165289
    854   h1 0.625000       1 0.750000       1 1.000000 0.666667 0.727273 0.727273       1     0.165289
    855   h1 0.625000       1 0.750000       1 1.000000 0.666667 0.727273 0.727273       1     0.165289
    856   h1 1.000000       1 0.875000       1 0.631579 0.736842 0.696970 0.727273       1     0.206406
    857   h1 1.000000       1 0.875000       1 0.666667 0.777778 0.727273 0.818182       1     0.269972
    858   h1 1.000000       1 0.875000       1 0.666667 0.777778 0.727273 0.818182       1     0.269972
    859   h1 1.000000       1 0.875000       1 0.666667 0.777778 0.727273 0.818182       1     0.269972
    896   h1 0.937500       1 1.000000       1 0.842105 0.631579 0.958333 0.727273       1     0.347520
    897   h1 1.000000       1 1.000000       1 0.888889 0.666667 1.000000 0.727273       1     0.430976
    898   h1 1.000000       1 1.000000       1 0.888889 0.666667 1.000000 0.727273       1     0.430976
    899   h1 1.000000       1 1.000000       1 0.888889 0.666667 1.000000 0.727273       1     0.430976
    900   h1 1.000000       1 1.000000       1 0.888889 0.666667 1.000000 0.727273       1     0.430976
    901   h1 0.117188       1 0.375000       1 0.526316 0.947368 0.189394 0.465909       1     0.001934
    902   h1 0.468750       1 0.580882       1 0.649123 1.000000 0.909091 0.727273       1     0.116859
    903   h1 0.625000       1 0.625000       1 0.666667 1.000000 0.909091 0.727273       1     0.172176
    904   h1 0.625000       1 0.625000       1 0.666667 1.000000 0.909091 0.727273       1     0.172176
    905   h1 0.625000       1 0.625000       1 0.666667 1.000000 0.909091 0.727273       1     0.172176
    906   h1 0.468750       1 0.625000       1 0.842105 0.315789 0.000000 0.250000       1     0.000000
    907   h1 0.578125       1 0.625000       1 0.888889 0.631579 0.666667 1.000000       1     0.135234
    908   h1 0.625000       1 0.625000       1 0.888889 0.666667 0.727273 1.000000       1     0.168350
    909   h1 0.625000       1 0.625000       1 0.888889 0.666667 0.727273 1.000000       1     0.168350
    910   h1 0.625000       1 0.625000       1 0.888889 0.666667 0.727273 1.000000       1     0.168350
    911   h1 0.937500       1 1.000000       1 0.631579 0.947368 0.958333 0.727273       1     0.390959
    912   h1 1.000000       1 1.000000       1 0.666667 1.000000 1.000000 0.727273       1     0.484848
    913   h1 1.000000       1 1.000000       1 0.666667 1.000000 1.000000 0.727273       1     0.484848
    914   h1 1.000000       1 1.000000       1 0.666667 1.000000 1.000000 0.727273       1     0.484848
    915   h1 1.000000       1 1.000000       1 0.666667 1.000000 1.000000 0.727273       1     0.484848