ChipID	Half	Layer0	Layer1	Layer2	Layer3	Layer4	Layer5	Layer6	Layer7	Layer8	Peff(%)
344	h0	0.941	1	0.84	0.632	0.632	1	1	1	0.742	20.85
345	h0	1.0	1	0.889	0.667	0.667	1	1	1	0.769	28.07
346	h0	1.0	1	1.0	0.667	0.667	1	1	1	0.769	34.21
347	h0	0.588	1	0.63	0.947	0.947	1	1	1	0.742	18.29
348	h0	0.625	1	0.667	1.0	1.0	1	1	1	0.769	24.65
349	h0	0.625	1	0.667	1.0	1.0	1	1	1	0.769	24.65
350	h0	0.941	1	0.944	0.947	0.632	1	1	1	0.742	32.19
351	h0	1.0	1	1.0	1.0	0.667	1	1	1	0.769	43.39
352	h0	1.0	1	1.0	1.0	0.667	1	1	1	0.769	43.39
353	h0	0.706	1	0.735	0.632	0.947	1	1	1	0.742	22.21
354	h0	0.75	1	0.765	0.667	1.0	1	1	1	0.769	29.43
355	h0	0.632	1	0.667	0.667	1.0	1	1	1	0.769	21.62
392	h0	0.941	1	0.944	0.632	0.632	1	1	1	0.964	25.38
393	h0	1.0	1	1.0	0.667	0.667	1	1	1	0.923	31.58
394	h0	1.0	1	1.0	0.667	0.667	1	1	1	0.923	31.58
395	h0	1.0	1	1.0	0.667	0.737	1	1	1	0.923	34.89
396	h0	0.588	1	0.63	0.947	0.737	1	1	1	0.89	17.07
397	h0	0.625	1	0.667	1.0	0.778	1	1	1	0.923	23.02
398	h0	0.625	1	0.667	1.0	0.778	1	1	1	0.923	23.02
399	h0	0.625	1	0.667	1.0	0.713	1	1	1	0.923	21.1
400	h0	0.706	1	0.778	0.655	0.895	1	1	1	0.604	12.82
401	h0	1.0	1	1.0	0.889	1.0	1	1	1	0.769	52.57
402	h0	1.0	1	1.0	0.889	1.0	1	1	1	0.769	52.57
403	h0	1.0	1	1.0	0.889	1.0	1	1	1	0.769	52.57
404	h0	0.574	1	0.556	0.626	0.526	1	1	1	0.643	5.34
405	h0	0.75	1	0.667	0.667	0.556	1	1	1	0.769	13.17
406	h0	0.75	1	0.667	0.667	0.556	1	1	1	0.769	13.17
407	h0	0.75	1	0.667	0.667	0.556	1	1	1	0.769	13.17
408	h0	0.669	1	0.79	0.947	0.737	1	1	1	0.635	19.23
409	h0	0.875	1	0.889	1.0	0.778	1	1	1	0.769	46.54
410	h0	0.875	1	0.889	1.0	0.778	1	1	1	0.769	46.54
411	h0	0.875	1	0.889	1.0	0.778	1	1	1	0.769	46.54
412	h0	0.721	1	0.691	0.632	1.0	1	1	1	0.695	15.87
413	h0	0.875	1	0.778	0.667	1.0	1	1	1	0.846	32.5
414	h0	0.875	1	0.778	0.667	1.0	1	1	1	0.846	32.5
415	h0	0.875	1	0.778	0.667	1.0	1	1	1	0.846	32.5
416	h0	0.412	1	0.37	0.737	0.433	1	1	1	0.714	2.29
417	h0	0.875	1	0.667	1.0	0.556	1	1	1	1.0	24.95
418	h0	0.875	1	0.667	1.0	0.556	1	1	1	1.0	24.95
419	h0	0.875	1	0.667	1.0	0.556	1	1	1	1.0	24.95
420	h0	0.941	1	0.944	0.842	0.737	1	1	1	0.742	30.35
421	h0	1.0	1	1.0	0.889	0.778	1	1	1	0.769	40.9
422	h0	1.0	1	1.0	0.889	0.778	1	1	1	0.769	40.9
423	h0	1.0	1	1.0	0.889	0.778	1	1	1	0.769	40.9
424	h0	0.706	1	0.63	0.632	0.842	1	1	1	0.742	13.03
425	h0	0.75	1	0.667	0.667	0.889	1	1	1	0.769	17.54
426	h0	0.75	1	0.667	0.667	0.889	1	1	1	0.769	17.54
427	h0	0.75	1	0.667	0.667	0.889	1	1	1	0.769	17.54
448	h0	0.941	1	0.944	0.632	0.947	1	1	1	0.742	29.27
449	h0	1.0	1	1.0	0.667	1.0	1	1	1	0.769	39.44
450	h0	1.0	1	1.0	0.667	1.0	1	1	1	0.769	39.44
451	h0	1.0	1	1.0	0.667	1.0	1	1	1	0.769	39.44
452	h0	1.0	1	1.0	0.667	1.0	1	1	1	0.769	39.44
453	h0	0.0	1	0.21	0.842	0.421	1	1	1	0.214	0.0
454	h0	0.574	1	0.593	0.889	0.76	1	1	1	0.769	13.41
455	h0	0.75	1	0.667	0.889	0.778	1	1	1	0.769	20.46
456	h0	0.75	1	0.667	0.889	0.778	1	1	1	0.769	20.46
457	h0	0.75	1	0.667	0.889	0.778	1	1	1	0.769	20.46
458	h0	0.824	1	0.944	0.632	0.947	1	1	1	0.923	24.54
459	h0	0.875	1	1.0	0.667	1.0	1	1	1	0.846	37.97
460	h0	0.875	1	1.0	0.667	1.0	1	1	1	0.846	37.97
461	h0	0.875	1	1.0	0.667	1.0	1	1	1	0.846	37.97
462	h0	0.875	1	1.0	0.667	1.0	1	1	1	0.846	37.97
463	h0	0.706	1	0.63	0.842	0.737	1	1	1	0.742	15.2
464	h0	0.75	1	0.667	0.889	0.778	1	1	1	0.769	20.46
465	h0	0.75	1	0.667	0.889	0.778	1	1	1	0.769	20.46
466	h0	0.75	1	0.667	0.889	0.778	1	1	1	0.769	20.46
467	h0	0.75	1	0.667	0.889	0.778	1	1	1	0.769	20.46
812	h1	0.882	1	0.889	0.696	0.632	1	1	1	0.742	24.67
813	h1	1.0	1	1.0	0.76	0.667	1	1	1	0.769	38.98
814	h1	1.0	1	1.0	0.667	0.667	1	1	1	0.769	34.21
815	h1	0.551	1	0.494	0.895	0.947	1	1	1	0.714	13.44
816	h1	0.625	1	0.556	1.0	1.0	1	1	1	0.769	22.61
817	h1	0.625	1	0.556	1.0	1.0	1	1	1	0.769	22.61
818	h1	0.882	1	0.889	0.895	0.632	1	1	1	0.714	25.84
819	h1	1.0	1	1.0	1.0	0.667	1	1	1	0.769	43.39
820	h1	1.0	1	1.0	1.0	0.667	1	1	1	0.769	43.39
821	h1	0.662	1	0.593	0.596	0.947	1	1	1	0.742	15.85
822	h1	0.75	1	0.667	0.667	1.0	1	1	1	0.769	25.66
823	h1	0.64	1	0.667	0.667	1.0	1	1	1	0.769	21.9
860	h1	0.882	1	0.889	0.596	0.632	1	1	1	0.89	19.5
861	h1	1.0	1	1.0	0.667	0.667	1	1	1	0.923	31.58
862	h1	1.0	1	1.0	0.667	0.667	1	1	1	0.923	31.58
863	h1	1.0	1	1.0	0.667	0.667	1	1	1	0.923	31.58
864	h1	0.551	1	0.593	0.895	0.737	1	1	1	0.964	15.42
865	h1	0.625	1	0.667	1.0	0.778	1	1	1	1.0	24.94
866	h1	0.625	1	0.667	1.0	0.778	1	1	1	1.0	24.94
867	h1	0.625	1	0.667	1.0	0.778	1	1	1	1.0	24.94
868	h1	0.618	1	0.778	0.608	0.895	1	1	1	0.577	9.66
869	h1	0.875	1	1.0	0.889	1.0	1	1	1	0.769	46.0
870	h1	0.875	1	1.0	1.0	1.0	1	1	1	0.769	51.74
871	h1	0.875	1	1.0	0.889	1.0	1	1	1	0.769	46.0
872	h1	0.574	1	0.648	0.591	0.632	1	1	1	0.61	5.89
873	h1	0.75	1	0.778	0.667	0.667	1	1	1	0.769	16.89
874	h1	0.75	1	0.778	0.667	0.667	1	1	1	0.769	16.89
875	h1	0.75	1	0.778	0.667	0.667	1	1	1	0.769	16.89
876	h1	0.669	1	0.648	0.895	0.737	1	1	1	0.61	14.32
877	h1	0.875	1	0.778	1.0	0.778	1	1	1	0.769	40.73
878	h1	0.875	1	0.778	1.0	0.778	1	1	1	0.769	40.73
879	h1	0.875	1	0.778	1.0	0.778	1	1	1	0.769	40.73
880	h1	0.669	1	0.741	0.632	0.947	1	1	1	0.665	14.96
881	h1	0.875	1	0.889	0.667	1.0	1	1	1	0.769	36.83
882	h1	0.875	1	0.889	0.667	1.0	1	1	1	0.769	36.83
883	h1	0.875	1	0.889	0.667	1.0	1	1	1	0.769	36.83
884	h1	0.353	1	0.42	0.684	0.503	1	1	1	0.714	2.4
885	h1	0.75	1	0.667	1.0	0.667	1	1	1	1.0	25.66
886	h1	0.75	1	0.667	1.0	0.667	1	1	1	1.0	25.66
887	h1	0.75	1	0.667	1.0	0.667	1	1	1	1.0	25.66
888	h1	0.882	1	0.889	0.795	0.842	1	1	1	0.742	28.9
889	h1	1.0	1	1.0	0.889	0.889	1	1	1	0.769	46.74
890	h1	1.0	1	1.0	0.889	0.889	1	1	1	0.769	46.74
891	h1	1.0	1	1.0	0.889	0.889	1	1	1	0.769	46.74
892	h1	0.551	1	0.593	0.596	0.842	1	1	1	0.742	9.03
893	h1	0.625	1	0.667	0.667	0.889	1	1	1	0.769	14.62
894	h1	0.625	1	0.667	0.667	0.889	1	1	1	0.769	14.62
895	h1	0.625	1	0.667	0.667	0.889	1	1	1	0.769	14.62
916	h1	0.882	1	0.889	0.596	0.947	1	1	1	0.816	26.8
917	h1	1.0	1	1.0	0.667	1.0	1	1	1	0.846	43.39
918	h1	1.0	1	1.0	0.667	1.0	1	1	1	0.846	43.39
919	h1	1.0	1	1.0	0.667	1.0	1	1	1	0.846	43.39
920	h1	1.0	1	1.0	0.667	1.0	1	1	1	0.846	43.39
921	h1	0.0	1	0.099	0.696	0.316	1	1	1	0.214	0.0
922	h1	0.574	1	0.574	0.778	0.579	1	1	1	0.769	8.5
923	h1	0.75	1	0.667	0.778	0.667	1	1	1	0.769	15.35
924	h1	0.75	1	0.667	0.778	0.667	1	1	1	0.769	15.35
925	h1	0.75	1	0.667	0.778	0.667	1	1	1	0.769	15.35
926	h1	0.772	1	0.889	0.596	0.947	1	1	1	0.89	21.03
927	h1	0.875	1	1.0	0.667	1.0	1	1	1	0.923	41.42
928	h1	0.875	1	1.0	0.667	1.0	1	1	1	0.923	41.42
929	h1	0.875	1	1.0	0.667	1.0	1	1	1	0.923	41.42
930	h1	0.875	1	1.0	0.667	1.0	1	1	1	0.923	41.42
931	h1	0.662	1	0.593	0.696	0.632	1	1	1	0.742	9.51
932	h1	0.75	1	0.667	0.778	0.667	1	1	1	0.769	15.35
933	h1	0.75	1	0.667	0.778	0.667	1	1	1	0.769	15.35
934	h1	0.75	1	0.667	0.778	0.667	1	1	1	0.769	15.35
935	h1	0.75	1	0.667	0.778	0.667	1	1	1	0.769	15.35
