ChipID	Half	Layer0	Layer1	Layer2	Layer3	Layer4	Layer5	Layer6	Layer7	Layer8	Peff(%)
229	h0	0.632	1	0.633	0.95	0.952	1	0.769	0.964	1	26.82
230	h0	0.667	1	0.667	1.0	1.0	1	0.769	1.0	1	34.21
231	h0	0.667	1	0.667	1.0	1.0	1	0.769	1.0	1	34.21
232	h0	0.737	1	0.95	0.665	0.667	1	0.769	0.816	1	19.49
233	h0	0.778	1	1.0	0.7	0.7	1	0.769	0.846	1	24.8
234	h0	0.778	1	1.0	0.7	0.7	1	0.769	0.846	1	24.8
235	h0	0.842	1	0.633	0.95	0.667	1	0.769	0.742	1	19.27
236	h0	0.889	1	0.667	1.0	0.7	1	0.769	0.769	1	24.55
237	h0	0.889	1	0.667	1.0	0.7	1	0.769	0.769	1	24.55
238	h0	0.632	1	0.95	0.665	0.857	1	0.764	0.742	1	19.4
239	h0	0.667	1	1.0	0.7	0.9	1	0.769	0.769	1	24.85
240	h0	0.667	1	1.0	0.7	0.9	1	0.769	0.769	1	24.85
241	h0	0.842	1	0.739	0.665	0.857	1	0.741	0.89	1	23.39
242	h0	0.889	1	0.744	0.7	0.9	1	0.769	0.923	1	29.58
243	h0	0.889	1	0.667	0.7	0.9	1	0.769	0.923	1	26.52
288	h0	0.632	1	0.844	0.76	0.952	1	1.0	0.742	1	28.64
289	h0	0.667	1	0.889	0.8	1.0	1	1.0	0.769	1	36.48
290	h0	0.667	1	0.889	0.8	1.0	1	1.0	0.769	1	36.48
291	h0	0.667	1	0.889	0.8	1.0	1	1.0	0.769	1	36.48
292	h0	0.947	1	0.844	0.665	0.667	1	0.846	0.742	1	22.25
293	h0	1.0	1	0.889	0.7	0.7	1	0.846	0.769	1	28.34
294	h0	1.0	1	0.889	0.7	0.7	1	0.846	0.769	1	28.34
295	h0	1.0	1	0.889	0.7	0.614	1	0.917	0.769	1	26.94
296	h0	0.316	1	0.433	0.95	0.676	1	0.308	0.56	1	1.52
297	h0	0.632	1	0.656	1.0	0.8	1	0.769	0.769	1	19.61
298	h0	0.667	1	0.667	1.0	0.8	1	0.769	0.769	1	21.05
299	h0	0.667	1	0.667	1.0	0.8	1	0.769	0.769	1	21.05
300	h0	0.684	1	0.75	0.49	0.81	1	0.564	0.662	1	7.6
301	h0	1.0	1	1.0	0.7	1.0	1	0.769	0.769	1	41.4
302	h0	1.0	1	1.0	0.7	1.0	1	0.769	0.769	1	41.4
303	h0	1.0	1	1.0	0.7	1.0	1	0.769	0.769	1	41.4
304	h0	0.526	1	0.583	0.665	0.576	1	0.647	0.791	1	6.01
305	h0	0.667	1	0.667	0.7	0.6	1	0.769	0.923	1	13.26
306	h0	0.667	1	0.667	0.7	0.6	1	0.75	0.923	1	12.93
307	h0	0.667	1	0.667	0.7	0.6	1	0.769	0.923	1	13.26
308	h0	0.702	1	0.661	0.9	0.762	1	0.627	0.821	1	16.38
309	h0	0.889	1	0.778	1.0	0.8	1	0.769	1.0	1	42.55
310	h0	0.889	1	0.778	1.0	0.8	1	0.769	1.0	1	42.55
311	h0	0.889	1	0.778	1.0	0.8	1	0.769	1.0	1	42.55
312	h0	0.702	1	0.85	0.67	0.952	1	0.718	0.725	1	19.81
313	h0	0.889	1	1.0	0.7	1.0	1	0.917	0.846	1	48.28
314	h0	0.889	1	1.0	0.7	1.0	1	0.917	0.846	1	48.28
315	h0	0.889	1	1.0	0.7	1.0	1	0.923	0.846	1	48.59
316	h0	0.345	1	0.444	0.54	0.514	1	0.704	0.679	1	2.03
317	h0	0.667	1	0.667	0.9	0.6	1	1.0	0.769	1	18.47
318	h0	0.667	1	0.667	0.9	0.6	1	1.0	0.769	1	18.47
319	h0	0.667	1	0.667	0.9	0.6	1	1.0	0.769	1	18.47
320	h0	0.947	1	0.95	0.855	0.762	1	0.769	0.602	1	27.13
321	h0	1.0	1	1.0	0.9	0.8	1	0.769	0.769	1	42.58
322	h0	1.0	1	1.0	0.9	0.8	1	0.769	0.769	1	42.58
323	h0	1.0	1	1.0	0.9	0.8	1	0.769	0.769	1	42.58
324	h0	0.632	1	0.633	0.665	0.952	1	0.769	0.742	1	14.45
325	h0	0.667	1	0.667	0.7	1.0	1	0.769	0.769	1	18.42
326	h0	0.667	1	0.667	0.7	1.0	1	0.769	0.769	1	18.42
327	h0	0.667	1	0.667	0.7	1.0	1	0.769	0.769	1	18.42
328	h0	0.947	1	0.739	0.95	0.571	1	0.769	0.742	1	21.66
329	h0	1.0	1	0.778	1.0	0.6	1	0.769	0.769	1	27.6
330	h0	1.0	1	0.778	1.0	0.6	1	0.769	0.769	1	27.6
331	h0	1.0	1	0.778	1.0	0.6	1	0.769	0.769	1	27.6
697	h1	0.596	1	0.7	0.95	0.952	1	0.769	0.929	1	26.96
698	h1	0.667	1	0.778	1.0	1.0	1	0.769	1.0	1	39.91
699	h1	0.778	1	0.778	1.0	1.0	1	0.769	1.0	1	46.55
700	h1	0.696	1	0.9	0.76	0.667	1	0.761	0.857	1	20.71
701	h1	0.778	1	1.0	0.765	0.7	1	0.769	0.923	1	29.57
702	h1	0.778	1	1.0	0.7	0.7	1	0.769	0.923	1	27.06
703	h1	0.895	1	0.5	0.855	0.667	1	0.741	0.714	1	13.5
704	h1	1.0	1	0.556	0.9	0.7	1	0.769	0.769	1	20.71
705	h1	1.0	1	0.556	0.9	0.7	1	0.769	0.769	1	20.71
706	h1	0.596	1	0.9	0.76	0.762	1	0.761	0.742	1	17.54
707	h1	0.667	1	1.0	0.8	0.8	1	0.769	0.769	1	25.24
708	h1	0.667	1	1.0	0.8	0.8	1	0.769	0.769	1	25.24
709	h1	0.696	1	0.6	0.665	0.952	1	0.744	0.786	1	15.46
710	h1	0.778	1	0.667	0.7	1.0	1	0.769	0.846	1	23.63
711	h1	0.778	1	0.667	0.7	1.0	1	0.769	0.923	1	25.78
756	h1	0.596	1	0.8	0.855	0.952	1	0.889	0.714	1	24.63
757	h1	0.667	1	0.889	0.9	1.0	1	0.923	0.769	1	37.88
758	h1	0.667	1	0.889	0.9	1.0	1	0.923	0.769	1	37.88
759	h1	0.667	1	0.889	0.9	1.0	1	0.923	0.769	1	37.88
760	h1	0.895	1	0.8	0.665	0.762	1	0.889	0.714	1	23.03
761	h1	1.0	1	0.889	0.7	0.757	1	0.923	0.769	1	33.44
762	h1	1.0	1	0.889	0.7	0.7	1	0.923	0.769	1	30.92
763	h1	1.0	1	0.889	0.7	0.7	1	0.923	0.769	1	30.92
764	h1	0.199	1	0.4	0.95	0.571	1	0.228	0.533	1	0.52
765	h1	0.596	1	0.644	1.0	0.648	1	0.769	0.769	1	14.71
766	h1	0.667	1	0.667	1.0	0.7	1	0.769	0.769	1	18.42
767	h1	0.667	1	0.667	1.0	0.7	1	0.769	0.769	1	18.42
768	h1	0.632	1	0.7	0.455	0.81	1	0.53	0.635	1	5.49
769	h1	1.0	1	1.0	0.7	1.0	1	0.769	0.769	1	41.4
770	h1	1.0	1	1.0	0.7	1.0	1	0.769	0.769	1	41.4
771	h1	1.0	1	1.0	0.7	1.0	1	0.769	0.769	1	41.4
772	h1	0.491	1	0.55	0.66	0.652	1	0.604	0.695	1	4.88
773	h1	0.667	1	0.667	0.7	0.7	1	0.769	0.846	1	14.18
774	h1	0.667	1	0.667	0.7	0.7	1	0.769	0.846	1	14.18
775	h1	0.667	1	0.667	0.7	0.7	1	0.769	0.846	1	14.18
776	h1	0.573	1	0.661	0.9	0.667	1	0.604	0.786	1	10.79
777	h1	0.778	1	0.778	1.0	0.7	1	0.769	1.0	1	32.58
778	h1	0.778	1	0.778	1.0	0.7	1	0.769	1.0	1	32.58
779	h1	0.778	1	0.778	1.0	0.7	1	0.75	1.0	1	31.78
780	h1	0.737	1	0.85	0.67	0.952	1	0.627	0.758	1	18.99
781	h1	1.0	1	1.0	0.7	1.0	1	0.846	0.923	1	54.66
782	h1	1.0	1	1.0	0.7	1.0	1	0.917	0.923	1	59.25
783	h1	1.0	1	1.0	0.7	1.0	1	0.917	0.923	1	59.25
784	h1	0.316	1	0.422	0.48	0.614	1	0.704	0.626	1	1.73
785	h1	0.667	1	0.667	0.8	0.7	1	1.0	0.769	1	19.16
786	h1	0.667	1	0.667	0.8	0.7	1	1.0	0.769	1	19.16
787	h1	0.667	1	0.667	0.8	0.7	1	1.0	0.769	1	19.16
788	h1	0.895	1	0.9	0.95	0.762	1	0.815	0.566	1	26.9
789	h1	1.0	1	1.0	1.0	0.8	1	0.846	0.769	1	52.05
790	h1	1.0	1	1.0	1.0	0.8	1	0.846	0.769	1	52.05
791	h1	1.0	1	1.0	1.0	0.8	1	0.846	0.769	1	52.05
792	h1	0.596	1	0.6	0.665	0.952	1	0.766	0.714	1	12.38
793	h1	0.667	1	0.667	0.7	1.0	1	0.769	0.769	1	18.42
794	h1	0.667	1	0.667	0.7	1.0	1	0.769	0.769	1	18.42
795	h1	0.667	1	0.667	0.7	1.0	1	0.769	0.769	1	18.42
796	h1	0.895	1	0.7	0.95	0.667	1	0.769	0.714	1	21.8
797	h1	1.0	1	0.778	1.0	0.7	1	0.769	0.769	1	32.21
798	h1	1.0	1	0.778	1.0	0.7	1	0.769	0.769	1	32.21
799	h1	1.0	1	0.778	1.0	0.7	1	0.769	0.769	1	32.21
