ChipID	Half	Layer0	Layer1	Layer2	Layer3	Layer4	Layer5	Layer6	Layer7	Layer8	Peff(%)
344	h0	0.941	1	0.84	0.632	1	0.95	1	1	0.742	31.34
345	h0	1.0	1	0.889	0.667	1	1.0	1	1	0.769	42.09
346	h0	1.0	1	1.0	0.667	1	1.0	1	1	0.769	51.29
347	h0	0.588	1	0.63	0.947	1	0.633	1	1	0.742	12.23
348	h0	0.625	1	0.667	1.0	1	0.778	1	1	0.769	19.18
349	h0	0.625	1	0.667	1.0	1	0.778	1	1	0.769	19.18
350	h0	0.941	1	0.944	0.947	1	0.844	1	1	0.742	42.99
351	h0	1.0	1	1.0	1.0	1	0.889	1	1	0.769	57.84
352	h0	1.0	1	1.0	1.0	1	0.889	1	1	0.769	57.84
353	h0	0.706	1	0.735	0.632	1	0.844	1	1	0.742	19.8
354	h0	0.75	1	0.765	0.667	1	0.889	1	1	0.769	26.16
355	h0	0.632	1	0.667	0.667	1	0.889	1	1	0.769	19.22
392	h0	0.941	1	0.944	0.632	1	0.633	1	1	0.964	25.42
393	h0	1.0	1	1.0	0.667	1	0.667	1	1	0.923	31.58
394	h0	1.0	1	1.0	0.667	1	0.667	1	1	0.923	31.58
395	h0	1.0	1	1.0	0.667	1	0.667	1	1	0.923	31.58
396	h0	0.588	1	0.63	0.947	1	0.95	1	1	0.89	22.01
397	h0	0.625	1	0.667	1.0	1	1.0	1	1	0.923	29.59
398	h0	0.625	1	0.667	1.0	1	1.0	1	1	0.923	29.59
399	h0	0.625	1	0.667	1.0	1	1.0	1	1	0.923	29.59
400	h0	0.706	1	0.778	0.655	1	0.622	1	1	0.604	8.91
401	h0	1.0	1	1.0	0.889	1	0.778	1	1	0.769	40.9
402	h0	1.0	1	1.0	0.889	1	0.778	1	1	0.769	40.9
403	h0	1.0	1	1.0	0.889	1	0.778	1	1	0.769	40.9
404	h0	0.574	1	0.556	0.626	1	0.667	1	1	0.643	6.78
405	h0	0.75	1	0.667	0.667	1	0.667	1	1	0.769	15.8
406	h0	0.75	1	0.667	0.667	1	0.667	1	1	0.769	15.8
407	h0	0.75	1	0.667	0.667	1	0.667	1	1	0.769	15.8
408	h0	0.669	1	0.79	0.947	1	1.0	1	1	0.635	26.09
409	h0	0.875	1	0.889	1.0	1	1.0	1	1	0.769	59.82
410	h0	0.875	1	0.889	1.0	1	1.0	1	1	0.769	59.82
411	h0	0.875	1	0.889	1.0	1	1.0	1	1	0.769	59.82
412	h0	0.721	1	0.691	0.632	1	0.656	1	1	0.695	10.41
413	h0	0.875	1	0.778	0.667	1	0.667	1	1	0.846	21.68
414	h0	0.875	1	0.778	0.667	1	0.667	1	1	0.846	21.68
415	h0	0.875	1	0.778	0.667	1	0.667	1	1	0.846	21.68
416	h0	0.412	1	0.37	0.737	1	0.8	1	1	0.714	4.23
417	h0	0.875	1	0.667	1.0	1	1.0	1	1	1.0	44.88
418	h0	0.875	1	0.667	1.0	1	1.0	1	1	1.0	44.88
419	h0	0.875	1	0.667	1.0	1	1.0	1	1	1.0	44.88
420	h0	0.941	1	0.944	0.842	1	0.95	1	1	0.742	39.12
421	h0	1.0	1	1.0	0.889	1	1.0	1	1	0.769	52.57
422	h0	1.0	1	1.0	0.889	1	1.0	1	1	0.769	52.57
423	h0	1.0	1	1.0	0.889	1	1.0	1	1	0.769	52.57
424	h0	0.706	1	0.63	0.632	1	0.633	1	1	0.742	9.8
425	h0	0.75	1	0.667	0.667	1	0.667	1	1	0.769	13.16
426	h0	0.75	1	0.667	0.667	1	0.667	1	1	0.769	13.16
427	h0	0.75	1	0.667	0.667	1	0.667	1	1	0.769	13.16
448	h0	0.941	1	0.944	0.632	1	0.633	1	1	0.742	19.57
449	h0	1.0	1	1.0	0.667	1	0.667	1	1	0.769	26.31
450	h0	1.0	1	1.0	0.667	1	0.667	1	1	0.769	26.31
451	h0	1.0	1	1.0	0.667	1	0.667	1	1	0.769	26.31
452	h0	1.0	1	1.0	0.667	1	0.667	1	1	0.769	26.31
453	h0	0.0	1	0.21	0.842	1	0.95	1	1	0.214	0.0
454	h0	0.574	1	0.593	0.889	1	1.0	1	1	0.769	17.64
455	h0	0.75	1	0.667	0.889	1	1.0	1	1	0.769	26.3
456	h0	0.75	1	0.667	0.889	1	1.0	1	1	0.769	26.3
457	h0	0.75	1	0.667	0.889	1	1.0	1	1	0.769	26.3
458	h0	0.824	1	0.944	0.632	1	0.844	1	1	0.923	21.87
459	h0	0.875	1	1.0	0.667	1	0.889	1	1	0.846	33.75
460	h0	0.875	1	1.0	0.667	1	0.889	1	1	0.846	33.75
461	h0	0.875	1	1.0	0.667	1	0.889	1	1	0.846	33.75
462	h0	0.875	1	1.0	0.667	1	0.889	1	1	0.846	33.75
463	h0	0.706	1	0.63	0.842	1	0.633	1	1	0.742	13.05
464	h0	0.75	1	0.667	0.889	1	0.667	1	1	0.769	17.54
465	h0	0.75	1	0.667	0.889	1	0.667	1	1	0.769	17.54
466	h0	0.75	1	0.667	0.889	1	0.667	1	1	0.769	17.54
467	h0	0.75	1	0.667	0.889	1	0.667	1	1	0.769	17.54
812	h1	0.882	1	0.889	0.696	1	0.9	1	1	0.742	35.13
813	h1	1.0	1	1.0	0.76	1	1.0	1	1	0.769	58.44
814	h1	1.0	1	1.0	0.667	1	1.0	1	1	0.769	51.29
815	h1	0.551	1	0.494	0.895	1	0.7	1	1	0.714	9.94
816	h1	0.625	1	0.556	1.0	1	0.778	1	1	0.769	17.59
817	h1	0.625	1	0.556	1.0	1	0.778	1	1	0.769	17.59
818	h1	0.882	1	0.889	0.895	1	0.8	1	1	0.714	32.71
819	h1	1.0	1	1.0	1.0	1	0.889	1	1	0.769	57.84
820	h1	1.0	1	1.0	1.0	1	0.889	1	1	0.769	57.84
821	h1	0.662	1	0.593	0.596	1	0.8	1	1	0.742	13.39
822	h1	0.75	1	0.667	0.667	1	0.889	1	1	0.769	22.81
823	h1	0.64	1	0.667	0.667	1	0.889	1	1	0.769	19.47
860	h1	0.882	1	0.889	0.596	1	0.6	1	1	0.89	18.52
861	h1	1.0	1	1.0	0.667	1	0.667	1	1	0.923	31.58
862	h1	1.0	1	1.0	0.667	1	0.667	1	1	0.923	31.58
863	h1	1.0	1	1.0	0.667	1	0.667	1	1	0.923	31.58
864	h1	0.551	1	0.593	0.895	1	0.9	1	1	0.964	18.83
865	h1	0.625	1	0.667	1.0	1	1.0	1	1	1.0	32.06
866	h1	0.625	1	0.667	1.0	1	1.0	1	1	1.0	32.06
867	h1	0.625	1	0.667	1.0	1	1.0	1	1	1.0	32.06
868	h1	0.618	1	0.778	0.608	1	0.583	1	1	0.577	6.29
869	h1	0.875	1	1.0	0.889	1	0.778	1	1	0.769	35.79
870	h1	0.875	1	1.0	1.0	1	0.778	1	1	0.769	40.26
871	h1	0.875	1	1.0	0.889	1	0.778	1	1	0.769	35.79
872	h1	0.574	1	0.648	0.591	1	0.667	1	1	0.61	6.22
873	h1	0.75	1	0.778	0.667	1	0.667	1	1	0.769	16.89
874	h1	0.75	1	0.778	0.667	1	0.667	1	1	0.769	16.89
875	h1	0.75	1	0.778	0.667	1	0.667	1	1	0.769	16.89
876	h1	0.669	1	0.648	0.895	1	0.95	1	1	0.61	18.46
877	h1	0.875	1	0.778	1.0	1	1.0	1	1	0.769	52.35
878	h1	0.875	1	0.778	1.0	1	1.0	1	1	0.769	52.35
879	h1	0.875	1	0.778	1.0	1	1.0	1	1	0.769	52.35
880	h1	0.669	1	0.741	0.632	1	0.644	1	1	0.665	10.17
881	h1	0.875	1	0.889	0.667	1	0.667	1	1	0.769	24.56
882	h1	0.875	1	0.889	0.667	1	0.667	1	1	0.769	24.56
883	h1	0.875	1	0.889	0.667	1	0.667	1	1	0.769	24.56
884	h1	0.353	1	0.42	0.684	1	0.75	1	1	0.714	3.58
885	h1	0.75	1	0.667	1.0	1	1.0	1	1	1.0	38.47
886	h1	0.75	1	0.667	1.0	1	1.0	1	1	1.0	38.47
887	h1	0.75	1	0.667	1.0	1	1.0	1	1	1.0	38.47
888	h1	0.882	1	0.889	0.795	1	0.9	1	1	0.742	30.89
889	h1	1.0	1	1.0	0.889	1	1.0	1	1	0.769	52.57
890	h1	1.0	1	1.0	0.889	1	1.0	1	1	0.769	52.57
891	h1	1.0	1	1.0	0.889	1	1.0	1	1	0.769	52.57
892	h1	0.551	1	0.593	0.596	1	0.6	1	1	0.742	6.43
893	h1	0.625	1	0.667	0.667	1	0.667	1	1	0.769	10.97
894	h1	0.625	1	0.667	0.667	1	0.667	1	1	0.769	10.97
895	h1	0.625	1	0.667	0.667	1	0.667	1	1	0.769	10.97
916	h1	0.882	1	0.889	0.596	1	0.6	1	1	0.816	16.98
917	h1	1.0	1	1.0	0.667	1	0.667	1	1	0.846	28.94
918	h1	1.0	1	1.0	0.667	1	0.667	1	1	0.846	28.94
919	h1	1.0	1	1.0	0.667	1	0.667	1	1	0.846	28.94
920	h1	1.0	1	1.0	0.667	1	0.667	1	1	0.846	28.94
921	h1	0.0	1	0.099	0.696	1	0.9	1	1	0.214	0.0
922	h1	0.574	1	0.574	0.778	1	1.0	1	1	0.769	14.69
923	h1	0.75	1	0.667	0.778	1	1.0	1	1	0.769	23.02
924	h1	0.75	1	0.667	0.778	1	1.0	1	1	0.769	23.02
925	h1	0.75	1	0.667	0.778	1	1.0	1	1	0.769	23.02
926	h1	0.772	1	0.889	0.596	1	0.8	1	1	0.89	17.77
927	h1	0.875	1	1.0	0.667	1	0.889	1	1	0.923	36.83
928	h1	0.875	1	1.0	0.667	1	0.889	1	1	0.923	36.83
929	h1	0.875	1	1.0	0.667	1	0.889	1	1	0.923	36.83
930	h1	0.875	1	1.0	0.667	1	0.889	1	1	0.923	36.83
931	h1	0.662	1	0.593	0.696	1	0.6	1	1	0.742	9.03
932	h1	0.75	1	0.667	0.778	1	0.667	1	1	0.769	15.35
933	h1	0.75	1	0.667	0.778	1	0.667	1	1	0.769	15.35
934	h1	0.75	1	0.667	0.778	1	0.667	1	1	0.769	15.35
935	h1	0.75	1	0.667	0.778	1	0.667	1	1	0.769	15.35
