 ChipID Half   Layer0   Layer1   Layer2   Layer3  Layer4   Layer5   Layer6   Layer7  Layer8  Pseaudo_Eff
    332   h0 0.937500 0.705882 0.941176 0.629630       1 0.947368 0.784091 0.696970       1     0.203029
    333   h0 1.000000 0.750000 1.000000 0.666667       1 1.000000 0.818182 0.727273       1     0.297521
    334   h0 1.000000 0.750000 1.000000 0.666667       1 1.000000 0.818182 0.727273       1     0.297521
    335   h0 0.585938 0.823529 0.588235 0.944444       1 0.631579 0.958333 0.696970       1     0.113088
    336   h0 0.625000 0.875000 0.625000 1.000000       1 0.666667 1.000000 0.727273       1     0.165720
    337   h0 0.625000 0.875000 0.625000 1.000000       1 0.666667 1.000000 0.727273       1     0.165720
    338   h0 0.585938 0.705882 0.941176 0.629630       1 0.894737 0.696970 0.958333       1     0.146476
    339   h0 0.625000 0.750000 1.000000 0.666667       1 1.000000 0.727273 1.000000       1     0.227273
    340   h0 0.625000 0.750000 1.000000 0.666667       1 1.000000 0.818182 1.000000       1     0.255682
    341   h0 0.937500 0.941176 0.588235 0.944444       1 0.596491 0.958333 0.784091       1     0.219714
    342   h0 1.000000 1.000000 0.625000 1.000000       1 0.666667 1.000000 0.818182       1     0.340909
    343   h0 1.000000 1.000000 0.625000 1.000000       1 0.666667 1.000000 0.818182       1     0.340909
    356   h0 0.937500 0.705882 0.941176 0.629630       1 0.736842 0.696970 0.784091       1     0.157912
    357   h0 1.000000 0.750000 1.000000 0.666667       1 0.777778 0.727273 0.818182       1     0.231405
    358   h0 1.000000 0.750000 1.000000 0.666667       1 0.777778 0.727273 0.818182       1     0.231405
    359   h0 1.000000 0.750000 1.000000 0.666667       1 0.777778 0.727273 0.818182       1     0.231405
    360   h0 0.585938 0.823529 0.588235 0.944444       1 0.947368 0.696970 0.958333       1     0.169632
    361   h0 0.625000 0.875000 0.625000 1.000000       1 1.000000 0.727273 1.000000       1     0.248580
    362   h0 0.625000 0.875000 0.625000 1.000000       1 1.000000 0.727273 1.000000       1     0.248580
    363   h0 0.625000 0.875000 0.625000 1.000000       1 1.000000 0.727273 1.000000       1     0.248580
    364   h0 0.500000 0.411765 0.588235 0.419753       1 0.502924 0.424242 0.647727       1     0.007025
    365   h0 1.000000 0.875000 1.000000 0.666667       1 0.666667 0.727273 0.818182       1     0.231405
    366   h0 1.000000 0.875000 1.000000 0.666667       1 0.666667 0.727273 0.818182       1     0.231405
    367   h0 1.000000 0.875000 1.000000 0.666667       1 0.666667 0.727273 0.818182       1     0.231405
    368   h0 0.429688 0.669118 0.492647 0.790123       1 0.947368 0.537879 0.750000       1     0.042771
    369   h0 0.625000 0.875000 0.625000 0.888889       1 1.000000 0.727273 1.000000       1     0.220960
    370   h0 0.625000 0.875000 0.625000 0.888889       1 1.000000 0.727273 1.000000       1     0.220960
    371   h0 0.625000 0.875000 0.625000 0.888889       1 1.000000 0.727273 1.000000       1     0.220960
    372   h0 0.750000 0.669118 0.823529 0.691358       1 0.736842 0.750000 0.545455       1     0.086127
    373   h0 1.000000 0.875000 1.000000 0.777778       1 0.777778 1.000000 0.727273       1     0.384961
    374   h0 1.000000 0.875000 1.000000 0.777778       1 0.777778 1.000000 0.727273       1     0.384961
    375   h0 1.000000 0.875000 1.000000 0.777778       1 0.777778 1.000000 0.727273       1     0.384961
    376   h0 0.460938 0.573529 0.514706 0.648148       1 0.631579 0.613636 0.575758       1     0.019679
    377   h0 0.625000 0.750000 0.625000 0.777778       1 0.666667 0.818182 0.727273       1     0.090393
    378   h0 0.625000 0.750000 0.625000 0.777778       1 0.666667 0.818182 0.727273       1     0.090393
    379   h0 0.625000 0.750000 0.625000 0.777778       1 0.666667 0.818182 0.727273       1     0.090393
    380   h0 0.562500 0.566176 0.647059 0.722222       1 0.789474 0.545455 0.424242       1     0.027189
    381   h0 1.000000 0.875000 1.000000 1.000000       1 1.000000 0.727273 0.727273       1     0.462810
    382   h0 1.000000 0.875000 1.000000 1.000000       1 1.000000 0.727273 0.727273       1     0.462810
    383   h0 1.000000 0.875000 1.000000 1.000000       1 1.000000 0.727273 0.727273       1     0.462810
    384   h0 0.585938 0.705882 0.823529 0.629630       1 0.631579 0.784091 0.696970       1     0.074021
    385   h0 0.625000 0.750000 0.875000 0.666667       1 0.666667 0.727273 0.727273       1     0.096419
    386   h0 0.625000 0.750000 0.875000 0.666667       1 0.666667 0.727273 0.727273       1     0.096419
    387   h0 0.625000 0.750000 0.875000 0.666667       1 0.666667 0.727273 0.727273       1     0.096419
    388   h0 0.937500 0.941176 0.705882 0.944444       1 0.736842 0.696970 0.696970       1     0.210549
    389   h0 1.000000 1.000000 0.750000 1.000000       1 0.777778 0.727273 0.727273       1     0.308540
    390   h0 1.000000 1.000000 0.750000 1.000000       1 0.777778 0.727273 0.727273       1     0.308540
    391   h0 1.000000 0.875000 0.750000 1.000000       1 0.777778 0.727273 0.727273       1     0.269972
    428   h0 0.937500 0.823529 0.941176 0.629630       1 0.631579 0.871212 0.696970       1     0.175458
    429   h0 1.000000 0.875000 1.000000 0.666667       1 0.666667 0.909091 0.727273       1     0.257117
    430   h0 1.000000 0.875000 1.000000 0.666667       1 0.666667 0.909091 0.727273       1     0.257117
    431   h0 1.000000 0.875000 1.000000 0.666667       1 0.666667 0.909091 0.727273       1     0.257117
    432   h0 1.000000 0.875000 1.000000 0.666667       1 0.666667 0.909091 0.727273       1     0.257117
    433   h0 0.000000 0.823529 0.235294 0.944444       1 0.947368 0.189394 0.435606       1     0.000000
    434   h0 0.429688 0.875000 0.536765 1.000000       1 1.000000 0.909091 0.715909       1     0.131344
    435   h0 0.625000 0.875000 0.625000 1.000000       1 1.000000 0.909091 0.727273       1     0.225981
    436   h0 0.625000 0.875000 0.625000 1.000000       1 1.000000 0.909091 0.727273       1     0.225981
    437   h0 0.625000 0.875000 0.625000 1.000000       1 1.000000 0.909091 0.727273       1     0.225981
    438   h0 0.468750 0.000000 0.705882 0.104938       1 0.315789 0.000000 0.208333       1     0.000000
    439   h0 0.578125 0.529412 0.750000 0.543210       1 0.614035 0.666667 1.000000       1     0.051044
    440   h0 0.625000 0.750000 0.750000 0.666667       1 0.666667 0.727273 1.000000       1     0.113636
    441   h0 0.625000 0.750000 0.750000 0.666667       1 0.666667 0.727273 1.000000       1     0.113636
    442   h0 0.625000 0.750000 0.750000 0.666667       1 0.666667 0.727273 1.000000       1     0.113636
    443   h0 0.937500 0.823529 0.823529 0.944444       1 0.947368 0.958333 0.784091       1     0.427472
    444   h0 1.000000 0.875000 0.875000 1.000000       1 1.000000 1.000000 0.818182       1     0.626420
    445   h0 1.000000 0.875000 0.875000 1.000000       1 1.000000 1.000000 0.818182       1     0.626420
    446   h0 1.000000 0.875000 0.875000 1.000000       1 1.000000 1.000000 0.818182       1     0.626420
    447   h0 1.000000 0.875000 0.875000 1.000000       1 1.000000 1.000000 0.727273       1     0.556818
    800   h1 0.937500 0.661765 0.941176 0.592593       1 0.947368 0.871212 0.727273       1     0.207703
    801   h1 1.000000 0.750000 1.000000 0.666667       1 1.000000 0.909091 0.727273       1     0.330579
    802   h1 1.000000 0.750000 1.000000 0.666667       1 1.000000 0.909091 0.727273       1     0.330579
    803   h1 0.585938 0.882353 0.588235 0.944444       1 0.631579 0.958333 0.727273       1     0.126434
    804   h1 0.625000 1.000000 0.625000 1.000000       1 0.666667 1.000000 0.727273       1     0.189394
    805   h1 0.625000 1.000000 0.625000 1.000000       1 0.666667 1.000000 0.727273       1     0.189394
    806   h1 0.601562 0.661765 0.875000 0.629630       1 0.842105 0.784091 1.000000       1     0.144814
    807   h1 0.625000 0.750000 0.875000 0.666667       1 0.918129 0.818182 1.000000       1     0.205405
    808   h1 0.625000 0.750000 0.875000 0.666667       1 1.000000 0.818182 1.000000       1     0.223722
    809   h1 0.937500 0.772059 0.750000 0.944444       1 0.736842 0.958333 0.727273       1     0.263298
    810   h1 1.000000 0.875000 0.750000 1.000000       1 0.748538 1.000000 0.727273       1     0.357257
    811   h1 1.000000 0.875000 0.750000 1.000000       1 0.666667 1.000000 0.727273       1     0.318182
    824   h1 0.937500 0.661765 0.941176 0.629630       1 0.736842 0.696970 0.909091       1     0.171643
    825   h1 1.000000 0.750000 1.000000 0.666667       1 0.777778 0.727273 0.909091       1     0.257117
    826   h1 1.000000 0.750000 1.000000 0.666667       1 0.777778 0.727273 0.909091       1     0.257117
    827   h1 1.000000 0.750000 1.000000 0.666667       1 0.777778 0.727273 0.909091       1     0.257117
    828   h1 0.585938 0.772059 0.595588 0.944444       1 0.947368 0.696970 1.000000       1     0.168018
    829   h1 0.625000 1.000000 0.625000 1.000000       1 1.000000 0.727273 1.000000       1     0.284091
    830   h1 0.625000 1.000000 0.625000 1.000000       1 1.000000 0.727273 1.000000       1     0.284091
    831   h1 0.625000 1.000000 0.625000 1.000000       1 1.000000 0.727273 1.000000       1     0.284091
    832   h1 0.562500 0.308824 0.588235 0.450617       1 0.461988 0.469697 0.719697       1     0.007191
    833   h1 1.000000 0.750000 1.000000 0.666667       1 0.666667 0.727273 0.909091       1     0.220386
    834   h1 1.000000 0.750000 1.000000 0.666667       1 0.666667 0.727273 0.909091       1     0.220386
    835   h1 1.000000 0.750000 1.000000 0.666667       1 0.666667 0.727273 0.909091       1     0.220386
    836   h1 0.453125 0.617647 0.544118 0.790123       1 0.842105 0.568182 0.791667       1     0.045577
    837   h1 0.625000 0.875000 0.625000 0.888889       1 0.888889 0.727273 1.000000       1     0.196409
    838   h1 0.625000 0.875000 0.625000 0.888889       1 0.888889 0.727273 1.000000       1     0.196409
    839   h1 0.625000 0.875000 0.625000 0.888889       1 0.888889 0.727273 1.000000       1     0.196409
    840   h1 0.687500 0.573529 0.882353 0.691358       1 0.842105 0.750000 0.579545       1     0.088042
    841   h1 1.000000 0.750000 1.000000 0.777778       1 0.888889 1.000000 0.727273       1     0.377104
    842   h1 1.000000 0.750000 1.000000 0.777778       1 0.888889 1.000000 0.727273       1     0.377104
    843   h1 1.000000 0.750000 1.000000 0.777778       1 0.888889 1.000000 0.727273       1     0.377104
    844   h1 0.460938 0.669118 0.544118 0.691358       1 0.637427 0.613636 0.598485       1     0.027160
    845   h1 0.625000 0.875000 0.625000 0.777778       1 0.666667 0.818182 0.727273       1     0.105458
    846   h1 0.625000 0.875000 0.625000 0.777778       1 0.666667 0.818182 0.727273       1     0.105458
    847   h1 0.625000 0.875000 0.625000 0.777778       1 0.666667 0.818182 0.727273       1     0.105458
    848   h1 0.500000 0.566176 0.647059 0.777778       1 0.842105 0.515152 0.511364       1     0.031605
    849   h1 1.000000 0.875000 1.000000 1.000000       1 1.000000 0.727273 0.818182       1     0.520661
    850   h1 1.000000 0.875000 1.000000 1.000000       1 1.000000 0.727273 0.818182       1     0.520661
    851   h1 1.000000 0.875000 1.000000 1.000000       1 1.000000 0.727273 0.818182       1     0.520661
    852   h1 0.617188 0.772059 0.750000 0.629630       1 0.631579 0.696970 0.727273       1     0.072037
    853   h1 0.625000 0.875000 0.750000 0.666667       1 0.666667 0.727273 0.727273       1     0.096419
    854   h1 0.625000 0.875000 0.750000 0.666667       1 0.666667 0.727273 0.727273       1     0.096419
    855   h1 0.625000 0.875000 0.750000 0.666667       1 0.666667 0.727273 0.727273       1     0.096419
    856   h1 1.000000 0.772059 0.875000 0.944444       1 0.736842 0.696970 0.727273       1     0.238298
    857   h1 1.000000 0.875000 0.875000 1.000000       1 0.777778 0.727273 0.818182       1     0.354339
    858   h1 1.000000 0.875000 0.875000 1.000000       1 0.777778 0.727273 0.818182       1     0.354339
    859   h1 1.000000 0.875000 0.875000 1.000000       1 0.777778 0.727273 0.818182       1     0.354339
    896   h1 0.937500 0.661765 1.000000 0.604938       1 0.631579 0.958333 0.727273       1     0.165207
    897   h1 1.000000 0.750000 1.000000 0.666667       1 0.666667 1.000000 0.727273       1     0.242424
    898   h1 1.000000 0.750000 1.000000 0.666667       1 0.666667 1.000000 0.727273       1     0.242424
    899   h1 1.000000 0.750000 1.000000 0.666667       1 0.666667 1.000000 0.727273       1     0.242424
    900   h1 1.000000 0.750000 1.000000 0.666667       1 0.666667 1.000000 0.727273       1     0.242424
    901   h1 0.117188 0.772059 0.375000 0.888889       1 0.947368 0.189394 0.465909       1     0.002521
    902   h1 0.468750 0.875000 0.580882 1.000000       1 1.000000 0.909091 0.727273       1     0.157522
    903   h1 0.625000 0.875000 0.625000 1.000000       1 1.000000 0.909091 0.727273       1     0.225981
    904   h1 0.625000 0.875000 0.625000 1.000000       1 1.000000 0.909091 0.727273       1     0.225981
    905   h1 0.625000 0.875000 0.625000 1.000000       1 1.000000 0.909091 0.727273       1     0.225981
    906   h1 0.468750 0.000000 0.625000 0.104938       1 0.315789 0.000000 0.250000       1     0.000000
    907   h1 0.578125 0.617647 0.625000 0.574074       1 0.631579 0.666667 1.000000       1     0.053944
    908   h1 0.625000 0.875000 0.625000 0.666667       1 0.666667 0.727273 1.000000       1     0.110480
    909   h1 0.625000 0.875000 0.625000 0.666667       1 0.666667 0.727273 1.000000       1     0.110480
    910   h1 0.625000 0.875000 0.625000 0.666667       1 0.666667 0.727273 1.000000       1     0.110480
    911   h1 0.937500 0.772059 1.000000 0.944444       1 0.947368 0.958333 0.727273       1     0.451368
    912   h1 1.000000 0.875000 1.000000 1.000000       1 1.000000 1.000000 0.727273       1     0.636364
    913   h1 1.000000 0.875000 1.000000 1.000000       1 1.000000 1.000000 0.727273       1     0.636364
    914   h1 1.000000 0.875000 1.000000 1.000000       1 1.000000 1.000000 0.727273       1     0.636364
    915   h1 1.000000 0.875000 1.000000 1.000000       1 1.000000 1.000000 0.727273       1     0.636364