 ChipID Half  Layer0   Layer1   Layer2   Layer3   Layer4  Layer5   Layer6   Layer7   Layer8  Pseaudo_Eff
    344   h0       1 0.937500 0.941176 0.629630 0.839506       1 0.695652 0.958333 0.641026     0.199313
    345   h0       1 1.000000 1.000000 0.666667 0.888889       1 0.727273 1.000000 0.666667     0.287318
    346   h0       1 1.000000 1.000000 0.666667 0.888889       1 0.727273 1.000000 0.714744     0.308038
    347   h0       1 0.585938 0.588235 0.944444 0.629630       1 0.782609 0.696970 0.801282     0.089579
    348   h0       1 0.625000 0.625000 1.000000 0.666667       1 0.818182 0.727273 0.833333     0.129132
    349   h0       1 0.625000 0.625000 1.000000 0.666667       1 0.727273 0.727273 0.788462     0.108604
    350   h0       1 0.585938 0.941176 0.629630 0.839506       1 0.695652 0.784091 0.961538     0.152882
    351   h0       1 0.625000 1.000000 0.666667 0.888889       1 0.727273 0.818182 1.000000     0.220386
    352   h0       1 0.625000 1.000000 0.666667 0.888889       1 0.727273 0.818182 1.000000     0.220386
    353   h0       1 0.937500 0.588235 0.734568 0.839506       1 0.956522 0.958333 0.801282     0.249790
    354   h0       1 1.000000 0.625000 0.777778 0.888889       1 1.000000 1.000000 0.833333     0.360082
    355   h0       1 1.000000 0.625000 0.777778 0.888889       1 1.000000 1.000000 0.833333     0.360082
    392   h0       1 0.937500 0.941176 0.629630 0.944444       1 0.956522 0.696970 0.721154     0.252255
    393   h0       1 1.000000 1.000000 0.666667 1.000000       1 1.000000 0.727273 0.750000     0.363636
    394   h0       1 1.000000 1.000000 0.666667 1.000000       1 1.000000 0.727273 0.750000     0.363636
    395   h0       1 1.000000 1.000000 0.666667 1.000000       1 1.000000 0.727273 0.750000     0.363636
    396   h0       1 0.585938 0.705882 0.839506 0.629630       1 0.695652 0.696970 0.721154     0.076441
    397   h0       1 0.625000 0.750000 0.888889 0.666667       1 0.727273 0.727273 0.750000     0.110193
    398   h0       1 0.625000 0.750000 0.888889 0.666667       1 0.727273 0.727273 0.750000     0.110193
    399   h0       1 0.625000 0.750000 0.888889 0.666667       1 0.727273 0.727273 0.750000     0.110193
    400   h0       1 0.562500 0.566176 0.666667 0.777778       1 0.513834 0.515152 0.435897     0.019054
    401   h0       1 1.000000 0.875000 1.000000 1.000000       1 0.909091 0.727273 0.750000     0.433884
    402   h0       1 1.000000 0.875000 1.000000 1.000000       1 0.909091 0.727273 0.750000     0.433884
    403   h0       1 1.000000 0.875000 1.000000 1.000000       1 0.909091 0.727273 0.750000     0.433884
    404   h0       1 0.460938 0.669118 0.586420 0.691358       1 0.529644 0.647727 0.544872     0.023374
    405   h0       1 0.625000 0.875000 0.666667 0.777778       1 0.727273 0.818182 0.750000     0.126550
    406   h0       1 0.625000 0.875000 0.666667 0.777778       1 0.727273 0.818182 0.750000     0.126550
    407   h0       1 0.625000 0.875000 0.666667 0.777778       1 0.727273 0.818182 0.750000     0.126550
    408   h0       1 0.750000 0.617647 0.833333 0.691358       1 0.509881 0.750000 0.554487     0.056591
    409   h0       1 1.000000 0.750000 1.000000 0.777778       1 0.727273 1.000000 0.750000     0.318182
    410   h0       1 1.000000 0.750000 1.000000 0.777778       1 0.727273 1.000000 0.750000     0.318182
    411   h0       1 1.000000 0.750000 1.000000 0.777778       1 0.727273 1.000000 0.750000     0.318182
    412   h0       1 0.445312 0.823529 0.580247 0.888889       1 0.695652 0.575758 0.608974     0.046135
    413   h0       1 0.625000 1.000000 0.666667 1.000000       1 1.000000 0.727273 0.833333     0.252525
    414   h0       1 0.625000 1.000000 0.666667 1.000000       1 1.000000 0.727273 0.833333     0.252525
    415   h0       1 0.625000 1.000000 0.666667 1.000000       1 1.000000 0.727273 0.833333     0.252525
    416   h0       1 0.500000 0.352941 0.611111 0.450617       1 0.537549 0.469697 0.653846     0.008023
    417   h0       1 1.000000 0.625000 1.000000 0.666667       1 0.727273 0.727273 1.000000     0.220386
    418   h0       1 1.000000 0.625000 1.000000 0.666667       1 0.727273 0.727273 1.000000     0.220386
    419   h0       1 1.000000 0.625000 1.000000 0.666667       1 0.727273 0.727273 1.000000     0.220386
    420   h0       1 0.585938 0.941176 0.629630 0.944444       1 0.956522 0.696970 0.721154     0.157660
    421   h0       1 0.625000 1.000000 0.666667 1.000000       1 1.000000 0.727273 0.750000     0.227273
    422   h0       1 0.625000 1.000000 0.666667 1.000000       1 1.000000 0.727273 0.750000     0.227273
    423   h0       1 0.625000 1.000000 0.666667 1.000000       1 1.000000 0.727273 0.750000     0.227273
    424   h0       1 0.937500 0.588235 0.944444 0.629630       1 0.695652 0.696970 0.801282     0.127402
    425   h0       1 1.000000 0.625000 1.000000 0.666667       1 0.727273 0.727273 0.833333     0.183655
    426   h0       1 1.000000 0.625000 1.000000 0.666667       1 0.727273 0.727273 0.750000     0.165289
    427   h0       1 1.000000 0.625000 1.000000 0.666667       1 0.727273 0.727273 0.782051     0.172353
    448   h0       1 0.937500 0.823529 0.734568 0.944444       1 0.482213 0.958333 0.961538     0.238002
    449   h0       1 1.000000 0.875000 0.777778 1.000000       1 0.727273 1.000000 1.000000     0.494949
    450   h0       1 1.000000 0.875000 0.777778 1.000000       1 0.727273 1.000000 1.000000     0.494949
    451   h0       1 1.000000 0.875000 0.777778 1.000000       1 0.727273 1.000000 1.000000     0.494949
    452   h0       1 1.000000 0.875000 0.777778 1.000000       1 0.727273 1.000000 1.000000     0.494949
    453   h0       1 0.468750 0.000000 0.629630 0.104938       1 0.158103 0.000000 0.035256     0.000000
    454   h0       1 0.578125 0.573529 0.666667 0.574074       1 0.909091 0.696970 0.916667     0.073703
    455   h0       1 0.625000 0.750000 0.666667 0.666667       1 0.909091 0.727273 0.916667     0.126263
    456   h0       1 0.625000 0.750000 0.666667 0.666667       1 0.909091 0.727273 0.916667     0.126263
    457   h0       1 0.625000 0.750000 0.666667 0.666667       1 0.909091 0.727273 0.916667     0.126263
    458   h0       1 0.117188 0.941176 0.419753 0.944444       1 0.347826 0.170455 0.801282     0.002077
    459   h0       1 0.468750 1.000000 0.617284 1.000000       1 0.695652 0.818182 0.833333     0.137242
    460   h0       1 0.625000 1.000000 0.666667 1.000000       1 0.727273 0.818182 0.833333     0.206612
    461   h0       1 0.625000 1.000000 0.666667 1.000000       1 0.727273 0.818182 0.833333     0.206612
    462   h0       1 0.625000 1.000000 0.666667 1.000000       1 0.727273 0.818182 0.833333     0.206612
    463   h0       1 0.937500 0.588235 0.944444 0.629630       1 0.782609 0.958333 0.641026     0.157660
    464   h0       1 1.000000 0.625000 1.000000 0.666667       1 0.818182 1.000000 0.666667     0.227273
    465   h0       1 1.000000 0.625000 1.000000 0.666667       1 0.818182 1.000000 0.666667     0.227273
    466   h0       1 1.000000 0.625000 1.000000 0.666667       1 0.818182 1.000000 0.666667     0.227273
    467   h0       1 1.000000 0.625000 1.000000 0.666667       1 0.818182 1.000000 0.676282     0.230551
    812   h1       1 0.937500 0.882353 0.623457 0.888889       1 0.727273 1.000000 0.750000     0.250050
    813   h1       1 1.000000 1.000000 0.666667 0.777778       1 0.727273 1.000000 0.750000     0.282828
    814   h1       1 1.000000 1.000000 0.666667 0.777778       1 0.727273 1.000000 0.750000     0.282828
    815   h1       1 0.585938 0.551471 0.944444 0.666667       1 0.818182 0.727273 0.750000     0.090796
    816   h1       1 0.625000 0.625000 1.000000 0.666667       1 0.818182 0.727273 0.750000     0.116219
    817   h1       1 0.625000 0.625000 1.000000 0.666667       1 0.818182 0.727273 0.750000     0.116219
    818   h1       1 0.585938 0.941176 0.629630 0.888889       1 0.727273 0.909091 1.000000     0.204061
    819   h1       1 0.625000 1.000000 0.666667 0.888889       1 0.727273 0.909091 1.000000     0.244873
    820   h1       1 0.625000 1.000000 0.666667 0.888889       1 0.727273 0.909091 1.000000     0.244873
    821   h1       1 0.937500 0.588235 0.839506 0.777778       1 1.000000 1.000000 0.833333     0.300069
    822   h1       1 1.000000 0.625000 0.777778 0.777778       1 1.000000 1.000000 0.833333     0.315072
    823   h1       1 1.000000 0.625000 0.777778 0.777778       1 1.000000 1.000000 0.833333     0.315072
    860   h1       1 0.937500 0.882353 0.629630 1.000000       1 1.000000 0.727273 0.750000     0.284091
    861   h1       1 1.000000 1.000000 0.666667 1.000000       1 1.000000 0.727273 0.750000     0.363636
    862   h1       1 1.000000 1.000000 0.666667 1.000000       1 1.000000 0.727273 0.750000     0.363636
    863   h1       1 1.000000 1.000000 0.666667 1.000000       1 1.000000 0.727273 0.750000     0.363636
    864   h1       1 0.585938 0.588235 0.839506 0.666667       1 0.727273 0.818182 0.833333     0.095654
    865   h1       1 0.625000 0.625000 0.888889 0.666667       1 0.727273 0.818182 0.833333     0.114784
    866   h1       1 0.625000 0.625000 0.888889 0.666667       1 0.727273 0.818182 0.833333     0.114784
    867   h1       1 0.625000 0.625000 0.888889 0.666667       1 0.727273 0.818182 0.833333     0.114784
    868   h1       1 0.562500 0.705882 0.666667 0.833333       1 0.513834 0.575758 0.474359     0.030957
    869   h1       1 1.000000 1.000000 1.000000 1.000000       1 0.909091 0.727273 0.750000     0.495868
    870   h1       1 1.000000 1.000000 1.000000 1.000000       1 0.909091 0.727273 0.750000     0.495868
    871   h1       1 1.000000 1.000000 1.000000 1.000000       1 0.909091 0.727273 0.750000     0.495868
    872   h1       1 0.468750 0.617647 0.586420 0.629630       1 0.561265 0.647727 0.564103     0.021923
    873   h1       1 0.625000 0.750000 0.666667 0.666667       1 0.727273 0.818182 0.750000     0.092975
    874   h1       1 0.625000 0.750000 0.666667 0.666667       1 0.727273 0.818182 0.750000     0.092975
    875   h1       1 0.625000 0.750000 0.666667 0.666667       1 0.727273 0.818182 0.750000     0.092975
    876   h1       1 0.812500 0.720588 0.888889 0.734568       1 0.537549 0.791667 0.576923     0.093857
    877   h1       1 1.000000 0.875000 1.000000 0.777778       1 0.727273 1.000000 0.750000     0.371212
    878   h1       1 1.000000 0.875000 1.000000 0.777778       1 0.727273 1.000000 0.750000     0.371212
    879   h1       1 1.000000 0.875000 1.000000 0.777778       1 0.727273 1.000000 0.750000     0.371212
    880   h1       1 0.484375 0.720588 0.580247 0.839506       1 0.739130 0.568182 0.634615     0.045313
    881   h1       1 0.625000 0.875000 0.666667 0.888889       1 1.000000 0.727273 0.916667     0.216049
    882   h1       1 0.625000 0.875000 0.666667 0.888889       1 1.000000 0.727273 0.916667     0.216049
    883   h1       1 0.625000 0.875000 0.666667 0.888889       1 1.000000 0.727273 0.916667     0.216049
    884   h1       1 0.562500 0.397059 0.611111 0.450617       1 0.569170 0.500000 0.692308     0.012118
    885   h1       1 1.000000 0.750000 1.000000 0.666667       1 0.727273 0.727273 1.000000     0.264463
    886   h1       1 1.000000 0.750000 1.000000 0.666667       1 0.727273 0.727273 1.000000     0.264463
    887   h1       1 1.000000 0.750000 1.000000 0.666667       1 0.727273 0.727273 1.000000     0.264463
    888   h1       1 0.585938 0.941176 0.629630 1.000000       1 1.000000 0.727273 0.750000     0.189394
    889   h1       1 0.625000 1.000000 0.666667 1.000000       1 1.000000 0.727273 0.750000     0.227273
    890   h1       1 0.625000 1.000000 0.666667 1.000000       1 1.000000 0.727273 0.801282     0.242813
    891   h1       1 0.625000 1.000000 0.666667 1.000000       1 1.000000 0.727273 0.804487     0.243784
    892   h1       1 0.937500 0.588235 0.944444 0.666667       1 0.727273 0.727273 0.833333     0.153046
    893   h1       1 1.000000 0.625000 1.000000 0.666667       1 0.727273 0.727273 0.833333     0.183655
    894   h1       1 1.000000 0.625000 1.000000 0.666667       1 0.727273 0.727273 0.785256     0.173059
    895   h1       1 1.000000 0.625000 1.000000 0.666667       1 0.727273 0.727273 0.750000     0.165289
    916   h1       1 0.937500 0.941176 0.691358 1.000000       1 0.584980 1.000000 1.000000     0.356851
    917   h1       1 1.000000 1.000000 0.777778 1.000000       1 0.727273 1.000000 1.000000     0.565657
    918   h1       1 1.000000 1.000000 0.777778 1.000000       1 0.727273 1.000000 1.000000     0.565657
    919   h1       1 1.000000 1.000000 0.777778 1.000000       1 0.727273 1.000000 1.000000     0.565657
    920   h1       1 1.000000 1.000000 0.777778 1.000000       1 0.727273 1.000000 1.000000     0.565657
    921   h1       1 0.468750 0.000000 0.691358 0.222222       1 0.217391 0.117424 0.064103     0.000000
    922   h1       1 0.578125 0.573529 0.777778 0.617284       1 1.000000 0.700758 0.833333     0.092962
    923   h1       1 0.625000 0.750000 0.777778 0.666667       1 1.000000 0.727273 0.833333     0.147306
    924   h1       1 0.625000 0.750000 0.777778 0.666667       1 1.000000 0.727273 0.833333     0.147306
    925   h1       1 0.625000 0.750000 0.777778 0.666667       1 1.000000 0.727273 0.833333     0.147306
    926   h1       1 0.000000 0.875000 0.419753 1.000000       1 0.272727 0.227273 0.750000     0.000000
    927   h1       1 0.500000 1.000000 0.617284 1.000000       1 0.707510 0.909091 0.750000     0.148887
    928   h1       1 0.625000 1.000000 0.666667 1.000000       1 0.727273 0.909091 0.750000     0.206612
    929   h1       1 0.625000 1.000000 0.666667 1.000000       1 0.727273 0.909091 0.750000     0.206612
    930   h1       1 0.625000 1.000000 0.666667 1.000000       1 0.727273 0.909091 0.750000     0.206612
    931   h1       1 0.937500 0.750000 0.944444 0.666667       1 0.818182 1.000000 0.666667     0.241477
    932   h1       1 1.000000 0.750000 1.000000 0.666667       1 0.818182 1.000000 0.666667     0.272727
    933   h1       1 1.000000 0.750000 1.000000 0.666667       1 0.818182 1.000000 0.666667     0.272727
    934   h1       1 1.000000 0.750000 1.000000 0.666667       1 0.818182 1.000000 0.695513     0.284528
    935   h1       1 1.000000 0.750000 1.000000 0.666667       1 0.818182 1.000000 0.750000     0.306818