 ChipID Half   Layer0   Layer1   Layer2   Layer3   Layer4   Layer5   Layer6  Layer7  Layer8  Pseaudo_Eff
    344   h0 0.585938 0.937500 0.941176 0.629630 0.839506 0.631579 0.695652       1       1     0.120067
    345   h0 0.625000 1.000000 1.000000 0.666667 0.888889 0.666667 0.727273       1       1     0.179574
    346   h0 0.625000 1.000000 1.000000 0.666667 0.888889 0.666667 0.727273       1       1     0.179574
    347   h0 0.937500 0.585938 0.588235 0.944444 0.629630 0.947368 0.782609       1       1     0.142462
    348   h0 1.000000 0.625000 0.625000 1.000000 0.666667 1.000000 0.818182       1       1     0.213068
    349   h0 1.000000 0.625000 0.625000 1.000000 0.666667 1.000000 0.727273       1       1     0.189394
    350   h0 0.585938 0.585938 0.941176 0.629630 0.839506 0.894737 0.695652       1       1     0.106309
    351   h0 0.625000 0.625000 1.000000 0.666667 0.888889 1.000000 0.727273       1       1     0.168350
    352   h0 0.625000 0.625000 1.000000 0.666667 0.888889 1.000000 0.727273       1       1     0.168350
    353   h0 0.937500 0.937500 0.588235 0.734568 0.839506 0.596491 0.956522       1       1     0.181907
    354   h0 1.000000 1.000000 0.625000 0.777778 0.888889 0.666667 1.000000       1       1     0.288066
    355   h0 1.000000 1.000000 0.625000 0.777778 0.888889 0.666667 1.000000       1       1     0.288066
    392   h0 0.585938 0.937500 0.941176 0.629630 0.944444 0.631579 0.956522       1       1     0.185728
    393   h0 0.625000 1.000000 1.000000 0.666667 1.000000 0.666667 1.000000       1       1     0.277778
    394   h0 0.625000 1.000000 1.000000 0.666667 1.000000 0.666667 1.000000       1       1     0.277778
    395   h0 0.625000 1.000000 1.000000 0.666667 1.000000 0.666667 1.000000       1       1     0.277778
    396   h0 0.937500 0.585938 0.705882 0.839506 0.629630 0.947368 0.695652       1       1     0.135075
    397   h0 1.000000 0.625000 0.750000 0.888889 0.666667 1.000000 0.727273       1       1     0.202020
    398   h0 1.000000 0.625000 0.750000 0.888889 0.666667 1.000000 0.727273       1       1     0.202020
    399   h0 1.000000 0.625000 0.750000 0.888889 0.666667 1.000000 0.727273       1       1     0.202020
    400   h0 0.421875 0.562500 0.566176 0.666667 0.777778 0.654971 0.513834       1       1     0.023446
    401   h0 0.750000 1.000000 0.875000 1.000000 1.000000 0.888889 0.909091       1       1     0.530303
    402   h0 0.750000 1.000000 0.875000 1.000000 1.000000 0.888889 0.909091       1       1     0.530303
    403   h0 0.750000 1.000000 0.875000 1.000000 1.000000 0.888889 0.909091       1       1     0.530303
    404   h0 0.601562 0.460938 0.669118 0.586420 0.691358 0.625731 0.529644       1       1     0.024929
    405   h0 0.875000 0.625000 0.875000 0.666667 0.777778 0.666667 0.727273       1       1     0.120300
    406   h0 0.875000 0.625000 0.875000 0.666667 0.777778 0.666667 0.727273       1       1     0.120300
    407   h0 0.875000 0.625000 0.875000 0.666667 0.777778 0.666667 0.727273       1       1     0.120300
    408   h0 0.515625 0.750000 0.617647 0.833333 0.691358 0.947368 0.509881       1       1     0.066473
    409   h0 0.750000 1.000000 0.750000 1.000000 0.777778 1.000000 0.727273       1       1     0.318182
    410   h0 0.750000 1.000000 0.750000 1.000000 0.777778 1.000000 0.727273       1       1     0.318182
    411   h0 0.750000 1.000000 0.750000 1.000000 0.777778 1.000000 0.727273       1       1     0.318182
    412   h0 0.656250 0.445312 0.823529 0.580247 0.888889 0.631579 0.695652       1       1     0.054537
    413   h0 0.875000 0.625000 1.000000 0.666667 1.000000 0.666667 1.000000       1       1     0.243056
    414   h0 0.875000 0.625000 1.000000 0.666667 1.000000 0.666667 1.000000       1       1     0.243056
    415   h0 0.875000 0.625000 1.000000 0.666667 1.000000 0.666667 1.000000       1       1     0.243056
    416   h0 0.382812 0.500000 0.352941 0.611111 0.450617 0.684211 0.537549       1       1     0.006842
    417   h0 0.875000 1.000000 0.625000 1.000000 0.666667 1.000000 0.727273       1       1     0.265152
    418   h0 0.875000 1.000000 0.625000 1.000000 0.666667 1.000000 0.727273       1       1     0.265152
    419   h0 0.875000 1.000000 0.625000 1.000000 0.666667 1.000000 0.727273       1       1     0.265152
    420   h0 0.703125 0.585938 0.941176 0.629630 0.944444 0.842105 0.956522       1       1     0.185728
    421   h0 0.750000 0.625000 1.000000 0.666667 1.000000 0.888889 1.000000       1       1     0.277778
    422   h0 0.750000 0.625000 1.000000 0.666667 1.000000 0.888889 1.000000       1       1     0.277778
    423   h0 0.750000 0.625000 1.000000 0.666667 1.000000 0.888889 1.000000       1       1     0.277778
    424   h0 0.937500 0.937500 0.588235 0.944444 0.629630 0.625731 0.695652       1       1     0.133824
    425   h0 1.000000 1.000000 0.625000 1.000000 0.666667 0.666667 0.727273       1       1     0.202020
    426   h0 1.000000 1.000000 0.625000 1.000000 0.666667 0.666667 0.727273       1       1     0.202020
    427   h0 1.000000 1.000000 0.625000 1.000000 0.666667 0.666667 0.727273       1       1     0.202020
    448   h0 0.703125 0.937500 0.823529 0.734568 0.944444 0.631579 0.482213       1       1     0.114699
    449   h0 0.750000 1.000000 0.875000 0.777778 1.000000 0.666667 0.727273       1       1     0.247475
    450   h0 0.750000 1.000000 0.875000 0.777778 1.000000 0.666667 0.727273       1       1     0.247475
    451   h0 0.750000 1.000000 0.875000 0.777778 1.000000 0.666667 0.727273       1       1     0.247475
    452   h0 0.750000 1.000000 0.875000 0.777778 1.000000 0.666667 0.727273       1       1     0.247475
    453   h0 0.000000 0.468750 0.000000 0.629630 0.104938 0.842105 0.158103       1       1     0.000000
    454   h0 0.687500 0.578125 0.573529 0.666667 0.574074 0.888889 0.909091       1       1     0.070499
    455   h0 1.000000 0.625000 0.750000 0.666667 0.666667 0.888889 0.909091       1       1     0.168350
    456   h0 1.000000 0.625000 0.750000 0.666667 0.666667 0.888889 0.909091       1       1     0.168350
    457   h0 1.000000 0.625000 0.750000 0.666667 0.666667 0.888889 0.909091       1       1     0.168350
    458   h0 0.703125 0.117188 0.941176 0.419753 0.944444 0.631579 0.347826       1       1     0.006754
    459   h0 0.750000 0.468750 1.000000 0.617284 1.000000 0.666667 0.695652       1       1     0.100644
    460   h0 0.750000 0.625000 1.000000 0.666667 1.000000 0.666667 0.727273       1       1     0.151515
    461   h0 0.750000 0.625000 1.000000 0.666667 1.000000 0.666667 0.727273       1       1     0.151515
    462   h0 0.750000 0.625000 1.000000 0.666667 1.000000 0.666667 0.727273       1       1     0.151515
    463   h0 0.820312 0.937500 0.588235 0.944444 0.629630 0.842105 0.782609       1       1     0.177286
    464   h0 0.875000 1.000000 0.625000 1.000000 0.666667 0.888889 0.818182       1       1     0.265152
    465   h0 0.875000 1.000000 0.625000 1.000000 0.666667 0.888889 0.818182       1       1     0.265152
    466   h0 0.875000 1.000000 0.625000 1.000000 0.666667 0.888889 0.818182       1       1     0.265152
    467   h0 0.875000 1.000000 0.625000 1.000000 0.666667 0.888889 0.818182       1       1     0.265152
    812   h1 0.546875 0.937500 0.882353 0.623457 0.888889 0.631579 0.727273       1       1     0.115154
    813   h1 0.625000 1.000000 1.000000 0.666667 0.777778 0.666667 0.727273       1       1     0.157127
    814   h1 0.625000 1.000000 1.000000 0.666667 0.777778 0.666667 0.727273       1       1     0.157127
    815   h1 0.875000 0.585938 0.551471 0.944444 0.666667 0.947368 0.818182       1       1     0.137986
    816   h1 1.000000 0.625000 0.625000 1.000000 0.666667 1.000000 0.818182       1       1     0.213068
    817   h1 1.000000 0.625000 0.625000 1.000000 0.666667 1.000000 0.818182       1       1     0.213068
    818   h1 0.546875 0.585938 0.941176 0.629630 0.888889 0.947368 0.727273       1       1     0.116295
    819   h1 0.625000 0.625000 1.000000 0.666667 0.888889 1.000000 0.727273       1       1     0.168350
    820   h1 0.625000 0.625000 1.000000 0.666667 0.888889 1.000000 0.727273       1       1     0.168350
    821   h1 0.875000 0.937500 0.588235 0.839506 0.777778 0.736842 1.000000       1       1     0.232158
    822   h1 1.000000 1.000000 0.625000 0.777778 0.777778 0.754386 1.000000       1       1     0.285223
    823   h1 1.000000 1.000000 0.625000 0.777778 0.777778 0.666667 1.000000       1       1     0.252058
    860   h1 0.546875 0.937500 0.882353 0.629630 1.000000 0.631579 1.000000       1       1     0.179893
    861   h1 0.625000 1.000000 1.000000 0.666667 1.000000 0.666667 1.000000       1       1     0.277778
    862   h1 0.625000 1.000000 1.000000 0.666667 1.000000 0.666667 1.000000       1       1     0.277778
    863   h1 0.625000 1.000000 1.000000 0.666667 1.000000 0.666667 1.000000       1       1     0.277778
    864   h1 0.875000 0.585938 0.588235 0.839506 0.666667 0.947368 0.727273       1       1     0.116295
    865   h1 1.000000 0.625000 0.625000 0.888889 0.666667 1.000000 0.727273       1       1     0.168350
    866   h1 1.000000 0.625000 0.625000 0.888889 0.666667 1.000000 0.727273       1       1     0.168350
    867   h1 1.000000 0.625000 0.625000 0.888889 0.666667 1.000000 0.727273       1       1     0.168350
    868   h1 0.468750 0.562500 0.705882 0.666667 0.833333 0.654971 0.513834       1       1     0.034799
    869   h1 0.750000 1.000000 1.000000 1.000000 1.000000 0.888889 0.909091       1       1     0.606061
    870   h1 0.750000 1.000000 1.000000 1.000000 1.000000 0.888889 0.909091       1       1     0.606061
    871   h1 0.750000 1.000000 1.000000 1.000000 1.000000 0.888889 0.909091       1       1     0.606061
    872   h1 0.601562 0.468750 0.617647 0.586420 0.629630 0.625731 0.561265       1       1     0.022585
    873   h1 0.875000 0.625000 0.750000 0.666667 0.666667 0.666667 0.727273       1       1     0.088384
    874   h1 0.875000 0.625000 0.750000 0.666667 0.666667 0.666667 0.727273       1       1     0.088384
    875   h1 0.875000 0.625000 0.750000 0.666667 0.666667 0.666667 0.727273       1       1     0.088384
    876   h1 0.601562 0.812500 0.720588 0.888889 0.734568 0.947368 0.537549       1       1     0.117114
    877   h1 0.875000 1.000000 0.875000 1.000000 0.777778 1.000000 0.727273       1       1     0.433081
    878   h1 0.875000 1.000000 0.875000 1.000000 0.777778 1.000000 0.727273       1       1     0.433081
    879   h1 0.875000 1.000000 0.875000 1.000000 0.777778 1.000000 0.727273       1       1     0.433081
    880   h1 0.515625 0.484375 0.720588 0.580247 0.839506 0.643275 0.739130       1       1     0.041683
    881   h1 0.750000 0.625000 0.875000 0.666667 0.888889 0.666667 1.000000       1       1     0.162037
    882   h1 0.750000 0.625000 0.875000 0.666667 0.888889 0.666667 1.000000       1       1     0.162037
    883   h1 0.750000 0.625000 0.875000 0.666667 0.888889 0.666667 1.000000       1       1     0.162037
    884   h1 0.328125 0.562500 0.397059 0.611111 0.450617 0.684211 0.569170       1       1     0.007859
    885   h1 0.875000 1.000000 0.750000 1.000000 0.666667 1.000000 0.727273       1       1     0.318182
    886   h1 0.875000 1.000000 0.750000 1.000000 0.666667 1.000000 0.727273       1       1     0.318182
    887   h1 0.875000 1.000000 0.750000 1.000000 0.666667 1.000000 0.727273       1       1     0.318182
    888   h1 0.703125 0.585938 0.941176 0.629630 1.000000 0.947368 1.000000       1       1     0.231291
    889   h1 0.750000 0.625000 1.000000 0.666667 1.000000 1.000000 1.000000       1       1     0.312500
    890   h1 0.750000 0.625000 1.000000 0.666667 1.000000 1.000000 1.000000       1       1     0.312500
    891   h1 0.750000 0.625000 1.000000 0.666667 1.000000 1.000000 1.000000       1       1     0.312500
    892   h1 0.937500 0.937500 0.588235 0.944444 0.666667 0.526316 0.727273       1       1     0.124601
    893   h1 1.000000 1.000000 0.625000 1.000000 0.666667 0.578947 0.727273       1       1     0.175439
    894   h1 1.000000 1.000000 0.625000 1.000000 0.666667 0.666667 0.727273       1       1     0.202020
    895   h1 1.000000 1.000000 0.625000 1.000000 0.666667 0.619883 0.727273       1       1     0.187843
    916   h1 0.656250 0.937500 0.941176 0.691358 1.000000 0.631579 0.584980       1       1     0.147905
    917   h1 0.750000 1.000000 1.000000 0.777778 1.000000 0.666667 0.727273       1       1     0.282828
    918   h1 0.750000 1.000000 1.000000 0.777778 1.000000 0.666667 0.727273       1       1     0.282828
    919   h1 0.750000 1.000000 1.000000 0.777778 1.000000 0.666667 0.727273       1       1     0.282828
    920   h1 0.750000 1.000000 1.000000 0.777778 1.000000 0.666667 0.727273       1       1     0.282828
    921   h1 0.000000 0.468750 0.000000 0.691358 0.222222 0.736842 0.217391       1       1     0.000000
    922   h1 0.601562 0.578125 0.573529 0.777778 0.617284 0.777778 1.000000       1       1     0.074483
    923   h1 0.875000 0.625000 0.750000 0.777778 0.666667 0.777778 1.000000       1       1     0.165413
    924   h1 0.875000 0.625000 0.750000 0.777778 0.666667 0.777778 1.000000       1       1     0.165413
    925   h1 0.875000 0.625000 0.750000 0.777778 0.666667 0.777778 1.000000       1       1     0.165413
    926   h1 0.656250 0.000000 0.875000 0.419753 1.000000 0.631579 0.272727       1       1     0.000000
    927   h1 0.750000 0.500000 1.000000 0.617284 1.000000 0.666667 0.707510       1       1     0.109184
    928   h1 0.750000 0.625000 1.000000 0.666667 1.000000 0.666667 0.727273       1       1     0.151515
    929   h1 0.750000 0.625000 1.000000 0.666667 1.000000 0.666667 0.727273       1       1     0.151515
    930   h1 0.750000 0.625000 1.000000 0.666667 1.000000 0.666667 0.727273       1       1     0.151515
    931   h1 0.875000 0.937500 0.750000 0.944444 0.666667 0.736842 0.818182       1       1     0.233534
    932   h1 1.000000 1.000000 0.750000 1.000000 0.666667 0.777778 0.818182       1       1     0.318182
    933   h1 1.000000 1.000000 0.750000 1.000000 0.666667 0.777778 0.818182       1       1     0.318182
    934   h1 1.000000 1.000000 0.750000 1.000000 0.666667 0.777778 0.818182       1       1     0.318182
    935   h1 1.000000 1.000000 0.750000 1.000000 0.666667 0.777778 0.818182       1       1     0.318182