 ChipID Half   Layer0   Layer1   Layer2   Layer3  Layer4   Layer5  Layer6   Layer7   Layer8  Pseaudo_Eff
    344   h0 0.585938 0.937500 0.941176 0.629630       1 0.631579       1 0.958333 0.641026     0.126299
    345   h0 0.625000 1.000000 1.000000 0.666667       1 0.666667       1 1.000000 0.666667     0.185185
    346   h0 0.625000 1.000000 1.000000 0.666667       1 0.666667       1 1.000000 0.714744     0.198540
    347   h0 0.937500 0.585938 0.588235 0.944444       1 0.947368       1 0.696970 0.801282     0.161461
    348   h0 1.000000 0.625000 0.625000 1.000000       1 1.000000       1 0.727273 0.833333     0.236742
    349   h0 1.000000 0.625000 0.625000 1.000000       1 1.000000       1 0.727273 0.788462     0.223995
    350   h0 0.585938 0.585938 0.941176 0.629630       1 0.894737       1 0.784091 0.961538     0.137242
    351   h0 0.625000 0.625000 1.000000 0.666667       1 1.000000       1 0.818182 1.000000     0.213068
    352   h0 0.625000 0.625000 1.000000 0.666667       1 1.000000       1 0.818182 1.000000     0.213068
    353   h0 0.937500 0.937500 0.588235 0.734568       1 0.596491       1 0.958333 0.801282     0.173953
    354   h0 1.000000 1.000000 0.625000 0.777778       1 0.666667       1 1.000000 0.833333     0.270062
    355   h0 1.000000 1.000000 0.625000 0.777778       1 0.666667       1 1.000000 0.833333     0.270062
    392   h0 0.585938 0.937500 0.941176 0.629630       1 0.631579       1 0.696970 0.721154     0.103335
    393   h0 0.625000 1.000000 1.000000 0.666667       1 0.666667       1 0.727273 0.750000     0.151515
    394   h0 0.625000 1.000000 1.000000 0.666667       1 0.666667       1 0.727273 0.750000     0.151515
    395   h0 0.625000 1.000000 1.000000 0.666667       1 0.666667       1 0.727273 0.750000     0.151515
    396   h0 0.937500 0.585938 0.705882 0.839506       1 0.947368       1 0.696970 0.721154     0.155003
    397   h0 1.000000 0.625000 0.750000 0.888889       1 1.000000       1 0.727273 0.750000     0.227273
    398   h0 1.000000 0.625000 0.750000 0.888889       1 1.000000       1 0.727273 0.750000     0.227273
    399   h0 1.000000 0.625000 0.750000 0.888889       1 1.000000       1 0.727273 0.750000     0.227273
    400   h0 0.421875 0.562500 0.566176 0.666667       1 0.654971       1 0.515152 0.435897     0.013174
    401   h0 0.750000 1.000000 0.875000 1.000000       1 0.888889       1 0.727273 0.750000     0.318182
    402   h0 0.750000 1.000000 0.875000 1.000000       1 0.888889       1 0.727273 0.750000     0.318182
    403   h0 0.750000 1.000000 0.875000 1.000000       1 0.888889       1 0.727273 0.750000     0.318182
    404   h0 0.601562 0.460938 0.669118 0.586420       1 0.625731       1 0.647727 0.544872     0.024027
    405   h0 0.875000 0.625000 0.875000 0.666667       1 0.666667       1 0.818182 0.750000     0.130504
    406   h0 0.875000 0.625000 0.875000 0.666667       1 0.666667       1 0.818182 0.750000     0.130504
    407   h0 0.875000 0.625000 0.875000 0.666667       1 0.666667       1 0.818182 0.750000     0.130504
    408   h0 0.515625 0.750000 0.617647 0.833333       1 0.947368       1 0.750000 0.554487     0.078420
    409   h0 0.750000 1.000000 0.750000 1.000000       1 1.000000       1 1.000000 0.750000     0.421875
    410   h0 0.750000 1.000000 0.750000 1.000000       1 1.000000       1 1.000000 0.750000     0.421875
    411   h0 0.750000 1.000000 0.750000 1.000000       1 1.000000       1 1.000000 0.750000     0.421875
    412   h0 0.656250 0.445312 0.823529 0.580247       1 0.631579       1 0.575758 0.608974     0.030924
    413   h0 0.875000 0.625000 1.000000 0.666667       1 0.666667       1 0.727273 0.833333     0.147306
    414   h0 0.875000 0.625000 1.000000 0.666667       1 0.666667       1 0.727273 0.833333     0.147306
    415   h0 0.875000 0.625000 1.000000 0.666667       1 0.666667       1 0.727273 0.833333     0.147306
    416   h0 0.382812 0.500000 0.352941 0.611111       1 0.684211       1 0.469697 0.653846     0.008675
    417   h0 0.875000 1.000000 0.625000 1.000000       1 1.000000       1 0.727273 1.000000     0.397727
    418   h0 0.875000 1.000000 0.625000 1.000000       1 1.000000       1 0.727273 1.000000     0.397727
    419   h0 0.875000 1.000000 0.625000 1.000000       1 1.000000       1 0.727273 1.000000     0.397727
    420   h0 0.703125 0.585938 0.941176 0.629630       1 0.842105       1 0.696970 0.721154     0.103335
    421   h0 0.750000 0.625000 1.000000 0.666667       1 0.888889       1 0.727273 0.750000     0.151515
    422   h0 0.750000 0.625000 1.000000 0.666667       1 0.888889       1 0.727273 0.750000     0.151515
    423   h0 0.750000 0.625000 1.000000 0.666667       1 0.888889       1 0.727273 0.750000     0.151515
    424   h0 0.937500 0.937500 0.588235 0.944444       1 0.625731       1 0.696970 0.801282     0.170631
    425   h0 1.000000 1.000000 0.625000 1.000000       1 0.666667       1 0.727273 0.833333     0.252525
    426   h0 1.000000 1.000000 0.625000 1.000000       1 0.666667       1 0.727273 0.750000     0.227273
    427   h0 1.000000 1.000000 0.625000 1.000000       1 0.666667       1 0.727273 0.782051     0.236985
    448   h0 0.703125 0.937500 0.823529 0.734568       1 0.631579       1 0.958333 0.961538     0.232074
    449   h0 0.750000 1.000000 0.875000 0.777778       1 0.666667       1 1.000000 1.000000     0.340278
    450   h0 0.750000 1.000000 0.875000 0.777778       1 0.666667       1 1.000000 1.000000     0.340278
    451   h0 0.750000 1.000000 0.875000 0.777778       1 0.666667       1 1.000000 1.000000     0.340278
    452   h0 0.750000 1.000000 0.875000 0.777778       1 0.666667       1 1.000000 1.000000     0.340278
    453   h0 0.000000 0.468750 0.000000 0.629630       1 0.842105       1 0.000000 0.035256     0.000000
    454   h0 0.687500 0.578125 0.573529 0.666667       1 0.888889       1 0.696970 0.916667     0.086304
    455   h0 1.000000 0.625000 0.750000 0.666667       1 0.888889       1 0.727273 0.916667     0.185185
    456   h0 1.000000 0.625000 0.750000 0.666667       1 0.888889       1 0.727273 0.916667     0.185185
    457   h0 1.000000 0.625000 0.750000 0.666667       1 0.888889       1 0.727273 0.916667     0.185185
    458   h0 0.703125 0.117188 0.941176 0.419753       1 0.631579       1 0.170455 0.801282     0.002808
    459   h0 0.750000 0.468750 1.000000 0.617284       1 0.666667       1 0.818182 0.833333     0.098643
    460   h0 0.750000 0.625000 1.000000 0.666667       1 0.666667       1 0.818182 0.833333     0.142045
    461   h0 0.750000 0.625000 1.000000 0.666667       1 0.666667       1 0.818182 0.833333     0.142045
    462   h0 0.750000 0.625000 1.000000 0.666667       1 0.666667       1 0.818182 0.833333     0.142045
    463   h0 0.820312 0.937500 0.588235 0.944444       1 0.842105       1 0.958333 0.641026     0.221022
    464   h0 0.875000 1.000000 0.625000 1.000000       1 0.888889       1 1.000000 0.666667     0.324074
    465   h0 0.875000 1.000000 0.625000 1.000000       1 0.888889       1 1.000000 0.666667     0.324074
    466   h0 0.875000 1.000000 0.625000 1.000000       1 0.888889       1 1.000000 0.666667     0.324074
    467   h0 0.875000 1.000000 0.625000 1.000000       1 0.888889       1 1.000000 0.676282     0.328748
    812   h1 0.546875 0.937500 0.882353 0.623457       1 0.631579       1 1.000000 0.750000     0.133597
    813   h1 0.625000 1.000000 1.000000 0.666667       1 0.666667       1 1.000000 0.750000     0.208333
    814   h1 0.625000 1.000000 1.000000 0.666667       1 0.666667       1 1.000000 0.750000     0.208333
    815   h1 0.875000 0.585938 0.551471 0.944444       1 0.947368       1 0.727273 0.750000     0.137986
    816   h1 1.000000 0.625000 0.625000 1.000000       1 1.000000       1 0.727273 0.750000     0.213068
    817   h1 1.000000 0.625000 0.625000 1.000000       1 1.000000       1 0.727273 0.750000     0.213068
    818   h1 0.546875 0.585938 0.941176 0.629630       1 0.947368       1 0.909091 1.000000     0.163539
    819   h1 0.625000 0.625000 1.000000 0.666667       1 1.000000       1 0.909091 1.000000     0.236742
    820   h1 0.625000 0.625000 1.000000 0.666667       1 1.000000       1 0.909091 1.000000     0.236742
    821   h1 0.875000 0.937500 0.588235 0.839506       1 0.736842       1 1.000000 0.833333     0.248741
    822   h1 1.000000 1.000000 0.625000 0.777778       1 0.754386       1 1.000000 0.833333     0.305596
    823   h1 1.000000 1.000000 0.625000 0.777778       1 0.666667       1 1.000000 0.833333     0.270062
    860   h1 0.546875 0.937500 0.882353 0.629630       1 0.631579       1 0.727273 0.750000     0.098124
    861   h1 0.625000 1.000000 1.000000 0.666667       1 0.666667       1 0.727273 0.750000     0.151515
    862   h1 0.625000 1.000000 1.000000 0.666667       1 0.666667       1 0.727273 0.750000     0.151515
    863   h1 0.625000 1.000000 1.000000 0.666667       1 0.666667       1 0.727273 0.750000     0.151515
    864   h1 0.875000 0.585938 0.588235 0.839506       1 0.947368       1 0.818182 0.833333     0.163539
    865   h1 1.000000 0.625000 0.625000 0.888889       1 1.000000       1 0.818182 0.833333     0.236742
    866   h1 1.000000 0.625000 0.625000 0.888889       1 1.000000       1 0.818182 0.833333     0.236742
    867   h1 1.000000 0.625000 0.625000 0.888889       1 1.000000       1 0.818182 0.833333     0.236742
    868   h1 0.468750 0.562500 0.705882 0.666667       1 0.654971       1 0.575758 0.474359     0.022196
    869   h1 0.750000 1.000000 1.000000 1.000000       1 0.888889       1 0.727273 0.750000     0.363636
    870   h1 0.750000 1.000000 1.000000 1.000000       1 0.888889       1 0.727273 0.750000     0.363636
    871   h1 0.750000 1.000000 1.000000 1.000000       1 0.888889       1 0.727273 0.750000     0.363636
    872   h1 0.601562 0.468750 0.617647 0.586420       1 0.625731       1 0.647727 0.564103     0.023351
    873   h1 0.875000 0.625000 0.750000 0.666667       1 0.666667       1 0.818182 0.750000     0.111861
    874   h1 0.875000 0.625000 0.750000 0.666667       1 0.666667       1 0.818182 0.750000     0.111861
    875   h1 0.875000 0.625000 0.750000 0.666667       1 0.666667       1 0.818182 0.750000     0.111861
    876   h1 0.601562 0.812500 0.720588 0.888889       1 0.947368       1 0.791667 0.576923     0.135462
    877   h1 0.875000 1.000000 0.875000 1.000000       1 1.000000       1 1.000000 0.750000     0.574219
    878   h1 0.875000 1.000000 0.875000 1.000000       1 1.000000       1 1.000000 0.750000     0.574219
    879   h1 0.875000 1.000000 0.875000 1.000000       1 1.000000       1 1.000000 0.750000     0.574219
    880   h1 0.515625 0.484375 0.720588 0.580247       1 0.643275       1 0.568182 0.634615     0.024222
    881   h1 0.750000 0.625000 0.875000 0.666667       1 0.666667       1 0.727273 0.916667     0.121528
    882   h1 0.750000 0.625000 0.875000 0.666667       1 0.666667       1 0.727273 0.916667     0.121528
    883   h1 0.750000 0.625000 0.875000 0.666667       1 0.666667       1 0.727273 0.916667     0.121528
    884   h1 0.328125 0.562500 0.397059 0.611111       1 0.684211       1 0.500000 0.692308     0.010607
    885   h1 0.875000 1.000000 0.750000 1.000000       1 1.000000       1 0.727273 1.000000     0.477273
    886   h1 0.875000 1.000000 0.750000 1.000000       1 1.000000       1 0.727273 1.000000     0.477273
    887   h1 0.875000 1.000000 0.750000 1.000000       1 1.000000       1 0.727273 1.000000     0.477273
    888   h1 0.703125 0.585938 0.941176 0.629630       1 0.947368       1 0.727273 0.750000     0.126159
    889   h1 0.750000 0.625000 1.000000 0.666667       1 1.000000       1 0.727273 0.750000     0.170455
    890   h1 0.750000 0.625000 1.000000 0.666667       1 1.000000       1 0.727273 0.801282     0.182110
    891   h1 0.750000 0.625000 1.000000 0.666667       1 1.000000       1 0.727273 0.804487     0.182838
    892   h1 0.937500 0.937500 0.588235 0.944444       1 0.526316       1 0.727273 0.833333     0.155752
    893   h1 1.000000 1.000000 0.625000 1.000000       1 0.578947       1 0.727273 0.833333     0.219298
    894   h1 1.000000 1.000000 0.625000 1.000000       1 0.666667       1 0.727273 0.785256     0.237956
    895   h1 1.000000 1.000000 0.625000 1.000000       1 0.619883       1 0.727273 0.750000     0.211324
    916   h1 0.656250 0.937500 0.941176 0.691358       1 0.631579       1 1.000000 1.000000     0.252838
    917   h1 0.750000 1.000000 1.000000 0.777778       1 0.666667       1 1.000000 1.000000     0.388889
    918   h1 0.750000 1.000000 1.000000 0.777778       1 0.666667       1 1.000000 1.000000     0.388889
    919   h1 0.750000 1.000000 1.000000 0.777778       1 0.666667       1 1.000000 1.000000     0.388889
    920   h1 0.750000 1.000000 1.000000 0.777778       1 0.666667       1 1.000000 1.000000     0.388889
    921   h1 0.000000 0.468750 0.000000 0.691358       1 0.736842       1 0.117424 0.064103     0.000000
    922   h1 0.601562 0.578125 0.573529 0.777778       1 0.777778       1 0.700758 0.833333     0.070462
    923   h1 0.875000 0.625000 0.750000 0.777778       1 0.777778       1 0.727273 0.833333     0.150375
    924   h1 0.875000 0.625000 0.750000 0.777778       1 0.777778       1 0.727273 0.833333     0.150375
    925   h1 0.875000 0.625000 0.750000 0.777778       1 0.777778       1 0.727273 0.833333     0.150375
    926   h1 0.656250 0.000000 0.875000 0.419753       1 0.631579       1 0.227273 0.750000     0.000000
    927   h1 0.750000 0.500000 1.000000 0.617284       1 0.666667       1 0.909091 0.750000     0.105219
    928   h1 0.750000 0.625000 1.000000 0.666667       1 0.666667       1 0.909091 0.750000     0.142045
    929   h1 0.750000 0.625000 1.000000 0.666667       1 0.666667       1 0.909091 0.750000     0.142045
    930   h1 0.750000 0.625000 1.000000 0.666667       1 0.666667       1 0.909091 0.750000     0.142045
    931   h1 0.875000 0.937500 0.750000 0.944444       1 0.736842       1 1.000000 0.666667     0.285430
    932   h1 1.000000 1.000000 0.750000 1.000000       1 0.777778       1 1.000000 0.666667     0.388889
    933   h1 1.000000 1.000000 0.750000 1.000000       1 0.777778       1 1.000000 0.666667     0.388889
    934   h1 1.000000 1.000000 0.750000 1.000000       1 0.777778       1 1.000000 0.695513     0.405716
    935   h1 1.000000 1.000000 0.750000 1.000000       1 0.777778       1 1.000000 0.750000     0.437500