 ChipID Half  Layer0   Layer1   Layer2  Layer3   Layer4   Layer5  Layer6  Layer7   Layer8  Pseaudo_Eff
    344   h0       1 0.871212 0.000000       1 0.641026 0.000000       1       1 0.000000     0.000000
    345   h0       1 0.965909 0.000000       1 0.666667 0.000000       1       1 0.000000     0.000000
    346   h0       1 0.708333 0.000000       1 0.307692 0.000000       1       1 0.000000     0.000000
    347   h0       1 0.784091 0.960000       1 0.721154 0.962963       1       1 0.764706     0.399733
    348   h0       1 0.818182 1.000000       1 0.750000 1.000000       1       1 0.823529     0.505348
    349   h0       1 0.579545 0.640000       1 0.570513 0.407407       1       1 0.390093     0.033630
    350   h0       1 0.958333 0.610909       1 0.801282 0.888889       1       1 0.058824     0.024529
    351   h0       1 1.000000 0.636364       1 0.833333 0.923077       1       1 0.058824     0.028795
    352   h0       1 0.708333 0.407273       1 0.352564 0.376068       1       1 0.027864     0.001066
    353   h0       1 0.000000 0.436364       1 0.000000 0.074074       1       1 0.000000     0.000000
    354   h0       1 0.000000 0.454545       1 0.000000 0.076923       1       1 0.000000     0.000000
    355   h0       1 0.000000 0.290909       1 0.000000 0.031339       1       1 0.000000     0.000000
    392   h0       1 0.696970 0.698182       1 0.721154 0.814815       1       1 0.823529     0.235477
    393   h0       1 0.727273 0.727273       1 0.750000 0.846154       1       1 0.823529     0.276429
    394   h0       1 0.647727 0.727273       1 0.750000 0.846154       1       1 0.390093     0.116619
    395   h0       1 0.454545 0.669091       1 0.490385 0.501425       1       1 0.000000     0.000000
    396   h0       1 0.696970 0.698182       1 0.801282 0.740741       1       1 0.882353     0.254845
    397   h0       1 0.727273 0.727273       1 0.833333 0.769231       1       1 0.860681     0.291818
    398   h0       1 0.727273 0.727273       1 0.833333 0.769231       1       1 0.823529     0.279222
    399   h0       1 0.727273 0.669091       1 0.544872 0.455840       1       1 0.238390     0.028812
    400   h0       1 0.727273 0.818182       1 0.750000 0.769231       1       1 0.823529     0.282712
    401   h0       1 0.727273 0.818182       1 0.750000 0.769231       1       1 0.823529     0.282712
    402   h0       1 0.727273 0.818182       1 0.750000 0.769231       1       1 0.823529     0.282712
    403   h0       1 0.454545 0.654545       1 0.384615 0.598291       1       1 0.043344     0.002967
    404   h0       1 0.818182 0.727273       1 0.750000 0.846154       1       1 0.823529     0.310983
    405   h0       1 0.818182 0.727273       1 0.750000 0.846154       1       1 0.823529     0.310983
    406   h0       1 0.818182 0.727273       1 0.750000 0.846154       1       1 0.823529     0.310983
    407   h0       1 0.681818 0.461818       1 0.221154 0.188034       1       1 0.068111     0.000892
    408   h0       1 1.000000 0.727273       1 0.750000 1.000000       1       1 0.823529     0.449198
    409   h0       1 1.000000 0.727273       1 0.750000 1.000000       1       1 0.823529     0.449198
    410   h0       1 1.000000 0.727273       1 0.750000 1.000000       1       1 0.823529     0.449198
    411   h0       1 0.875000 0.490909       1 0.224359 0.222222       1       1 0.065015     0.001392
    412   h0       1 0.727273 1.000000       1 0.833333 0.769231       1       1 0.823529     0.383930
    413   h0       1 0.727273 1.000000       1 0.833333 0.769231       1       1 0.823529     0.383930
    414   h0       1 0.727273 1.000000       1 0.833333 0.769231       1       1 0.767802     0.357950
    415   h0       1 0.587121 0.680000       1 0.288462 0.142450       1       1 0.038700     0.000635
    416   h0       1 0.689394 0.909091       1 1.000000 0.769231       1       1 0.823529     0.397018
    417   h0       1 0.727273 0.909091       1 1.000000 0.769231       1       1 0.823529     0.418833
    418   h0       1 0.727273 0.909091       1 1.000000 0.769231       1       1 0.823529     0.418833
    419   h0       1 0.545455 0.181818       1 1.000000 0.643875       1       1 0.255418     0.016310
    420   h0       1 0.696970 0.872727       1 0.721154 0.712251       1       1 0.823529     0.257296
    421   h0       1 0.727273 0.909091       1 0.750000 0.769231       1       1 0.823529     0.314124
    422   h0       1 0.727273 0.909091       1 0.750000 0.769231       1       1 0.606811     0.231460
    423   h0       1 0.727273 0.836364       1 0.490385 0.455840       1       1 0.119195     0.016207
    424   h0       1 0.696970 0.960000       1 0.721154 0.925926       1       1 0.823529     0.367933
    425   h0       1 0.727273 1.000000       1 0.750000 1.000000       1       1 0.823529     0.449198
    426   h0       1 0.674242 0.640000       1 0.653846 1.000000       1       1 0.390093     0.110063
    427   h0       1 0.545455 0.000000       1 0.381410 0.592593       1       1 0.000000     0.000000
    448   h0       1 0.958333 0.698182       1 0.961538 0.740741       1       1 0.823529     0.392462
    449   h0       1 1.000000 0.727273       1 1.000000 0.769231       1       1 0.823529     0.460716
    450   h0       1 1.000000 0.727273       1 1.000000 0.769231       1       1 0.823529     0.460716
    451   h0       1 1.000000 0.669091       1 1.000000 0.643875       1       1 0.572755     0.246749
    452   h0       1 0.166667 0.000000       1 0.846154 0.341880       1       1 0.061920     0.000000
    453   h0       1 0.696970 0.960000       1 0.801282 0.740741       1       1 0.823529     0.327051
    454   h0       1 0.727273 1.000000       1 0.833333 0.769231       1       1 0.823529     0.383930
    455   h0       1 0.727273 1.000000       1 0.833333 0.769231       1       1 0.823529     0.383930
    456   h0       1 0.727273 0.920000       1 0.833333 0.769231       1       1 0.823529     0.353215
    457   h0       1 0.121212 0.000000       1 0.705128 0.569801       1       1 0.108359     0.000000
    458   h0       1 0.784091 0.698182       1 0.801282 0.769231       1       1 0.823529     0.277879
    459   h0       1 0.909091 0.727273       1 0.833333 0.769231       1       1 0.823529     0.349027
    460   h0       1 0.909091 0.727273       1 0.833333 0.769231       1       1 0.823529     0.349027
    461   h0       1 0.909091 0.669091       1 0.833333 0.769231       1       1 0.823529     0.321105
    462   h0       1 0.151515 0.000000       1 0.705128 0.569801       1       1 0.108359     0.000000
    463   h0       1 0.958333 0.698182       1 0.721154 0.732194       1       1 0.823529     0.290950
    464   h0       1 1.000000 0.727273       1 0.750000 0.769231       1       1 0.823529     0.345537
    465   h0       1 1.000000 0.727273       1 0.750000 0.769231       1       1 0.856037     0.359176
    466   h0       1 1.000000 0.669091       1 0.548077 0.675214       1       1 0.255418     0.063244
    467   h0       1 0.166667 0.000000       1 0.141026 0.398860       1       1 0.000000     0.000000
    812   h1       1 0.916667 0.000000       1 0.583333 0.000000       1       1 0.000000     0.000000
    813   h1       1 1.000000 0.000000       1 0.583333 0.059829       1       1 0.000000     0.000000
    814   h1       1 0.750000 0.000000       1 0.269231 0.031339       1       1 0.000000     0.000000
    815   h1       1 0.750000 0.960000       1 0.750000 1.000000       1       1 0.764706     0.412941
    816   h1       1 0.818182 1.000000       1 0.750000 0.940171       1       1 0.764706     0.441176
    817   h1       1 0.613636 0.600000       1 0.525641 0.376068       1       1 0.342105     0.024899
    818   h1       1 0.916667 0.727273       1 0.916667 1.000000       1       1 0.106811     0.065273
    819   h1       1 1.000000 0.727273       1 0.916667 0.940171       1       1 0.058824     0.036869
    820   h1       1 0.750000 0.465455       1 0.423077 0.376068       1       1 0.026316     0.001462
    821   h1       1 0.000000 0.436364       1 0.000000 0.000000       1       1 0.000000     0.000000
    822   h1       1 0.000000 0.454545       1 0.000000 0.059829       1       1 0.000000     0.000000
    823   h1       1 0.000000 0.290909       1 0.000000 0.031339       1       1 0.000000     0.000000
    860   h1       1 0.666667 0.672727       1 0.750000 0.923077       1       1 0.823529     0.255697
    861   h1       1 0.727273 0.727273       1 0.750000 0.923077       1       1 0.823529     0.301559
    862   h1       1 0.636364 0.690909       1 0.750000 0.923077       1       1 0.368421     0.112142
    863   h1       1 0.363636 0.585455       1 0.461538 0.512821       1       1 0.000000     0.000000
    864   h1       1 0.666667 0.669091       1 0.916667 0.769231       1       1 0.823529     0.259025
    865   h1       1 0.727273 0.727273       1 0.916667 0.769231       1       1 0.823529     0.307144
    866   h1       1 0.727273 0.727273       1 0.916667 0.769231       1       1 0.823529     0.307144
    867   h1       1 0.727273 0.669091       1 0.564103 0.427350       1       1 0.216718     0.025423
    868   h1       1 0.715909 0.727273       1 0.750000 0.769231       1       1 0.823529     0.247373
    869   h1       1 0.727273 0.727273       1 0.750000 0.769231       1       1 0.823529     0.251300
    870   h1       1 0.727273 0.727273       1 0.750000 0.769231       1       1 0.823529     0.251300
    871   h1       1 0.367424 0.581818       1 0.394231 0.569801       1       1 0.021672     0.001041
    872   h1       1 0.818182 0.727273       1 0.750000 0.846154       1       1 0.823529     0.310983
    873   h1       1 0.818182 0.727273       1 0.750000 0.846154       1       1 0.823529     0.310983
    874   h1       1 0.818182 0.727273       1 0.750000 0.846154       1       1 0.823529     0.310983
    875   h1       1 0.681818 0.450909       1 0.182692 0.156695       1       1 0.044892     0.000395
    876   h1       1 1.000000 0.727273       1 0.750000 1.000000       1       1 0.823529     0.449198
    877   h1       1 1.000000 0.727273       1 0.750000 1.000000       1       1 0.823529     0.449198
    878   h1       1 1.000000 0.727273       1 0.750000 1.000000       1       1 0.823529     0.449198
    879   h1       1 0.833333 0.465455       1 0.198718 0.222222       1       1 0.043344     0.000742
    880   h1       1 0.727273 1.000000       1 0.916667 0.846154       1       1 0.823529     0.464555
    881   h1       1 0.727273 1.000000       1 0.916667 0.846154       1       1 0.823529     0.464555
    882   h1       1 0.727273 1.000000       1 0.916667 0.846154       1       1 0.773994     0.436612
    883   h1       1 0.587121 0.680000       1 0.271605 0.125356       1       1 0.037152     0.000505
    884   h1       1 0.681818 0.818182       1 1.000000 0.769231       1       1 0.823529     0.353390
    885   h1       1 0.727273 0.818182       1 1.000000 0.769231       1       1 0.823529     0.376949
    886   h1       1 0.727273 0.818182       1 1.000000 0.769231       1       1 0.823529     0.376949
    887   h1       1 0.606061 0.130909       1 1.000000 0.678063       1       1 0.253870     0.013657
    888   h1       1 0.666667 0.960000       1 0.750000 0.846154       1       1 0.823529     0.334480
    889   h1       1 0.727273 1.000000       1 0.750000 0.786325       1       1 0.801858     0.343920
    890   h1       1 0.727273 1.000000       1 0.750000 0.817664       1       1 0.602167     0.268566
    891   h1       1 0.727273 0.920000       1 0.461538 0.470085       1       1 0.123839     0.017977
    892   h1       1 0.666667 0.909091       1 0.750000 0.923077       1       1 0.837461     0.351382
    893   h1       1 0.727273 0.909091       1 0.750000 0.923077       1       1 0.882353     0.403874
    894   h1       1 0.704545 0.640000       1 0.701923 0.923077       1       1 0.394737     0.115325
    895   h1       1 0.636364 0.000000       1 0.410256 0.512821       1       1 0.000000     0.000000
    916   h1       1 0.916667 0.752727       1 1.000000 0.769231       1       1 0.823529     0.437104
    917   h1       1 1.000000 0.818182       1 1.000000 0.769231       1       1 0.823529     0.518305
    918   h1       1 1.000000 0.818182       1 1.000000 0.769231       1       1 0.823529     0.518305
    919   h1       1 1.000000 0.752727       1 1.000000 0.666667       1       1 0.530960     0.266445
    920   h1       1 0.166667 0.000000       1 0.807692 0.398860       1       1 0.054180     0.000000
    921   h1       1 0.666667 0.960000       1 0.750000 0.769231       1       1 0.823529     0.304072
    922   h1       1 0.727273 1.000000       1 0.750000 0.769231       1       1 0.823529     0.345537
    923   h1       1 0.727273 1.000000       1 0.750000 0.769231       1       1 0.823529     0.345537
    924   h1       1 0.727273 0.920000       1 0.750000 0.769231       1       1 0.823529     0.317894
    925   h1       1 0.121212 0.000000       1 0.605769 0.569801       1       1 0.108359     0.000000
    926   h1       1 0.833333 0.698182       1 0.750000 0.769231       1       1 0.823529     0.276429
    927   h1       1 0.909091 0.727273       1 0.750000 0.769231       1       1 0.823529     0.314124
    928   h1       1 0.909091 0.727273       1 0.750000 0.769231       1       1 0.823529     0.314124
    929   h1       1 0.909091 0.669091       1 0.750000 0.769231       1       1 0.823529     0.288994
    930   h1       1 0.151515 0.000000       1 0.611111 0.569801       1       1 0.108359     0.000000
    931   h1       1 0.833333 0.698182       1 0.750000 0.692308       1       1 0.823529     0.248787
    932   h1       1 0.909091 0.727273       1 0.750000 0.754986       1       1 0.825077     0.308887
    933   h1       1 0.909091 0.727273       1 0.750000 0.723647       1       1 0.823529     0.295510
    934   h1       1 0.909091 0.669091       1 0.525641 0.589744       1       1 0.235294     0.044367
    935   h1       1 0.151515 0.000000       1 0.134615 0.341880       1       1 0.000000     0.000000