 ChipID Half   Layer0   Layer1   Layer2   Layer3  Layer4  Layer5   Layer6  Layer7  Layer8  Pseaudo_Eff
    344   h0 0.434783 0.871212 0.000000 0.480000       1       1 0.000000       1       1     0.000000
    345   h0 0.454545 0.965909 0.000000 0.500000       1       1 0.000000       1       1     0.000000
    346   h0 0.355731 0.708333 0.000000 0.280000       1       1 0.000000       1       1     0.000000
    347   h0 0.695652 0.784091 0.960000 0.720000       1       1 0.800000       1       1     0.301615
    348   h0 0.727273 0.818182 1.000000 0.750000       1       1 0.800000       1       1     0.357025
    349   h0 0.569170 0.579545 0.640000 0.420000       1       1 0.635294       1       1     0.056329
    350   h0 0.695652 0.958333 0.610909 0.240000       1       1 0.866667       1       1     0.084713
    351   h0 0.727273 1.000000 0.636364 0.250000       1       1 0.866667       1       1     0.100275
    352   h0 0.600791 0.708333 0.407273 0.140000       1       1 0.688235       1       1     0.016700
    353   h0 0.956522 0.000000 0.436364 0.000000       1       1 0.000000       1       1     0.000000
    354   h0 1.000000 0.000000 0.454545 0.000000       1       1 0.000000       1       1     0.000000
    355   h0 0.826087 0.000000 0.290909 0.000000       1       1 0.000000       1       1     0.000000
    392   h0 0.956522 0.696970 0.698182 0.800000       1       1 0.933333       1       1     0.347539
    393   h0 1.000000 0.727273 0.727273 0.833333       1       1 0.933333       1       1     0.411387
    394   h0 1.000000 0.647727 0.727273 0.448718       1       1 0.741176       1       1     0.156670
    395   h0 1.000000 0.454545 0.669091 0.000000       1       1 0.000000       1       1     0.000000
    396   h0 0.695652 0.696970 0.698182 0.960000       1       1 0.933333       1       1     0.303307
    397   h0 0.727273 0.727273 0.727273 1.000000       1       1 0.933333       1       1     0.359028
    398   h0 0.727273 0.727273 0.727273 1.000000       1       1 0.933333       1       1     0.359028
    399   h0 0.727273 0.727273 0.669091 0.769231       1       1 0.658824       1       1     0.179352
    400   h0 0.909091 0.727273 0.818182 0.750000       1       1 0.800000       1       1     0.324568
    401   h0 0.909091 0.727273 0.818182 0.750000       1       1 0.800000       1       1     0.324568
    402   h0 0.909091 0.727273 0.818182 0.680000       1       1 0.800000       1       1     0.294275
    403   h0 0.909091 0.454545 0.654545 0.115385       1       1 0.333333       1       1     0.010403
    404   h0 0.727273 0.818182 0.727273 0.833333       1       1 0.800000       1       1     0.288505
    405   h0 0.727273 0.818182 0.727273 0.833333       1       1 0.800000       1       1     0.288505
    406   h0 0.727273 0.818182 0.727273 0.833333       1       1 0.800000       1       1     0.288505
    407   h0 0.703557 0.681818 0.461818 0.384615       1       1 0.405882       1       1     0.034583
    408   h0 0.727273 1.000000 0.727273 1.000000       1       1 0.800000       1       1     0.423140
    409   h0 0.727273 1.000000 0.727273 1.000000       1       1 0.800000       1       1     0.423140
    410   h0 0.727273 1.000000 0.727273 1.000000       1       1 0.800000       1       1     0.423140
    411   h0 0.723320 0.875000 0.490909 0.461538       1       1 0.423529       1       1     0.060734
    412   h0 1.000000 0.727273 1.000000 0.750000       1       1 0.800000       1       1     0.436364
    413   h0 1.000000 0.727273 1.000000 0.750000       1       1 0.800000       1       1     0.436364
    414   h0 1.000000 0.727273 1.000000 0.750000       1       1 0.800000       1       1     0.436364
    415   h0 1.000000 0.587121 0.680000 0.317308       1       1 0.358824       1       1     0.045457
    416   h0 0.727273 0.689394 0.909091 0.750000       1       1 0.800000       1       1     0.273479
    417   h0 0.727273 0.727273 0.909091 0.750000       1       1 0.800000       1       1     0.288505
    418   h0 0.727273 0.727273 0.909091 0.730769       1       1 0.758824       1       1     0.266639
    419   h0 0.316206 0.545455 0.181818 0.201923       1       1 0.205882       1       1     0.001304
    420   h0 0.956522 0.696970 0.872727 0.960000       1       1 0.800000       1       1     0.446836
    421   h0 1.000000 0.727273 0.909091 1.000000       1       1 0.800000       1       1     0.528926
    422   h0 1.000000 0.727273 0.909091 1.000000       1       1 0.662745       1       1     0.438179
    423   h0 1.000000 0.727273 0.836364 0.800000       1       1 0.094118       1       1     0.045799
    424   h0 0.695652 0.696970 0.960000 0.720000       1       1 0.800000       1       1     0.268102
    425   h0 0.727273 0.727273 1.000000 0.750000       1       1 0.800000       1       1     0.317355
    426   h0 0.632411 0.674242 0.640000 0.420000       1       1 0.635294       1       1     0.072815
    427   h0 0.181818 0.545455 0.000000 0.000000       1       1 0.000000       1       1     0.000000
    448   h0 0.695652 0.958333 0.698182 0.720000       1       1 0.866667       1       1     0.290444
    449   h0 0.727273 1.000000 0.727273 0.750000       1       1 0.866667       1       1     0.343802
    450   h0 0.727273 1.000000 0.727273 0.750000       1       1 0.866667       1       1     0.343802
    451   h0 0.727273 1.000000 0.669091 0.576923       1       1 0.611765       1       1     0.171745
    452   h0 0.189723 0.166667 0.000000 0.000000       1       1 0.000000       1       1     0.000000
    453   h0 0.869565 0.696970 0.960000 0.720000       1       1 0.800000       1       1     0.335127
    454   h0 0.909091 0.727273 1.000000 0.750000       1       1 0.800000       1       1     0.396694
    455   h0 0.909091 0.727273 1.000000 0.750000       1       1 0.800000       1       1     0.396694
    456   h0 0.909091 0.727273 0.920000 0.600000       1       1 0.564706       1       1     0.206094
    457   h0 0.237154 0.121212 0.000000 0.000000       1       1 0.000000       1       1     0.000000
    458   h0 0.695652 0.784091 0.698182 0.720000       1       1 0.800000       1       1     0.219356
    459   h0 0.727273 0.909091 0.727273 0.750000       1       1 0.800000       1       1     0.288505
    460   h0 0.727273 0.909091 0.727273 0.750000       1       1 0.800000       1       1     0.288505
    461   h0 0.727273 0.909091 0.669091 0.600000       1       1 0.564706       1       1     0.149887
    462   h0 0.189723 0.151515 0.000000 0.000000       1       1 0.000000       1       1     0.000000
    463   h0 0.782609 0.958333 0.698182 0.800000       1       1 0.800000       1       1     0.335127
    464   h0 0.818182 1.000000 0.727273 0.833333       1       1 0.800000       1       1     0.396694
    465   h0 0.818182 1.000000 0.727273 0.833333       1       1 0.800000       1       1     0.396694
    466   h0 0.818182 1.000000 0.669091 0.666667       1       1 0.564706       1       1     0.206094
    467   h0 0.213439 0.166667 0.000000 0.000000       1       1 0.000000       1       1     0.000000
    812   h1 0.434783 0.916667 0.000000 0.400000       1       1 0.000000       1       1     0.000000
    813   h1 0.363636 1.000000 0.000000 0.416667       1       1 0.000000       1       1     0.000000
    814   h1 0.300395 0.750000 0.000000 0.216667       1       1 0.000000       1       1     0.000000
    815   h1 0.695652 0.750000 0.960000 0.720000       1       1 0.733333       1       1     0.264459
    816   h1 0.727273 0.818182 1.000000 0.750000       1       1 0.733333       1       1     0.327273
    817   h1 0.600791 0.613636 0.600000 0.420000       1       1 0.635294       1       1     0.059021
    818   h1 0.695652 0.916667 0.727273 0.333333       1       1 0.800000       1       1     0.123671
    819   h1 0.727273 1.000000 0.727273 0.333333       1       1 0.800000       1       1     0.141047
    820   h1 0.600791 0.750000 0.465455 0.173333       1       1 0.611765       1       1     0.022240
    821   h1 0.956522 0.000000 0.436364 0.000000       1       1 0.000000       1       1     0.000000
    822   h1 1.000000 0.000000 0.454545 0.000000       1       1 0.000000       1       1     0.000000
    823   h1 0.826087 0.000000 0.290909 0.000000       1       1 0.000000       1       1     0.000000
    860   h1 0.956522 0.666667 0.672727 0.880000       1       1 0.866667       1       1     0.327173
    861   h1 1.000000 0.727273 0.727273 0.916667       1       1 0.866667       1       1     0.420202
    862   h1 1.000000 0.636364 0.690909 0.476667       1       1 0.662745       1       1     0.138895
    863   h1 1.000000 0.363636 0.585455 0.000000       1       1 0.000000       1       1     0.000000
    864   h1 0.695652 0.666667 0.669091 1.000000       1       1 0.933333       1       1     0.289616
    865   h1 0.727273 0.727273 0.727273 1.000000       1       1 0.933333       1       1     0.359028
    866   h1 0.727273 0.727273 0.727273 1.000000       1       1 0.933333       1       1     0.359028
    867   h1 0.727273 0.727273 0.669091 0.769231       1       1 0.658824       1       1     0.179352
    868   h1 0.909091 0.715909 0.727273 0.750000       1       1 0.800000       1       1     0.283997
    869   h1 0.909091 0.727273 0.727273 0.750000       1       1 0.800000       1       1     0.288505
    870   h1 0.909091 0.727273 0.727273 0.660256       1       1 0.800000       1       1     0.253983
    871   h1 0.909091 0.367424 0.581818 0.115385       1       1 0.329412       1       1     0.007387
    872   h1 0.727273 0.818182 0.727273 0.916667       1       1 0.800000       1       1     0.317355
    873   h1 0.727273 0.818182 0.727273 0.916667       1       1 0.800000       1       1     0.317355
    874   h1 0.727273 0.818182 0.727273 0.916667       1       1 0.800000       1       1     0.317355
    875   h1 0.660079 0.681818 0.450909 0.423077       1       1 0.403922       1       1     0.034679
    876   h1 0.727273 1.000000 0.727273 1.000000       1       1 0.800000       1       1     0.423140
    877   h1 0.727273 1.000000 0.727273 1.000000       1       1 0.800000       1       1     0.423140
    878   h1 0.727273 1.000000 0.727273 1.000000       1       1 0.800000       1       1     0.423140
    879   h1 0.695652 0.833333 0.465455 0.461538       1       1 0.400000       1       1     0.049815
    880   h1 1.000000 0.727273 1.000000 0.750000       1       1 0.800000       1       1     0.436364
    881   h1 1.000000 0.727273 1.000000 0.750000       1       1 0.800000       1       1     0.436364
    882   h1 1.000000 0.727273 1.000000 0.750000       1       1 0.800000       1       1     0.436364
    883   h1 0.956522 0.587121 0.680000 0.288462       1       1 0.376471       1       1     0.041472
    884   h1 0.727273 0.681818 0.818182 0.750000       1       1 0.800000       1       1     0.243426
    885   h1 0.727273 0.727273 0.818182 0.750000       1       1 0.800000       1       1     0.259654
    886   h1 0.727273 0.727273 0.818182 0.733974       1       1 0.752941       1       1     0.239159
    887   h1 0.284585 0.606061 0.130909 0.259615       1       1 0.247059       1       1     0.001448
    888   h1 0.869565 0.666667 0.960000 1.000000       1       1 0.800000       1       1     0.445217
    889   h1 0.909091 0.727273 1.000000 1.000000       1       1 0.800000       1       1     0.528926
    890   h1 1.000000 0.727273 1.000000 1.000000       1       1 0.658824       1       1     0.479144
    891   h1 1.000000 0.727273 0.920000 0.769231       1       1 0.141176       1       1     0.072661
    892   h1 0.695652 0.666667 0.909091 0.750000       1       1 0.800000       1       1     0.252964
    893   h1 0.727273 0.727273 0.909091 0.750000       1       1 0.800000       1       1     0.288505
    894   h1 0.632411 0.704545 0.640000 0.390000       1       1 0.611765       1       1     0.068036
    895   h1 0.181818 0.636364 0.000000 0.000000       1       1 0.000000       1       1     0.000000
    916   h1 0.695652 0.916667 0.752727 0.750000       1       1 0.933333       1       1     0.336000
    917   h1 0.727273 1.000000 0.818182 0.750000       1       1 0.933333       1       1     0.416529
    918   h1 0.727273 1.000000 0.818182 0.750000       1       1 0.933333       1       1     0.416529
    919   h1 0.727273 1.000000 0.752727 0.570000       1       1 0.658824       1       1     0.205579
    920   h1 0.158103 0.166667 0.000000 0.000000       1       1 0.000000       1       1     0.000000
    921   h1 0.869565 0.666667 0.960000 0.733333       1       1 0.866667       1       1     0.353700
    922   h1 0.909091 0.727273 1.000000 0.750000       1       1 0.866667       1       1     0.429752
    923   h1 0.909091 0.727273 1.000000 0.750000       1       1 0.866667       1       1     0.429752
    924   h1 0.909091 0.727273 0.920000 0.576923       1       1 0.637255       1       1     0.223627
    925   h1 0.197628 0.121212 0.000000 0.000000       1       1 0.000000       1       1     0.000000
    926   h1 0.707510 0.833333 0.698182 0.721154       1       1 0.800000       1       1     0.237486
    927   h1 0.727273 0.909091 0.727273 0.750000       1       1 0.800000       1       1     0.288505
    928   h1 0.727273 0.909091 0.727273 0.750000       1       1 0.800000       1       1     0.288505
    929   h1 0.727273 0.909091 0.669091 0.576923       1       1 0.564706       1       1     0.144122
    930   h1 0.158103 0.151515 0.000000 0.000000       1       1 0.000000       1       1     0.000000
    931   h1 0.909091 0.833333 0.698182 0.881410       1       1 0.800000       1       1     0.372960
    932   h1 0.909091 0.909091 0.727273 0.916667       1       1 0.800000       1       1     0.440771
    933   h1 0.909091 0.909091 0.727273 0.916667       1       1 0.800000       1       1     0.440771
    934   h1 0.909091 0.909091 0.669091 0.705128       1       1 0.564706       1       1     0.220186
    935   h1 0.197628 0.151515 0.000000 0.000000       1       1 0.000000       1       1     0.000000