 ChipID Half   Layer0  Layer1   Layer2  Layer3   Layer4   Layer5   Layer6  Layer7  Layer8  Pseaudo_Eff
    344   h0 0.434783       1 0.000000       1 0.641026 0.000000 0.000000       1       1     0.000000
    345   h0 0.454545       1 0.000000       1 0.666667 0.000000 0.000000       1       1     0.000000
    346   h0 0.355731       1 0.000000       1 0.307692 0.000000 0.000000       1       1     0.000000
    347   h0 0.695652       1 0.960000       1 0.721154 0.962963 0.800000       1       1     0.371014
    348   h0 0.727273       1 1.000000       1 0.750000 1.000000 0.800000       1       1     0.436364
    349   h0 0.569170       1 0.640000       1 0.570513 0.407407 0.635294       1       1     0.053789
    350   h0 0.695652       1 0.610909       1 0.801282 0.888889 0.866667       1       1     0.262333
    351   h0 0.727273       1 0.636364       1 0.833333 0.923077 0.866667       1       1     0.308540
    352   h0 0.600791       1 0.407273       1 0.352564 0.376068 0.688235       1       1     0.022328
    353   h0 0.956522       1 0.436364       1 0.000000 0.074074 0.000000       1       1     0.000000
    354   h0 1.000000       1 0.454545       1 0.000000 0.076923 0.000000       1       1     0.000000
    355   h0 0.826087       1 0.290909       1 0.000000 0.031339 0.000000       1       1     0.000000
    392   h0 0.956522       1 0.698182       1 0.721154 0.814815 0.933333       1       1     0.366258
    393   h0 1.000000       1 0.727273       1 0.750000 0.846154 0.933333       1       1     0.430769
    394   h0 1.000000       1 0.727273       1 0.750000 0.846154 0.741176       1       1     0.342081
    395   h0 1.000000       1 0.669091       1 0.490385 0.501425 0.000000       1       1     0.000000
    396   h0 0.695652       1 0.698182       1 0.801282 0.740741 0.933333       1       1     0.269060
    397   h0 0.727273       1 0.727273       1 0.833333 0.769231 0.933333       1       1     0.316451
    398   h0 0.727273       1 0.727273       1 0.833333 0.769231 0.933333       1       1     0.316451
    399   h0 0.727273       1 0.669091       1 0.544872 0.455840 0.658824       1       1     0.079627
    400   h0 0.909091       1 0.818182       1 0.750000 0.769231 0.800000       1       1     0.343293
    401   h0 0.909091       1 0.818182       1 0.750000 0.769231 0.800000       1       1     0.343293
    402   h0 0.909091       1 0.818182       1 0.750000 0.769231 0.800000       1       1     0.343293
    403   h0 0.909091       1 0.654545       1 0.384615 0.598291 0.333333       1       1     0.045642
    404   h0 0.727273       1 0.727273       1 0.750000 0.846154 0.800000       1       1     0.268531
    405   h0 0.727273       1 0.727273       1 0.750000 0.846154 0.800000       1       1     0.268531
    406   h0 0.727273       1 0.727273       1 0.750000 0.846154 0.800000       1       1     0.268531
    407   h0 0.703557       1 0.461818       1 0.221154 0.188034 0.405882       1       1     0.005484
    408   h0 0.727273       1 0.727273       1 0.750000 1.000000 0.800000       1       1     0.317355
    409   h0 0.727273       1 0.727273       1 0.750000 1.000000 0.800000       1       1     0.317355
    410   h0 0.727273       1 0.727273       1 0.750000 1.000000 0.800000       1       1     0.317355
    411   h0 0.723320       1 0.490909       1 0.224359 0.222222 0.423529       1       1     0.007498
    412   h0 1.000000       1 1.000000       1 0.833333 0.769231 0.800000       1       1     0.512821
    413   h0 1.000000       1 1.000000       1 0.833333 0.769231 0.800000       1       1     0.512821
    414   h0 1.000000       1 1.000000       1 0.833333 0.769231 0.800000       1       1     0.512821
    415   h0 1.000000       1 0.680000       1 0.288462 0.142450 0.358824       1       1     0.010026
    416   h0 0.727273       1 0.909091       1 1.000000 0.769231 0.800000       1       1     0.406866
    417   h0 0.727273       1 0.909091       1 1.000000 0.769231 0.800000       1       1     0.406866
    418   h0 0.727273       1 0.909091       1 1.000000 0.769231 0.758824       1       1     0.385924
    419   h0 0.316206       1 0.181818       1 1.000000 0.643875 0.205882       1       1     0.007621
    420   h0 0.956522       1 0.872727       1 0.721154 0.712251 0.800000       1       1     0.343024
    421   h0 1.000000       1 0.909091       1 0.750000 0.769231 0.800000       1       1     0.419580
    422   h0 1.000000       1 0.909091       1 0.750000 0.769231 0.662745       1       1     0.347594
    423   h0 1.000000       1 0.836364       1 0.490385 0.455840 0.094118       1       1     0.017596
    424   h0 0.695652       1 0.960000       1 0.721154 0.925926 0.800000       1       1     0.356745
    425   h0 0.727273       1 1.000000       1 0.750000 1.000000 0.800000       1       1     0.436364
    426   h0 0.632411       1 0.640000       1 0.653846 1.000000 0.635294       1       1     0.168124
    427   h0 0.181818       1 0.000000       1 0.381410 0.592593 0.000000       1       1     0.000000
    448   h0 0.695652       1 0.698182       1 0.961538 0.740741 0.866667       1       1     0.299810
    449   h0 0.727273       1 0.727273       1 1.000000 0.769231 0.866667       1       1     0.352617
    450   h0 0.727273       1 0.727273       1 1.000000 0.769231 0.866667       1       1     0.352617
    451   h0 0.727273       1 0.669091       1 1.000000 0.643875 0.611765       1       1     0.191676
    452   h0 0.189723       1 0.000000       1 0.846154 0.341880 0.000000       1       1     0.000000
    453   h0 0.869565       1 0.960000       1 0.801282 0.740741 0.800000       1       1     0.396383
    454   h0 0.909091       1 1.000000       1 0.833333 0.769231 0.800000       1       1     0.466200
    455   h0 0.909091       1 1.000000       1 0.833333 0.769231 0.800000       1       1     0.466200
    456   h0 0.909091       1 0.920000       1 0.833333 0.769231 0.564706       1       1     0.302756
    457   h0 0.237154       1 0.000000       1 0.705128 0.569801 0.000000       1       1     0.000000
    458   h0 0.695652       1 0.698182       1 0.801282 0.769231 0.800000       1       1     0.239493
    459   h0 0.727273       1 0.727273       1 0.833333 0.769231 0.800000       1       1     0.271244
    460   h0 0.727273       1 0.727273       1 0.833333 0.769231 0.800000       1       1     0.271244
    461   h0 0.727273       1 0.669091       1 0.833333 0.769231 0.564706       1       1     0.176149
    462   h0 0.189723       1 0.000000       1 0.705128 0.569801 0.000000       1       1     0.000000
    463   h0 0.782609       1 0.698182       1 0.721154 0.732194 0.800000       1       1     0.230811
    464   h0 0.818182       1 0.727273       1 0.750000 0.769231 0.800000       1       1     0.274634
    465   h0 0.818182       1 0.727273       1 0.750000 0.769231 0.800000       1       1     0.274634
    466   h0 0.818182       1 0.669091       1 0.548077 0.675214 0.564706       1       1     0.114404
    467   h0 0.213439       1 0.000000       1 0.141026 0.398860 0.000000       1       1     0.000000
    812   h1 0.434783       1 0.000000       1 0.583333 0.000000 0.000000       1       1     0.000000
    813   h1 0.363636       1 0.000000       1 0.583333 0.059829 0.000000       1       1     0.000000
    814   h1 0.300395       1 0.000000       1 0.269231 0.031339 0.000000       1       1     0.000000
    815   h1 0.695652       1 0.960000       1 0.750000 1.000000 0.733333       1       1     0.367304
    816   h1 0.727273       1 1.000000       1 0.750000 0.940171 0.733333       1       1     0.376068
    817   h1 0.600791       1 0.600000       1 0.525641 0.376068 0.635294       1       1     0.045269
    818   h1 0.695652       1 0.727273       1 0.916667 1.000000 0.800000       1       1     0.371014
    819   h1 0.727273       1 0.727273       1 0.916667 0.940171 0.800000       1       1     0.364672
    820   h1 0.600791       1 0.465455       1 0.423077 0.376068 0.611765       1       1     0.027219
    821   h1 0.956522       1 0.436364       1 0.000000 0.000000 0.000000       1       1     0.000000
    822   h1 1.000000       1 0.454545       1 0.000000 0.059829 0.000000       1       1     0.000000
    823   h1 0.826087       1 0.290909       1 0.000000 0.031339 0.000000       1       1     0.000000
    860   h1 0.956522       1 0.672727       1 0.750000 0.923077 0.866667       1       1     0.386087
    861   h1 1.000000       1 0.727273       1 0.750000 0.923077 0.866667       1       1     0.436364
    862   h1 1.000000       1 0.690909       1 0.750000 0.923077 0.662745       1       1     0.317005
    863   h1 1.000000       1 0.585455       1 0.461538 0.512821 0.000000       1       1     0.000000
    864   h1 0.695652       1 0.669091       1 0.916667 0.769231 0.933333       1       1     0.306325
    865   h1 0.727273       1 0.727273       1 0.916667 0.769231 0.933333       1       1     0.348096
    866   h1 0.727273       1 0.727273       1 0.916667 0.769231 0.933333       1       1     0.348096
    867   h1 0.727273       1 0.669091       1 0.564103 0.427350 0.658824       1       1     0.077285
    868   h1 0.909091       1 0.727273       1 0.750000 0.769231 0.800000       1       1     0.305149
    869   h1 0.909091       1 0.727273       1 0.750000 0.769231 0.800000       1       1     0.305149
    870   h1 0.909091       1 0.727273       1 0.750000 0.769231 0.800000       1       1     0.305149
    871   h1 0.909091       1 0.581818       1 0.394231 0.569801 0.329412       1       1     0.039139
    872   h1 0.727273       1 0.727273       1 0.750000 0.846154 0.800000       1       1     0.268531
    873   h1 0.727273       1 0.727273       1 0.750000 0.846154 0.800000       1       1     0.268531
    874   h1 0.727273       1 0.727273       1 0.750000 0.846154 0.800000       1       1     0.268531
    875   h1 0.660079       1 0.450909       1 0.182692 0.156695 0.403922       1       1     0.003442
    876   h1 0.727273       1 0.727273       1 0.750000 1.000000 0.800000       1       1     0.317355
    877   h1 0.727273       1 0.727273       1 0.750000 1.000000 0.800000       1       1     0.317355
    878   h1 0.727273       1 0.727273       1 0.750000 1.000000 0.800000       1       1     0.317355
    879   h1 0.695652       1 0.465455       1 0.198718 0.222222 0.400000       1       1     0.005719
    880   h1 1.000000       1 1.000000       1 0.916667 0.846154 0.800000       1       1     0.620513
    881   h1 1.000000       1 1.000000       1 0.916667 0.846154 0.800000       1       1     0.620513
    882   h1 1.000000       1 1.000000       1 0.916667 0.846154 0.800000       1       1     0.620513
    883   h1 0.956522       1 0.680000       1 0.271605 0.125356 0.376471       1       1     0.008337
    884   h1 0.727273       1 0.818182       1 1.000000 0.769231 0.800000       1       1     0.366179
    885   h1 0.727273       1 0.818182       1 1.000000 0.769231 0.800000       1       1     0.366179
    886   h1 0.727273       1 0.818182       1 1.000000 0.769231 0.752941       1       1     0.344639
    887   h1 0.284585       1 0.130909       1 1.000000 0.678063 0.247059       1       1     0.006241
    888   h1 0.869565       1 0.960000       1 0.750000 0.846154 0.800000       1       1     0.423813
    889   h1 0.909091       1 1.000000       1 0.750000 0.786325 0.800000       1       1     0.428904
    890   h1 1.000000       1 1.000000       1 0.750000 0.817664 0.658824       1       1     0.404022
    891   h1 1.000000       1 0.920000       1 0.461538 0.470085 0.141176       1       1     0.028180
    892   h1 0.695652       1 0.909091       1 0.750000 0.923077 0.800000       1       1     0.350258
    893   h1 0.727273       1 0.909091       1 0.750000 0.923077 0.800000       1       1     0.366179
    894   h1 0.632411       1 0.640000       1 0.701923 0.923077 0.611765       1       1     0.160432
    895   h1 0.181818       1 0.000000       1 0.410256 0.512821 0.000000       1       1     0.000000
    916   h1 0.695652       1 0.752727       1 1.000000 0.769231 0.933333       1       1     0.375944
    917   h1 0.727273       1 0.818182       1 1.000000 0.769231 0.933333       1       1     0.427209
    918   h1 0.727273       1 0.818182       1 1.000000 0.769231 0.933333       1       1     0.427209
    919   h1 0.727273       1 0.752727       1 1.000000 0.666667 0.658824       1       1     0.240443
    920   h1 0.158103       1 0.000000       1 0.807692 0.398860 0.000000       1       1     0.000000
    921   h1 0.869565       1 0.960000       1 0.750000 0.769231 0.866667       1       1     0.417391
    922   h1 0.909091       1 1.000000       1 0.750000 0.769231 0.866667       1       1     0.454545
    923   h1 0.909091       1 1.000000       1 0.750000 0.769231 0.866667       1       1     0.454545
    924   h1 0.909091       1 0.920000       1 0.750000 0.769231 0.637255       1       1     0.307487
    925   h1 0.197628       1 0.000000       1 0.605769 0.569801 0.000000       1       1     0.000000
    926   h1 0.707510       1 0.698182       1 0.750000 0.769231 0.800000       1       1     0.227986
    927   h1 0.727273       1 0.727273       1 0.750000 0.769231 0.800000       1       1     0.244120
    928   h1 0.727273       1 0.727273       1 0.750000 0.769231 0.800000       1       1     0.244120
    929   h1 0.727273       1 0.669091       1 0.750000 0.769231 0.564706       1       1     0.158534
    930   h1 0.158103       1 0.000000       1 0.611111 0.569801 0.000000       1       1     0.000000
    931   h1 0.909091       1 0.698182       1 0.750000 0.692308 0.800000       1       1     0.263649
    932   h1 0.909091       1 0.727273       1 0.750000 0.754986 0.800000       1       1     0.299498
    933   h1 0.909091       1 0.727273       1 0.750000 0.723647 0.800000       1       1     0.287066
    934   h1 0.909091       1 0.669091       1 0.525641 0.589744 0.564706       1       1     0.106480
    935   h1 0.197628       1 0.000000       1 0.134615 0.341880 0.000000       1       1     0.000000