 ChipID Half   Layer0   Layer1  Layer2   Layer3  Layer4   Layer5   Layer6  Layer7  Layer8  Pseaudo_Eff
    332   h0 0.000000 0.696970       1 0.000000       1 0.000000 0.000000       1       1     0.000000
    333   h0 0.000000 0.670455       1 0.000000       1 0.000000 0.000000       1       1     0.000000
    334   h0 0.000000 0.424242       1 0.000000       1 0.000000 0.000000       1       1     0.000000
    335   h0 0.958333 0.609848       1 0.961538       1 0.519231 0.250000       1       1     0.072947
    336   h0 1.000000 0.696970       1 1.000000       1 0.538462 0.250000       1       1     0.093823
    337   h0 0.708333 0.484848       1 0.500000       1 0.192308 0.183824       1       1     0.006070
    338   h0 0.696970 0.958333       1 0.400641       1 0.741758 0.812500       1       1     0.161277
    339   h0 0.727273 1.000000       1 0.416667       1 0.769231 0.812500       1       1     0.189394
    340   h0 0.545455 0.666667       1 0.208333       1 0.274725 0.597426       1       1     0.012434
    341   h0 0.958333 0.000000       1 0.000000       1 0.148352 0.062500       1       1     0.000000
    342   h0 1.000000 0.000000       1 0.000000       1 0.153846 0.062500       1       1     0.000000
    343   h0 0.750000 0.000000       1 0.000000       1 0.082418 0.045956       1       1     0.000000
    356   h0 0.696970 0.784091       1 0.801282       1 0.741758 0.812500       1       1     0.263907
    357   h0 0.727273 0.818182       1 0.833333       1 0.769231 0.812500       1       1     0.309917
    358   h0 0.700758 0.545455       1 0.416667       1 0.521978 0.597426       1       1     0.049665
    359   h0 0.636364 0.000000       1 0.000000       1 0.192308 0.000000       1       1     0.000000
    360   h0 0.696970 0.958333       1 0.721154       1 0.741758 0.812500       1       1     0.290298
    361   h0 0.727273 1.000000       1 0.750000       1 0.769231 0.812500       1       1     0.340909
    362   h0 0.727273 1.000000       1 0.666667       1 0.769231 0.713235       1       1     0.266009
    363   h0 0.727273 1.000000       1 0.365385       1 0.384615 0.283088       1       1     0.028933
    364   h0 0.681818 0.818182       1 1.000000       1 1.000000 0.812500       1       1     0.453254
    365   h0 0.727273 0.818182       1 1.000000       1 1.000000 0.812500       1       1     0.483471
    366   h0 0.727273 0.818182       1 0.884615       1 1.000000 0.801471       1       1     0.421880
    367   h0 0.606061 0.204545       1 0.000000       1 0.821429 0.286765       1       1     0.000000
    368   h0 0.727273 1.000000       1 0.916667       1 0.846154 0.875000       1       1     0.493590
    369   h0 0.727273 1.000000       1 0.916667       1 0.846154 0.875000       1       1     0.493590
    370   h0 0.727273 1.000000       1 0.916667       1 0.846154 0.875000       1       1     0.493590
    371   h0 0.587121 0.791667       1 0.352564       1 0.120879 0.386029       1       1     0.007647
    372   h0 1.000000 0.727273       1 0.750000       1 0.769231 0.875000       1       1     0.367133
    373   h0 1.000000 0.727273       1 0.750000       1 0.769231 0.875000       1       1     0.367133
    374   h0 1.000000 0.727273       1 0.750000       1 0.769231 0.875000       1       1     0.367133
    375   h0 0.875000 0.575758       1 0.285256       1 0.104396 0.386029       1       1     0.005791
    376   h0 0.818182 0.727273       1 0.750000       1 0.769231 0.812500       1       1     0.278926
    377   h0 0.818182 0.727273       1 0.750000       1 0.769231 0.812500       1       1     0.278926
    378   h0 0.818182 0.727273       1 0.750000       1 0.769231 0.812500       1       1     0.278926
    379   h0 0.681818 0.530303       1 0.269231       1 0.060440 0.358456       1       1     0.002109
    380   h0 0.727273 0.727273       1 0.750000       1 0.769231 0.812500       1       1     0.247934
    381   h0 0.727273 0.727273       1 0.750000       1 0.769231 0.812500       1       1     0.247934
    382   h0 0.727273 0.727273       1 0.711538       1 0.769231 0.775735       1       1     0.224576
    383   h0 0.386364 0.750000       1 0.314103       1 0.351648 0.308824       1       1     0.009884
    384   h0 0.784091 0.696970       1 0.801282       1 0.928571 0.812500       1       1     0.330373
    385   h0 0.818182 0.727273       1 0.833333       1 1.000000 0.812500       1       1     0.402893
    386   h0 0.818182 0.727273       1 0.833333       1 1.000000 0.696691       1       1     0.345467
    387   h0 0.818182 0.727273       1 0.608974       1 0.500000 0.242647       1       1     0.043963
    388   h0 0.696970 0.696970       1 0.721154       1 0.857143 0.812500       1       1     0.243968
    389   h0 0.727273 0.727273       1 0.750000       1 0.923077 0.812500       1       1     0.297521
    390   h0 0.636364 0.727273       1 0.458333       1 0.923077 0.597426       1       1     0.116979
    391   h0 0.363636 0.727273       1 0.121795       1 0.461538 0.000000       1       1     0.000000
    428   h0 0.871212 0.696970       1 0.721154       1 0.741758 0.812500       1       1     0.263907
    429   h0 0.909091 0.727273       1 0.750000       1 0.769231 0.812500       1       1     0.309917
    430   h0 0.909091 0.727273       1 0.750000       1 0.769231 0.812500       1       1     0.309917
    431   h0 0.909091 0.727273       1 0.548077       1 0.384615 0.525735       1       1     0.073272
    432   h0 0.151515 0.060606       1 0.000000       1 0.000000 0.000000       1       1     0.000000
    433   h0 0.871212 0.696970       1 0.721154       1 0.890110 0.812500       1       1     0.316689
    434   h0 0.909091 0.727273       1 0.750000       1 0.923077 0.812500       1       1     0.371901
    435   h0 0.909091 0.727273       1 0.750000       1 0.923077 0.812500       1       1     0.371901
    436   h0 0.909091 0.727273       1 0.548077       1 0.923077 0.525735       1       1     0.175854
    437   h0 0.151515 0.060606       1 0.000000       1 0.593407 0.000000       1       1     0.000000
    438   h0 0.696970 0.958333       1 0.801282       1 0.741758 0.812500       1       1     0.322553
    439   h0 0.727273 1.000000       1 0.833333       1 0.769231 0.812500       1       1     0.378788
    440   h0 0.727273 1.000000       1 0.833333       1 0.769231 0.812500       1       1     0.378788
    441   h0 0.727273 1.000000       1 0.608974       1 0.769231 0.525735       1       1     0.179110
    442   h0 0.121212 0.083333       1 0.000000       1 0.494505 0.000000       1       1     0.000000
    443   h0 0.958333 0.696970       1 0.961538       1 0.815934 0.812500       1       1     0.425771
    444   h0 1.000000 0.727273       1 1.000000       1 0.846154 0.812500       1       1     0.500000
    445   h0 1.000000 0.727273       1 1.000000       1 0.846154 0.812500       1       1     0.500000
    446   h0 1.000000 0.727273       1 0.730769       1 0.846154 0.525735       1       1     0.236425
    447   h0 0.166667 0.060606       1 0.000000       1 0.543956 0.000000       1       1     0.000000
    800   h1 0.000000 0.609848       1 0.000000       1 0.000000 0.000000       1       1     0.000000
    801   h1 0.000000 0.636364       1 0.000000       1 0.000000 0.000000       1       1     0.000000
    802   h1 0.000000 0.450758       1 0.000000       1 0.000000 0.000000       1       1     0.000000
    803   h1 0.916667 0.696970       1 0.961538       1 0.519231 0.250000       1       1     0.079743
    804   h1 1.000000 0.727273       1 1.000000       1 0.598901 0.250000       1       1     0.108891
    805   h1 0.750000 0.515152       1 0.500000       1 0.219780 0.132353       1       1     0.005619
    806   h1 0.750000 0.958333       1 0.500000       1 0.769231 0.812500       1       1     0.224609
    807   h1 0.818182 1.000000       1 0.500000       1 0.706044 0.812500       1       1     0.234679
    808   h1 0.613636 0.708333       1 0.250000       1 0.247253 0.573529       1       1     0.015409
    809   h1 0.916667 0.000000       1 0.000000       1 0.148352 0.125000       1       1     0.000000
    810   h1 1.000000 0.000000       1 0.000000       1 0.214286 0.125000       1       1     0.000000
    811   h1 0.750000 0.000000       1 0.000000       1 0.082418 0.088235       1       1     0.000000
    824   h1 0.666667 0.871212       1 0.721154       1 0.815934 0.812500       1       1     0.277676
    825   h1 0.727273 0.909091       1 0.750000       1 0.785714 0.812500       1       1     0.316558
    826   h1 0.681818 0.643939       1 0.375000       1 0.571429 0.573529       1       1     0.053959
    827   h1 0.545455 0.000000       1 0.000000       1 0.230769 0.000000       1       1     0.000000
    828   h1 0.666667 0.958333       1 0.740385       1 0.741758 0.812500       1       1     0.285081
    829   h1 0.727273 1.000000       1 0.750000       1 0.769231 0.812500       1       1     0.340909
    830   h1 0.727273 1.000000       1 0.625000       1 0.769231 0.702206       1       1     0.245527
    831   h1 0.727273 1.000000       1 0.346154       1 0.384615 0.270221       1       1     0.026164
    832   h1 0.689394 0.818182       1 1.000000       1 1.000000 0.812500       1       1     0.458290
    833   h1 0.727273 0.818182       1 1.000000       1 1.000000 0.812500       1       1     0.483471
    834   h1 0.727273 0.818182       1 0.884615       1 1.000000 0.803309       1       1     0.422848
    835   h1 0.545455 0.227273       1 0.000000       1 0.821429 0.286765       1       1     0.000000
    836   h1 0.727273 1.000000       1 0.916667       1 0.846154 0.812500       1       1     0.458333
    837   h1 0.727273 1.000000       1 0.916667       1 0.846154 0.812500       1       1     0.458333
    838   h1 0.727273 1.000000       1 0.916667       1 0.846154 0.812500       1       1     0.458333
    839   h1 0.587121 0.750000       1 0.352564       1 0.120879 0.334559       1       1     0.006278
    840   h1 1.000000 0.727273       1 0.750000       1 0.769231 0.875000       1       1     0.367133
    841   h1 1.000000 0.727273       1 0.750000       1 0.769231 0.875000       1       1     0.367133
    842   h1 1.000000 0.727273       1 0.750000       1 0.769231 0.875000       1       1     0.367133
    843   h1 0.833333 0.541667       1 0.256410       1 0.107143 0.334559       1       1     0.004149
    844   h1 0.818182 0.727273       1 0.750000       1 0.769231 0.812500       1       1     0.278926
    845   h1 0.818182 0.727273       1 0.750000       1 0.769231 0.812500       1       1     0.278926
    846   h1 0.818182 0.727273       1 0.750000       1 0.750000 0.812500       1       1     0.271952
    847   h1 0.681818 0.511364       1 0.250000       1 0.052198 0.334559       1       1     0.001522
    848   h1 0.712121 0.818182       1 0.750000       1 0.769231 0.812500       1       1     0.273115
    849   h1 0.727273 0.818182       1 0.750000       1 0.769231 0.812500       1       1     0.278926
    850   h1 0.727273 0.818182       1 0.730769       1 0.769231 0.792279       1       1     0.265010
    851   h1 0.439394 0.715909       1 0.333333       1 0.384615 0.286765       1       1     0.011565
    852   h1 0.666667 0.696970       1 0.750000       1 0.964286 0.812500       1       1     0.273032
    853   h1 0.727273 0.727273       1 0.750000       1 0.936813 0.812500       1       1     0.301948
    854   h1 0.727273 0.727273       1 0.750000       1 0.975275 0.702206       1       1     0.271674
    855   h1 0.727273 0.727273       1 0.519231       1 0.500000 0.270221       1       1     0.037106
    856   h1 0.666667 0.784091       1 0.750000       1 1.000000 0.812500       1       1     0.318537
    857   h1 0.727273 0.818182       1 0.750000       1 1.000000 0.812500       1       1     0.362603
    858   h1 0.636364 0.818182       1 0.500000       1 1.000000 0.573529       1       1     0.149307
    859   h1 0.363636 0.818182       1 0.173077       1 0.500000 0.000000       1       1     0.000000
    896   h1 0.916667 0.696970       1 0.750000       1 0.741758 0.812500       1       1     0.288783
    897   h1 1.000000 0.727273       1 0.750000       1 0.769231 0.812500       1       1     0.340909
    898   h1 1.000000 0.727273       1 0.750000       1 0.769231 0.812500       1       1     0.340909
    899   h1 1.000000 0.727273       1 0.519231       1 0.423077 0.501838       1       1     0.080175
    900   h1 0.166667 0.030303       1 0.000000       1 0.049451 0.000000       1       1     0.000000
    901   h1 0.833333 0.696970       1 0.750000       1 0.815934 0.812500       1       1     0.288783
    902   h1 0.909091 0.727273       1 0.750000       1 0.846154 0.812500       1       1     0.340909
    903   h1 0.909091 0.727273       1 0.750000       1 0.846154 0.812500       1       1     0.340909
    904   h1 0.909091 0.727273       1 0.519231       1 0.846154 0.520221       1       1     0.151113
    905   h1 0.151515 0.030303       1 0.000000       1 0.543956 0.000000       1       1     0.000000
    906   h1 0.666667 0.958333       1 0.916667       1 0.741758 0.812500       1       1     0.352958
    907   h1 0.727273 1.000000       1 0.916667       1 0.769231 0.812500       1       1     0.416667
    908   h1 0.727273 1.000000       1 0.916667       1 0.769231 0.812500       1       1     0.416667
    909   h1 0.727273 1.000000       1 0.634615       1 0.769231 0.501838       1       1     0.178167
    910   h1 0.121212 0.041667       1 0.000000       1 0.494505 0.000000       1       1     0.000000
    911   h1 0.958333 0.696970       1 1.000000       1 0.741758 0.812500       1       1     0.402547
    912   h1 1.000000 0.727273       1 1.000000       1 0.769231 0.812500       1       1     0.454545
    913   h1 1.000000 0.727273       1 1.000000       1 0.769231 0.812500       1       1     0.454545
    914   h1 1.000000 0.727273       1 0.692308       1 0.769231 0.501838       1       1     0.194364
    915   h1 0.166667 0.030303       1 0.000000       1 0.494505 0.000000       1       1     0.000000