 ChipID Half   Layer0  Layer1  Layer2   Layer3   Layer4   Layer5   Layer6  Layer7  Layer8  Pseaudo_Eff
    229   h0 0.000000       1       1 0.000000 0.000000 0.000000 0.000000       1       1     0.000000
    230   h0 0.000000       1       1 0.000000 0.000000 0.000000 0.000000       1       1     0.000000
    231   h0 0.000000       1       1 0.000000 0.000000 0.000000 0.000000       1       1     0.000000
    232   h0 0.400641       1       1 0.413793 0.552381 0.000000 0.000000       1       1     0.000000
    233   h0 0.416667       1       1 0.428571 0.571429 0.000000 0.000000       1       1     0.000000
    234   h0 0.192308       1       1 0.103448 0.095238 0.000000 0.000000       1       1     0.000000
    235   h0 0.721154       1       1 0.758621 0.759524 0.829493 0.777778       1       1     0.268079
    236   h0 0.750000       1       1 0.785714 0.785714 0.857143 0.777778       1       1     0.308673
    237   h0 0.435897       1       1 0.189655 0.547619 0.110599 0.339031       1       1     0.001698
    238   h0 0.721154       1       1 0.344828 0.828571 0.829493 0.833333       1       1     0.142427
    239   h0 0.750000       1       1 0.307692 0.857143 0.857143 0.833333       1       1     0.141287
    240   h0 0.375000       1       1 0.074271 0.114286 0.110599 0.363248       1       1     0.000128
    241   h0 0.801282       1       1 0.000000 0.000000 0.000000 0.000000       1       1     0.000000
    242   h0 0.833333       1       1 0.000000 0.000000 0.000000 0.000000       1       1     0.000000
    243   h0 0.416667       1       1 0.000000 0.000000 0.000000 0.000000       1       1     0.000000
    288   h0 0.801282       1       1 0.758621 0.759524 0.829493 0.833333       1       1     0.319141
    289   h0 0.833333       1       1 0.785714 0.785714 0.857143 0.833333       1       1     0.367468
    290   h0 0.833333       1       1 0.352217 0.785714 0.857143 0.425926       1       1     0.084194
    291   h0 0.576923       1       1 0.071618 0.157143 0.110599 0.025641       1       1     0.000018
    292   h0 0.961538       1       1 0.758621 0.759524 0.898618 0.833333       1       1     0.414884
    293   h0 1.000000       1       1 0.785714 0.785714 0.928571 0.833333       1       1     0.477709
    294   h0 1.000000       1       1 0.785714 0.785714 0.928571 0.833333       1       1     0.477709
    295   h0 0.692308       1       1 0.238727 0.500000 0.110599 0.192308       1       1     0.001758
    296   h0 0.801282       1       1 0.758621 0.759524 0.898618 0.833333       1       1     0.345736
    297   h0 0.833333       1       1 0.785714 0.785714 0.928571 0.833333       1       1     0.398091
    298   h0 0.833333       1       1 0.769231 0.785714 0.928571 0.833333       1       1     0.389739
    299   h0 0.576923       1       1 0.243842 0.785714 0.928571 0.192308       1       1     0.019738
    300   h0 0.724359       1       1 0.857143 0.785714 0.928571 0.777778       1       1     0.352324
    301   h0 0.750000       1       1 0.857143 0.785714 0.928571 0.777778       1       1     0.364796
    302   h0 0.743590       1       1 0.466844 0.785714 0.928571 0.717949       1       1     0.181835
    303   h0 0.435897       1       1 0.000000 0.252381 0.359447 0.000000       1       1     0.000000
    304   h0 0.750000       1       1 0.928571 0.785714 1.000000 0.833333       1       1     0.455995
    305   h0 0.750000       1       1 0.928571 0.785714 1.000000 0.833333       1       1     0.455995
    306   h0 0.750000       1       1 0.891247 0.630952 0.741935 0.833333       1       1     0.260760
    307   h0 0.307692       1       1 0.000000 0.000000 0.000000 0.022792       1       1     0.000000
    308   h0 0.750000       1       1 1.000000 0.785714 1.000000 0.833333       1       1     0.491071
    309   h0 0.750000       1       1 1.000000 0.785714 1.000000 0.833333       1       1     0.491071
    310   h0 0.750000       1       1 0.965517 0.647619 0.741935 0.833333       1       1     0.289952
    311   h0 0.339744       1       1 0.034483 0.000000 0.000000 0.042735       1       1     0.000000
    312   h0 0.833333       1       1 0.857143 0.785714 1.000000 0.833333       1       1     0.467687
    313   h0 0.833333       1       1 0.923077 0.785714 1.000000 0.833333       1       1     0.503663
    314   h0 0.833333       1       1 0.859416 0.700000 0.709677 0.743590       1       1     0.264554
    315   h0 0.384615       1       1 0.000000 0.033333 0.000000 0.028490       1       1     0.000000
    316   h0 1.000000       1       1 0.785714 0.785714 0.928571 0.831909       1       1     0.476892
    317   h0 1.000000       1       1 0.785714 0.785714 0.928571 0.833333       1       1     0.477709
    318   h0 1.000000       1       1 0.541872 0.785714 0.928571 0.534188       1       1     0.211189
    319   h0 0.115385       1       1 0.000000 0.497619 0.479263 0.014245       1       1     0.000000
    320   h0 0.801282       1       1 0.742706 0.759524 0.898618 0.833333       1       1     0.338483
    321   h0 0.833333       1       1 0.785714 0.785714 0.928571 0.833333       1       1     0.398091
    322   h0 0.833333       1       1 0.769231 0.785714 0.928571 0.833333       1       1     0.389739
    323   h0 0.576923       1       1 0.238727 0.728571 0.928571 0.192308       1       1     0.017919
    324   h0 0.721154       1       1 0.742706 0.759524 0.868664 0.833333       1       1     0.294480
    325   h0 0.750000       1       1 0.785714 0.785714 0.928571 0.833333       1       1     0.358282
    326   h0 0.750000       1       1 0.785714 0.785714 0.928571 0.676638       1       1     0.290912
    327   h0 0.519231       1       1 0.238727 0.157143 0.119816 0.128205       1       1     0.000299
    328   h0 0.721154       1       1 0.742706 0.759524 0.801843 0.833333       1       1     0.271828
    329   h0 0.750000       1       1 0.785714 0.785714 0.857143 0.833333       1       1     0.330722
    330   h0 0.583333       1       1 0.406404 0.785714 0.857143 0.363248       1       1     0.057996
    331   h0 0.288462       1       1 0.071618 0.157143 0.110599 0.000000       1       1     0.000000
    697   h1 0.000000       1       1 0.000000 0.000000 0.000000 0.000000       1       1     0.000000
    698   h1 0.000000       1       1 0.000000 0.000000 0.000000 0.000000       1       1     0.000000
    699   h1 0.000000       1       1 0.000000 0.000000 0.000000 0.000000       1       1     0.000000
    700   h1 0.320513       1       1 0.344828 0.500000 0.000000 0.000000       1       1     0.000000
    701   h1 0.333333       1       1 0.357143 0.500000 0.000000 0.000000       1       1     0.000000
    702   h1 0.153846       1       1 0.073892 0.066667 0.000000 0.000000       1       1     0.000000
    703   h1 0.721154       1       1 0.758621 0.785714 0.928571 0.777778       1       1     0.310447
    704   h1 0.750000       1       1 0.785714 0.785714 0.861751 0.777778       1       1     0.310333
    705   h1 0.391026       1       1 0.162562 0.476190 0.082949 0.319088       1       1     0.000801
    706   h1 0.721154       1       1 0.357143 0.928571 0.857143 0.833333       1       1     0.170827
    707   h1 0.750000       1       1 0.357143 0.928571 0.790323 0.833333       1       1     0.163810
    708   h1 0.346154       1       1 0.079576 0.123810 0.076037 0.341880       1       1     0.000089
    709   h1 0.881410       1       1 0.000000 0.000000 0.000000 0.000000       1       1     0.000000
    710   h1 0.916667       1       1 0.000000 0.000000 0.000000 0.000000       1       1     0.000000
    711   h1 0.423077       1       1 0.000000 0.000000 0.000000 0.000000       1       1     0.000000
    756   h1 0.881410       1       1 0.766010 0.785714 0.857143 0.833333       1       1     0.378921
    757   h1 0.916667       1       1 0.785714 0.785714 0.857143 0.833333       1       1     0.404215
    758   h1 0.916667       1       1 0.332512 0.785714 0.857143 0.407407       1       1     0.083631
    759   h1 0.599359       1       1 0.059113 0.130952 0.110599 0.025641       1       1     0.000013
    760   h1 0.961538       1       1 0.785714 0.785714 0.857143 0.833333       1       1     0.424002
    761   h1 1.000000       1       1 0.785714 0.785714 0.857143 0.833333       1       1     0.440962
    762   h1 1.000000       1       1 0.785714 0.785714 0.857143 0.833333       1       1     0.440962
    763   h1 0.653846       1       1 0.216749 0.428571 0.110599 0.192308       1       1     0.001292
    764   h1 0.721154       1       1 0.785714 0.785714 0.928571 0.833333       1       1     0.344502
    765   h1 0.750000       1       1 0.785714 0.785714 0.928571 0.833333       1       1     0.358282
    766   h1 0.750000       1       1 0.785714 0.785714 0.928571 0.833333       1       1     0.358282
    767   h1 0.490385       1       1 0.216749 0.785714 0.928571 0.206553       1       1     0.016018
    768   h1 0.750000       1       1 0.857143 0.785714 0.928571 0.833333       1       1     0.390853
    769   h1 0.750000       1       1 0.857143 0.785714 0.928571 0.833333       1       1     0.390853
    770   h1 0.730769       1       1 0.443350 0.785714 0.928571 0.764957       1       1     0.180819
    771   h1 0.358974       1       1 0.000000 0.226190 0.329493 0.000000       1       1     0.000000
    772   h1 0.750000       1       1 0.928571 0.785714 0.928571 0.833333       1       1     0.423424
    773   h1 0.750000       1       1 0.928571 0.785714 0.928571 0.833333       1       1     0.423424
    774   h1 0.750000       1       1 0.931034 0.597619 0.658986 0.833333       1       1     0.229164
    775   h1 0.298077       1       1 0.000000 0.000000 0.000000 0.022792       1       1     0.000000
    776   h1 0.750000       1       1 0.928571 0.785714 1.000000 0.833333       1       1     0.455995
    777   h1 0.750000       1       1 0.928571 0.785714 1.000000 0.833333       1       1     0.455995
    778   h1 0.750000       1       1 0.891247 0.623810 0.741935 0.833333       1       1     0.257808
    779   h1 0.314103       1       1 0.000000 0.000000 0.000000 0.042735       1       1     0.000000
    780   h1 0.916667       1       1 0.857143 0.785714 1.000000 0.833333       1       1     0.514456
    781   h1 0.916667       1       1 0.857143 0.785714 1.000000 0.833333       1       1     0.514456
    782   h1 0.916667       1       1 0.758621 0.678571 0.677419 0.743590       1       1     0.237696
    783   h1 0.423077       1       1 0.000000 0.028571 0.000000 0.034188       1       1     0.000000
    784   h1 1.000000       1       1 0.785714 0.785714 1.000000 0.830484       1       1     0.512697
    785   h1 1.000000       1       1 0.785714 0.785714 1.000000 0.833333       1       1     0.514456
    786   h1 1.000000       1       1 0.530504 0.785714 1.000000 0.555556       1       1     0.231569
    787   h1 0.076923       1       1 0.000000 0.471429 0.516129 0.028490       1       1     0.000000
    788   h1 0.750000       1       1 0.785714 0.785714 0.928571 0.777778       1       1     0.334396
    789   h1 0.750000       1       1 0.785714 0.785714 0.928571 0.833333       1       1     0.358282
    790   h1 0.750000       1       1 0.785714 0.785714 0.928571 0.833333       1       1     0.358282
    791   h1 0.490385       1       1 0.216749 0.785714 0.928571 0.192308       1       1     0.014913
    792   h1 0.727564       1       1 0.785714 0.785714 0.857143 0.833333       1       1     0.320828
    793   h1 0.750000       1       1 0.785714 0.785714 0.923963 0.833333       1       1     0.356504
    794   h1 0.750000       1       1 0.785714 0.785714 0.864055 0.669516       1       1     0.267851
    795   h1 0.490385       1       1 0.216749 0.130952 0.110599 0.128205       1       1     0.000197
    796   h1 0.721154       1       1 0.785714 0.857143 0.928571 0.833333       1       1     0.375820
    797   h1 0.750000       1       1 0.769231 0.857143 0.928571 0.833333       1       1     0.382653
    798   h1 0.570513       1       1 0.389163 0.857143 0.928571 0.341880       1       1     0.060414
    799   h1 0.272436       1       1 0.084881 0.142857 0.119816 0.000000       1       1     0.000000