 ChipID Half   Layer0  Layer1   Layer2  Layer3   Layer4   Layer5  Layer6   Layer7  Layer8  Pseaudo_Eff
    344   h0 0.434783       1 0.000000       1 0.641026 0.000000       1 0.062500       1     0.000000
    345   h0 0.454545       1 0.000000       1 0.666667 0.000000       1 0.062500       1     0.000000
    346   h0 0.355731       1 0.000000       1 0.307692 0.000000       1 0.044643       1     0.000000
    347   h0 0.695652       1 0.960000       1 0.721154 0.962963       1 0.812500       1     0.376812
    348   h0 0.727273       1 1.000000       1 0.750000 1.000000       1 0.812500       1     0.443182
    349   h0 0.569170       1 0.640000       1 0.570513 0.407407       1 0.580357       1     0.049137
    350   h0 0.695652       1 0.610909       1 0.801282 0.888889       1 0.125000       1     0.037837
    351   h0 0.727273       1 0.636364       1 0.833333 0.923077       1 0.125000       1     0.044501
    352   h0 0.600791       1 0.407273       1 0.352564 0.376068       1 0.089286       1     0.002897
    353   h0 0.956522       1 0.436364       1 0.000000 0.074074       1 0.000000       1     0.000000
    354   h0 1.000000       1 0.454545       1 0.000000 0.076923       1 0.000000       1     0.000000
    355   h0 0.826087       1 0.290909       1 0.000000 0.031339       1 0.000000       1     0.000000
    392   h0 0.956522       1 0.698182       1 0.721154 0.814815       1 0.812500       1     0.318841
    393   h0 1.000000       1 0.727273       1 0.750000 0.846154       1 0.812500       1     0.375000
    394   h0 1.000000       1 0.727273       1 0.750000 0.846154       1 0.580357       1     0.267857
    395   h0 1.000000       1 0.669091       1 0.490385 0.501425       1 0.000000       1     0.000000
    396   h0 0.695652       1 0.698182       1 0.801282 0.740741       1 0.812500       1     0.234226
    397   h0 0.727273       1 0.727273       1 0.833333 0.769231       1 0.812500       1     0.275482
    398   h0 0.727273       1 0.727273       1 0.833333 0.769231       1 0.687500       1     0.233100
    399   h0 0.727273       1 0.669091       1 0.544872 0.455840       1 0.225000       1     0.027194
    400   h0 0.909091       1 0.818182       1 0.750000 0.769231       1 0.812500       1     0.348657
    401   h0 0.909091       1 0.818182       1 0.750000 0.769231       1 0.812500       1     0.348657
    402   h0 0.909091       1 0.818182       1 0.750000 0.769231       1 0.792857       1     0.340228
    403   h0 0.909091       1 0.654545       1 0.384615 0.598291       1 0.278571       1     0.038144
    404   h0 0.727273       1 0.727273       1 0.750000 0.846154       1 0.875000       1     0.293706
    405   h0 0.727273       1 0.727273       1 0.750000 0.846154       1 0.875000       1     0.293706
    406   h0 0.727273       1 0.727273       1 0.750000 0.846154       1 0.875000       1     0.293706
    407   h0 0.703557       1 0.461818       1 0.221154 0.188034       1 0.350000       1     0.004729
    408   h0 0.727273       1 0.727273       1 0.750000 1.000000       1 0.875000       1     0.347107
    409   h0 0.727273       1 0.727273       1 0.750000 1.000000       1 0.875000       1     0.347107
    410   h0 0.727273       1 0.727273       1 0.750000 1.000000       1 0.875000       1     0.347107
    411   h0 0.723320       1 0.490909       1 0.224359 0.222222       1 0.350000       1     0.006196
    412   h0 1.000000       1 1.000000       1 0.833333 0.769231       1 0.812500       1     0.520833
    413   h0 1.000000       1 1.000000       1 0.833333 0.769231       1 0.812500       1     0.520833
    414   h0 1.000000       1 1.000000       1 0.833333 0.769231       1 0.812500       1     0.520833
    415   h0 1.000000       1 0.680000       1 0.288462 0.142450       1 0.325000       1     0.009081
    416   h0 0.727273       1 0.909091       1 1.000000 0.769231       1 0.812500       1     0.413223
    417   h0 0.727273       1 0.909091       1 1.000000 0.769231       1 0.812500       1     0.413223
    418   h0 0.727273       1 0.909091       1 1.000000 0.769231       1 0.787500       1     0.400509
    419   h0 0.316206       1 0.181818       1 1.000000 0.643875       1 0.235714       1     0.008726
    420   h0 0.956522       1 0.872727       1 0.721154 0.712251       1 0.812500       1     0.348384
    421   h0 1.000000       1 0.909091       1 0.750000 0.769231       1 0.812500       1     0.426136
    422   h0 1.000000       1 0.909091       1 0.750000 0.769231       1 0.687500       1     0.360577
    423   h0 1.000000       1 0.836364       1 0.490385 0.455840       1 0.225000       1     0.042066
    424   h0 0.695652       1 0.960000       1 0.721154 0.925926       1 0.812500       1     0.362319
    425   h0 0.727273       1 1.000000       1 0.750000 1.000000       1 0.812500       1     0.443182
    426   h0 0.632411       1 0.640000       1 0.653846 1.000000       1 0.580357       1     0.153586
    427   h0 0.181818       1 0.000000       1 0.381410 0.592593       1 0.000000       1     0.000000
    448   h0 0.695652       1 0.698182       1 0.961538 0.740741       1 0.812500       1     0.281072
    449   h0 0.727273       1 0.727273       1 1.000000 0.769231       1 0.812500       1     0.330579
    450   h0 0.727273       1 0.727273       1 1.000000 0.769231       1 0.812500       1     0.330579
    451   h0 0.727273       1 0.669091       1 1.000000 0.643875       1 0.487500       1     0.152742
    452   h0 0.189723       1 0.000000       1 0.846154 0.341880       1 0.000000       1     0.000000
    453   h0 0.869565       1 0.960000       1 0.801282 0.740741       1 0.812500       1     0.402576
    454   h0 0.909091       1 1.000000       1 0.833333 0.769231       1 0.812500       1     0.473485
    455   h0 0.909091       1 1.000000       1 0.833333 0.769231       1 0.812500       1     0.473485
    456   h0 0.909091       1 0.920000       1 0.833333 0.769231       1 0.487500       1     0.261364
    457   h0 0.237154       1 0.000000       1 0.705128 0.569801       1 0.000000       1     0.000000
    458   h0 0.695652       1 0.698182       1 0.801282 0.769231       1 0.812500       1     0.243235
    459   h0 0.727273       1 0.727273       1 0.833333 0.769231       1 0.812500       1     0.275482
    460   h0 0.727273       1 0.727273       1 0.833333 0.769231       1 0.812500       1     0.275482
    461   h0 0.727273       1 0.669091       1 0.833333 0.769231       1 0.487500       1     0.152066
    462   h0 0.189723       1 0.000000       1 0.705128 0.569801       1 0.000000       1     0.000000
    463   h0 0.782609       1 0.698182       1 0.721154 0.732194       1 0.812500       1     0.234418
    464   h0 0.818182       1 0.727273       1 0.750000 0.769231       1 0.812500       1     0.278926
    465   h0 0.818182       1 0.727273       1 0.750000 0.769231       1 0.812500       1     0.278926
    466   h0 0.818182       1 0.669091       1 0.548077 0.675214       1 0.487500       1     0.098763
    467   h0 0.213439       1 0.000000       1 0.141026 0.398860       1 0.000000       1     0.000000
    812   h1 0.434783       1 0.000000       1 0.583333 0.000000       1 0.062500       1     0.000000
    813   h1 0.363636       1 0.000000       1 0.583333 0.059829       1 0.062500       1     0.000000
    814   h1 0.300395       1 0.000000       1 0.269231 0.031339       1 0.042857       1     0.000000
    815   h1 0.695652       1 0.960000       1 0.750000 1.000000       1 0.812500       1     0.406957
    816   h1 0.727273       1 1.000000       1 0.750000 0.940171       1 0.812500       1     0.416667
    817   h1 0.600791       1 0.600000       1 0.525641 0.376068       1 0.580357       1     0.041355
    818   h1 0.695652       1 0.727273       1 0.916667 1.000000       1 0.187500       1     0.086957
    819   h1 0.727273       1 0.727273       1 0.916667 0.940171       1 0.187500       1     0.085470
    820   h1 0.600791       1 0.465455       1 0.423077 0.376068       1 0.133929       1     0.005959
    821   h1 0.956522       1 0.436364       1 0.000000 0.000000       1 0.000000       1     0.000000
    822   h1 1.000000       1 0.454545       1 0.000000 0.059829       1 0.000000       1     0.000000
    823   h1 0.826087       1 0.290909       1 0.000000 0.031339       1 0.000000       1     0.000000
    860   h1 0.956522       1 0.672727       1 0.750000 0.923077       1 0.812500       1     0.361957
    861   h1 1.000000       1 0.727273       1 0.750000 0.923077       1 0.812500       1     0.409091
    862   h1 1.000000       1 0.690909       1 0.750000 0.923077       1 0.557143       1     0.266494
    863   h1 1.000000       1 0.585455       1 0.461538 0.512821       1 0.000000       1     0.000000
    864   h1 0.695652       1 0.669091       1 0.916667 0.769231       1 0.812500       1     0.266667
    865   h1 0.727273       1 0.727273       1 0.916667 0.769231       1 0.812500       1     0.303030
    866   h1 0.727273       1 0.727273       1 0.916667 0.769231       1 0.675000       1     0.251748
    867   h1 0.727273       1 0.669091       1 0.564103 0.427350       1 0.235714       1     0.027651
    868   h1 0.909091       1 0.727273       1 0.750000 0.769231       1 0.812500       1     0.309917
    869   h1 0.909091       1 0.727273       1 0.750000 0.769231       1 0.812500       1     0.309917
    870   h1 0.909091       1 0.727273       1 0.750000 0.769231       1 0.769643       1     0.293570
    871   h1 0.909091       1 0.581818       1 0.394231 0.569801       1 0.255357       1     0.030340
    872   h1 0.727273       1 0.727273       1 0.750000 0.846154       1 0.812500       1     0.272727
    873   h1 0.727273       1 0.727273       1 0.750000 0.846154       1 0.812500       1     0.272727
    874   h1 0.727273       1 0.727273       1 0.750000 0.846154       1 0.812500       1     0.272727
    875   h1 0.660079       1 0.450909       1 0.182692 0.156695       1 0.325000       1     0.002769
    876   h1 0.727273       1 0.727273       1 0.750000 1.000000       1 0.875000       1     0.347107
    877   h1 0.727273       1 0.727273       1 0.750000 1.000000       1 0.875000       1     0.347107
    878   h1 0.727273       1 0.727273       1 0.750000 1.000000       1 0.875000       1     0.347107
    879   h1 0.695652       1 0.465455       1 0.198718 0.222222       1 0.350000       1     0.005005
    880   h1 1.000000       1 1.000000       1 0.916667 0.846154       1 0.812500       1     0.630208
    881   h1 1.000000       1 1.000000       1 0.916667 0.846154       1 0.812500       1     0.630208
    882   h1 1.000000       1 1.000000       1 0.916667 0.846154       1 0.812500       1     0.630208
    883   h1 0.956522       1 0.680000       1 0.271605 0.125356       1 0.325000       1     0.007197
    884   h1 0.727273       1 0.818182       1 1.000000 0.769231       1 0.812500       1     0.371901
    885   h1 0.727273       1 0.818182       1 1.000000 0.769231       1 0.812500       1     0.371901
    886   h1 0.727273       1 0.818182       1 1.000000 0.769231       1 0.801786       1     0.366997
    887   h1 0.284585       1 0.130909       1 1.000000 0.678063       1 0.255357       1     0.006451
    888   h1 0.869565       1 0.960000       1 0.750000 0.846154       1 0.812500       1     0.430435
    889   h1 0.909091       1 1.000000       1 0.750000 0.786325       1 0.812500       1     0.435606
    890   h1 1.000000       1 1.000000       1 0.750000 0.817664       1 0.675000       1     0.413942
    891   h1 1.000000       1 0.920000       1 0.461538 0.470085       1 0.235714       1     0.047050
    892   h1 0.695652       1 0.909091       1 0.750000 0.923077       1 0.812500       1     0.355731
    893   h1 0.727273       1 0.909091       1 0.750000 0.923077       1 0.812500       1     0.371901
    894   h1 0.632411       1 0.640000       1 0.701923 0.923077       1 0.557143       1     0.146108
    895   h1 0.181818       1 0.000000       1 0.410256 0.512821       1 0.000000       1     0.000000
    916   h1 0.695652       1 0.752727       1 1.000000 0.769231       1 0.812500       1     0.327273
    917   h1 0.727273       1 0.818182       1 1.000000 0.769231       1 0.812500       1     0.371901
    918   h1 0.727273       1 0.818182       1 1.000000 0.769231       1 0.812500       1     0.371901
    919   h1 0.727273       1 0.752727       1 1.000000 0.666667       1 0.510714       1     0.186390
    920   h1 0.158103       1 0.000000       1 0.807692 0.398860       1 0.000000       1     0.000000
    921   h1 0.869565       1 0.960000       1 0.750000 0.769231       1 0.812500       1     0.391304
    922   h1 0.909091       1 1.000000       1 0.750000 0.769231       1 0.812500       1     0.426136
    923   h1 0.909091       1 1.000000       1 0.750000 0.769231       1 0.812500       1     0.426136
    924   h1 0.909091       1 0.920000       1 0.750000 0.769231       1 0.492857       1     0.237812
    925   h1 0.197628       1 0.000000       1 0.605769 0.569801       1 0.000000       1     0.000000
    926   h1 0.707510       1 0.698182       1 0.750000 0.769231       1 0.812500       1     0.231549
    927   h1 0.727273       1 0.727273       1 0.750000 0.769231       1 0.812500       1     0.247934
    928   h1 0.727273       1 0.727273       1 0.750000 0.769231       1 0.812500       1     0.247934
    929   h1 0.727273       1 0.669091       1 0.750000 0.769231       1 0.505357       1     0.141873
    930   h1 0.158103       1 0.000000       1 0.611111 0.569801       1 0.000000       1     0.000000
    931   h1 0.909091       1 0.698182       1 0.750000 0.692308       1 0.812500       1     0.267769
    932   h1 0.909091       1 0.727273       1 0.750000 0.754986       1 0.812500       1     0.304178
    933   h1 0.909091       1 0.727273       1 0.750000 0.723647       1 0.812500       1     0.291552
    934   h1 0.909091       1 0.669091       1 0.525641 0.589744       1 0.496429       1     0.093606
    935   h1 0.197628       1 0.000000       1 0.134615 0.341880       1 0.000000       1     0.000000