 ChipID Half  Layer0   Layer1   Layer2  Layer3   Layer4   Layer5   Layer6  Layer7  Layer8  Pseaudo_Eff
    332   h0       1 0.696970 0.000000       1 0.074074 0.000000 0.000000       1       1     0.000000
    333   h0       1 0.670455 0.000000       1 0.076923 0.000000 0.000000       1       1     0.000000
    334   h0       1 0.424242 0.000000       1 0.000000 0.000000 0.000000       1       1     0.000000
    335   h0       1 0.609848 0.480000       1 0.888889 0.519231 0.250000       1       1     0.033776
    336   h0       1 0.696970 0.500000       1 0.923077 0.538462 0.250000       1       1     0.043303
    337   h0       1 0.484848 0.250000       1 0.376068 0.192308 0.183824       1       1     0.001611
    338   h0       1 0.958333 0.640000       1 0.962963 0.741758 0.812500       1       1     0.355952
    339   h0       1 1.000000 0.666667       1 1.000000 0.769231 0.812500       1       1     0.416667
    340   h0       1 0.666667 0.400000       1 0.370370 0.274725 0.597426       1       1     0.016210
    341   h0       1 0.000000 0.640000       1 0.000000 0.148352 0.062500       1       1     0.000000
    342   h0       1 0.000000 0.666667       1 0.000000 0.153846 0.062500       1       1     0.000000
    343   h0       1 0.000000 0.400000       1 0.000000 0.082418 0.045956       1       1     0.000000
    356   h0       1 0.784091 0.720000       1 0.962963 0.741758 0.812500       1       1     0.327638
    357   h0       1 0.818182 0.750000       1 0.923077 0.769231 0.812500       1       1     0.354021
    358   h0       1 0.545455 0.516667       1 0.923077 0.521978 0.597426       1       1     0.081123
    359   h0       1 0.000000 0.146667       1 0.547009 0.192308 0.000000       1       1     0.000000
    360   h0       1 0.958333 0.880000       1 0.740741 0.741758 0.812500       1       1     0.376488
    361   h0       1 1.000000 0.916667       1 0.769231 0.769231 0.812500       1       1     0.440705
    362   h0       1 1.000000 0.916667       1 0.769231 0.769231 0.713235       1       1     0.386863
    363   h0       1 1.000000 0.806667       1 0.455840 0.384615 0.283088       1       1     0.040036
    364   h0       1 0.818182 0.736667       1 0.769231 1.000000 0.812500       1       1     0.376705
    365   h0       1 0.818182 0.750000       1 0.769231 1.000000 0.812500       1       1     0.383523
    366   h0       1 0.818182 0.750000       1 0.769231 1.000000 0.801471       1       1     0.378317
    367   h0       1 0.204545 0.330000       1 0.643875 0.821429 0.286765       1       1     0.010238
    368   h0       1 1.000000 0.750000       1 0.769231 0.846154 0.875000       1       1     0.427145
    369   h0       1 1.000000 0.750000       1 0.769231 0.846154 0.875000       1       1     0.427145
    370   h0       1 1.000000 0.750000       1 0.769231 0.846154 0.875000       1       1     0.427145
    371   h0       1 0.791667 0.400000       1 0.113960 0.120879 0.386029       1       1     0.001684
    372   h0       1 0.727273 1.000000       1 1.000000 0.769231 0.875000       1       1     0.489510
    373   h0       1 0.727273 1.000000       1 1.000000 0.769231 0.875000       1       1     0.489510
    374   h0       1 0.727273 1.000000       1 1.000000 0.769231 0.875000       1       1     0.489510
    375   h0       1 0.575758 0.560000       1 0.222222 0.104396 0.386029       1       1     0.002887
    376   h0       1 0.727273 0.833333       1 0.923077 0.769231 0.812500       1       1     0.349650
    377   h0       1 0.727273 0.833333       1 0.923077 0.769231 0.812500       1       1     0.349650
    378   h0       1 0.727273 0.833333       1 0.923077 0.769231 0.812500       1       1     0.349650
    379   h0       1 0.530303 0.466667       1 0.170940 0.060440 0.358456       1       1     0.000916
    380   h0       1 0.727273 0.750000       1 0.769231 0.769231 0.812500       1       1     0.262238
    381   h0       1 0.727273 0.750000       1 0.769231 0.769231 0.812500       1       1     0.262238
    382   h0       1 0.727273 0.703333       1 0.769231 0.769231 0.775735       1       1     0.234793
    383   h0       1 0.750000 0.133333       1 0.598291 0.351648 0.308824       1       1     0.006497
    384   h0       1 0.696970 0.960000       1 0.740741 0.928571 0.812500       1       1     0.373930
    385   h0       1 0.727273 1.000000       1 0.769231 1.000000 0.812500       1       1     0.454545
    386   h0       1 0.727273 1.000000       1 0.769231 1.000000 0.696691       1       1     0.389757
    387   h0       1 0.727273 0.880000       1 0.455840 0.500000 0.242647       1       1     0.035395
    388   h0       1 0.696970 0.720000       1 0.814815 0.857143 0.812500       1       1     0.284762
    389   h0       1 0.727273 0.750000       1 0.846154 0.923077 0.812500       1       1     0.346154
    390   h0       1 0.727273 0.450000       1 0.846154 0.923077 0.597426       1       1     0.152715
    391   h0       1 0.727273 0.000000       1 0.501425 0.461538 0.000000       1       1     0.000000
    428   h0       1 0.696970 0.960000       1 0.740741 0.741758 0.812500       1       1     0.298701
    429   h0       1 0.727273 1.000000       1 0.769231 0.769231 0.812500       1       1     0.349650
    430   h0       1 0.727273 1.000000       1 0.769231 0.769231 0.812500       1       1     0.349650
    431   h0       1 0.727273 0.880000       1 0.675214 0.384615 0.525735       1       1     0.087381
    432   h0       1 0.060606 0.000000       1 0.398860 0.000000 0.000000       1       1     0.000000
    433   h0       1 0.696970 0.720000       1 0.740741 0.890110 0.812500       1       1     0.268831
    434   h0       1 0.727273 0.750000       1 0.769231 0.923077 0.812500       1       1     0.314685
    435   h0       1 0.727273 0.750000       1 0.769231 0.923077 0.812500       1       1     0.314685
    436   h0       1 0.727273 0.660000       1 0.769231 0.923077 0.525735       1       1     0.179186
    437   h0       1 0.060606 0.000000       1 0.569801 0.593407 0.000000       1       1     0.000000
    438   h0       1 0.958333 0.720000       1 0.740741 0.741758 0.812500       1       1     0.308036
    439   h0       1 1.000000 0.750000       1 0.769231 0.769231 0.812500       1       1     0.360577
    440   h0       1 1.000000 0.750000       1 0.769231 0.769231 0.812500       1       1     0.360577
    441   h0       1 1.000000 0.660000       1 0.769231 0.769231 0.525735       1       1     0.205317
    442   h0       1 0.083333 0.000000       1 0.569801 0.494505 0.000000       1       1     0.000000
    443   h0       1 0.696970 0.720000       1 0.740741 0.815934 0.812500       1       1     0.246429
    444   h0       1 0.727273 0.750000       1 0.769231 0.846154 0.812500       1       1     0.288462
    445   h0       1 0.727273 0.750000       1 0.769231 0.846154 0.812500       1       1     0.288462
    446   h0       1 0.727273 0.660000       1 0.643875 0.846154 0.525735       1       1     0.137486
    447   h0       1 0.060606 0.000000       1 0.341880 0.543956 0.000000       1       1     0.000000
    800   h1       1 0.609848 0.000000       1 0.076923 0.000000 0.000000       1       1     0.000000
    801   h1       1 0.636364 0.000000       1 0.076923 0.000000 0.000000       1       1     0.000000
    802   h1       1 0.450758 0.000000       1 0.000000 0.000000 0.000000       1       1     0.000000
    803   h1       1 0.696970 0.416667       1 0.923077 0.519231 0.250000       1       1     0.034797
    804   h1       1 0.727273 0.416667       1 0.923077 0.598901 0.250000       1       1     0.041881
    805   h1       1 0.515152 0.233333       1 0.376068 0.219780 0.132353       1       1     0.001315
    806   h1       1 0.958333 0.750000       1 1.000000 0.769231 0.812500       1       1     0.449219
    807   h1       1 1.000000 0.750000       1 1.000000 0.706044 0.812500       1       1     0.430246
    808   h1       1 0.708333 0.450000       1 0.407407 0.247253 0.573529       1       1     0.018415
    809   h1       1 0.000000 0.583333       1 0.000000 0.148352 0.125000       1       1     0.000000
    810   h1       1 0.000000 0.583333       1 0.000000 0.214286 0.125000       1       1     0.000000
    811   h1       1 0.000000 0.350000       1 0.000000 0.082418 0.088235       1       1     0.000000
    824   h1       1 0.871212 0.743333       1 1.000000 0.815934 0.812500       1       1     0.429325
    825   h1       1 0.909091 0.750000       1 0.923077 0.785714 0.812500       1       1     0.401786
    826   h1       1 0.643939 0.493333       1 0.923077 0.571429 0.573529       1       1     0.096104
    827   h1       1 0.000000 0.140000       1 0.512821 0.230769 0.000000       1       1     0.000000
    828   h1       1 0.958333 0.880000       1 0.769231 0.741758 0.812500       1       1     0.390968
    829   h1       1 1.000000 0.916667       1 0.769231 0.769231 0.812500       1       1     0.440705
    830   h1       1 1.000000 0.916667       1 0.769231 0.769231 0.702206       1       1     0.380881
    831   h1       1 1.000000 0.770000       1 0.427350 0.384615 0.270221       1       1     0.034200
    832   h1       1 0.818182 0.750000       1 0.769231 1.000000 0.812500       1       1     0.383523
    833   h1       1 0.818182 0.750000       1 0.769231 1.000000 0.812500       1       1     0.383523
    834   h1       1 0.818182 0.750000       1 0.769231 1.000000 0.803309       1       1     0.379184
    835   h1       1 0.227273 0.300000       1 0.615385 0.821429 0.286765       1       1     0.009883
    836   h1       1 1.000000 0.750000       1 0.769231 0.846154 0.812500       1       1     0.396635
    837   h1       1 1.000000 0.750000       1 0.769231 0.846154 0.812500       1       1     0.396635
    838   h1       1 1.000000 0.750000       1 0.769231 0.846154 0.812500       1       1     0.396635
    839   h1       1 0.750000 0.360000       1 0.113960 0.120879 0.334559       1       1     0.001244
    840   h1       1 0.727273 1.000000       1 1.000000 0.769231 0.875000       1       1     0.489510
    841   h1       1 0.727273 1.000000       1 1.000000 0.769231 0.875000       1       1     0.489510
    842   h1       1 0.727273 1.000000       1 1.000000 0.769231 0.875000       1       1     0.489510
    843   h1       1 0.541667 0.560000       1 0.185185 0.107143 0.334559       1       1     0.002014
    844   h1       1 0.727273 0.833333       1 0.923077 0.769231 0.812500       1       1     0.349650
    845   h1       1 0.727273 0.833333       1 0.923077 0.769231 0.812500       1       1     0.349650
    846   h1       1 0.727273 0.833333       1 0.923077 0.750000 0.812500       1       1     0.340909
    847   h1       1 0.511364 0.433333       1 0.170940 0.052198 0.334559       1       1     0.000661
    848   h1       1 0.818182 0.750000       1 0.769231 0.769231 0.812500       1       1     0.295017
    849   h1       1 0.818182 0.750000       1 0.769231 0.769231 0.812500       1       1     0.295017
    850   h1       1 0.818182 0.703333       1 0.769231 0.769231 0.792279       1       1     0.269776
    851   h1       1 0.715909 0.126667       1 0.569801 0.384615 0.286765       1       1     0.005699
    852   h1       1 0.696970 1.000000       1 0.769231 0.964286 0.812500       1       1     0.420049
    853   h1       1 0.727273 1.000000       1 0.769231 0.936813 0.812500       1       1     0.425824
    854   h1       1 0.727273 1.000000       1 0.769231 0.975275 0.702206       1       1     0.383129
    855   h1       1 0.727273 0.840000       1 0.427350 0.500000 0.270221       1       1     0.035274
    856   h1       1 0.784091 0.750000       1 0.846154 1.000000 0.812500       1       1     0.404297
    857   h1       1 0.818182 0.750000       1 0.846154 1.000000 0.812500       1       1     0.421875
    858   h1       1 0.818182 0.450000       1 0.846154 1.000000 0.573529       1       1     0.178676
    859   h1       1 0.818182 0.000000       1 0.470085 0.500000 0.000000       1       1     0.000000
    896   h1       1 0.696970 0.960000       1 0.769231 0.741758 0.812500       1       1     0.310190
    897   h1       1 0.727273 1.000000       1 0.769231 0.769231 0.812500       1       1     0.349650
    898   h1       1 0.727273 0.916667       1 0.769231 0.769231 0.812500       1       1     0.320513
    899   h1       1 0.727273 0.770000       1 0.666667 0.423077 0.501838       1       1     0.079265
    900   h1       1 0.030303 0.000000       1 0.378917 0.049451 0.000000       1       1     0.000000
    901   h1       1 0.696970 0.746667       1 0.769231 0.815934 0.812500       1       1     0.265385
    902   h1       1 0.727273 0.750000       1 0.769231 0.846154 0.812500       1       1     0.288462
    903   h1       1 0.727273 0.750000       1 0.769231 0.846154 0.812500       1       1     0.288462
    904   h1       1 0.727273 0.630000       1 0.769231 0.846154 0.520221       1       1     0.155143
    905   h1       1 0.030303 0.000000       1 0.541311 0.543956 0.000000       1       1     0.000000
    906   h1       1 0.958333 0.750000       1 0.769231 0.741758 0.812500       1       1     0.333212
    907   h1       1 1.000000 0.750000       1 0.769231 0.769231 0.812500       1       1     0.360577
    908   h1       1 1.000000 0.750000       1 0.769231 0.769231 0.812500       1       1     0.360577
    909   h1       1 1.000000 0.630000       1 0.769231 0.769231 0.501838       1       1     0.187076
    910   h1       1 0.041667 0.000000       1 0.541311 0.494505 0.000000       1       1     0.000000
    911   h1       1 0.696970 0.750000       1 0.769231 0.741758 0.812500       1       1     0.242336
    912   h1       1 0.727273 0.750000       1 0.769231 0.769231 0.812500       1       1     0.262238
    913   h1       1 0.727273 0.833333       1 0.769231 0.769231 0.812500       1       1     0.291375
    914   h1       1 0.727273 0.700000       1 0.632479 0.769231 0.501838       1       1     0.124297
    915   h1       1 0.030303 0.000000       1 0.324786 0.494505 0.000000       1       1     0.000000