 ChipID Half  Layer0   Layer1   Layer2   Layer3  Layer4   Layer5   Layer6  Layer7  Layer8  Pseaudo_Eff
    229   h0       1 0.000000 0.000000 0.000000       1 0.000000 0.000000       1       1     0.000000
    230   h0       1 0.000000 0.000000 0.000000       1 0.000000 0.000000       1       1     0.000000
    231   h0       1 0.000000 0.000000 0.000000       1 0.000000 0.000000       1       1     0.000000
    232   h0       1 0.888889 0.000000 0.413793       1 0.000000 0.000000       1       1     0.000000
    233   h0       1 0.985755 0.000000 0.428571       1 0.000000 0.000000       1       1     0.000000
    234   h0       1 0.407407 0.000000 0.103448       1 0.000000 0.000000       1       1     0.000000
    235   h0       1 0.814815 0.964286 0.758621       1 0.829493 0.777778       1       1     0.384554
    236   h0       1 0.846154 1.000000 0.785714       1 0.857143 0.777778       1       1     0.443223
    237   h0       1 0.344729 0.321429 0.189655       1 0.110599 0.339031       1       1     0.000788
    238   h0       1 0.888889 0.667582 0.344828       1 0.829493 0.833333       1       1     0.141444
    239   h0       1 0.923077 0.692308 0.307692       1 0.857143 0.833333       1       1     0.140451
    240   h0       1 0.376068 0.222527 0.074271       1 0.110599 0.363248       1       1     0.000250
    241   h0       1 0.000000 0.370879 0.000000       1 0.000000 0.000000       1       1     0.000000
    242   h0       1 0.000000 0.384615 0.000000       1 0.000000 0.000000       1       1     0.000000
    243   h0       1 0.000000 0.123626 0.000000       1 0.000000 0.000000       1       1     0.000000
    288   h0       1 0.740741 0.890110 0.758621       1 0.829493 0.833333       1       1     0.345753
    289   h0       1 0.769231 0.923077 0.785714       1 0.857143 0.833333       1       1     0.398503
    290   h0       1 0.720798 0.923077 0.352217       1 0.857143 0.425926       1       1     0.085556
    291   h0       1 0.410256 0.428571 0.071618       1 0.110599 0.025641       1       1     0.000036
    292   h0       1 0.740741 0.741758 0.758621       1 0.898618 0.833333       1       1     0.312138
    293   h0       1 0.769231 0.769231 0.785714       1 0.928571 0.833333       1       1     0.359759
    294   h0       1 0.769231 0.769231 0.785714       1 0.928571 0.833333       1       1     0.359759
    295   h0       1 0.455840 0.357143 0.238727       1 0.110599 0.192308       1       1     0.000827
    296   h0       1 0.740741 0.741758 0.758621       1 0.898618 0.833333       1       1     0.312138
    297   h0       1 0.769231 0.769231 0.785714       1 0.928571 0.833333       1       1     0.359759
    298   h0       1 0.769231 0.769231 0.769231       1 0.928571 0.833333       1       1     0.352212
    299   h0       1 0.455840 0.329670 0.243842       1 0.928571 0.192308       1       1     0.006544
    300   h0       1 0.766382 0.769231 0.857143       1 0.928571 0.777778       1       1     0.364944
    301   h0       1 0.769231 0.769231 0.857143       1 0.928571 0.777778       1       1     0.366300
    302   h0       1 0.641026 0.670330 0.466844       1 0.928571 0.717949       1       1     0.133735
    303   h0       1 0.048433 0.164835 0.000000       1 0.359447 0.000000       1       1     0.000000
    304   h0       1 0.923077 0.769231 0.928571       1 1.000000 0.833333       1       1     0.549451
    305   h0       1 0.923077 0.769231 0.928571       1 1.000000 0.833333       1       1     0.549451
    306   h0       1 0.923077 0.769231 0.891247       1 0.741935 0.833333       1       1     0.391271
    307   h0       1 0.307692 0.115385 0.000000       1 0.000000 0.022792       1       1     0.000000
    308   h0       1 1.000000 0.769231 1.000000       1 1.000000 0.833333       1       1     0.641026
    309   h0       1 1.000000 0.769231 1.000000       1 1.000000 0.833333       1       1     0.641026
    310   h0       1 1.000000 0.769231 0.965517       1 0.741935 0.833333       1       1     0.459200
    311   h0       1 0.370370 0.131868 0.034483       1 0.000000 0.042735       1       1     0.000000
    312   h0       1 0.769231 0.769231 0.857143       1 1.000000 0.833333       1       1     0.422654
    313   h0       1 0.769231 0.769231 0.923077       1 1.000000 0.833333       1       1     0.455166
    314   h0       1 0.769231 0.769231 0.859416       1 0.709677 0.743590       1       1     0.268356
    315   h0       1 0.227920 0.164835 0.000000       1 0.000000 0.028490       1       1     0.000000
    316   h0       1 0.740741 0.923077 0.785714       1 0.928571 0.831909       1       1     0.415011
    317   h0       1 0.769231 0.923077 0.785714       1 0.928571 0.833333       1       1     0.431711
    318   h0       1 0.746439 0.758242 0.541872       1 0.928571 0.534188       1       1     0.152128
    319   h0       1 0.131054 0.000000 0.000000       1 0.479263 0.014245       1       1     0.000000
    320   h0       1 0.740741 0.964286 0.742706       1 0.898618 0.833333       1       1     0.397267
    321   h0       1 0.769231 1.000000 0.785714       1 0.928571 0.833333       1       1     0.467687
    322   h0       1 0.769231 1.000000 0.769231       1 0.928571 0.833333       1       1     0.457875
    323   h0       1 0.455840 0.428571 0.238727       1 0.928571 0.192308       1       1     0.008328
    324   h0       1 0.740741 0.890110 0.742706       1 0.868664 0.833333       1       1     0.354484
    325   h0       1 0.769231 0.923077 0.785714       1 0.928571 0.833333       1       1     0.431711
    326   h0       1 0.769231 0.923077 0.785714       1 0.928571 0.676638       1       1     0.350535
    327   h0       1 0.455840 0.395604 0.238727       1 0.119816 0.128205       1       1     0.000661
    328   h0       1 0.740741 0.741758 0.742706       1 0.801843 0.833333       1       1     0.272680
    329   h0       1 0.769231 0.769231 0.785714       1 0.857143 0.833333       1       1     0.332085
    330   h0       1 0.769231 0.247253 0.406404       1 0.857143 0.363248       1       1     0.024066
    331   h0       1 0.455840 0.000000 0.071618       1 0.110599 0.000000       1       1     0.000000
    697   h1       1 0.000000 0.000000 0.000000       1 0.000000 0.000000       1       1     0.000000
    698   h1       1 0.000000 0.000000 0.000000       1 0.000000 0.000000       1       1     0.000000
    699   h1       1 0.000000 0.000000 0.000000       1 0.000000 0.000000       1       1     0.000000
    700   h1       1 0.962963 0.000000 0.344828       1 0.000000 0.000000       1       1     0.000000
    701   h1       1 1.000000 0.000000 0.357143       1 0.000000 0.000000       1       1     0.000000
    702   h1       1 0.407407 0.000000 0.073892       1 0.000000 0.000000       1       1     0.000000
    703   h1       1 0.814815 1.000000 0.758621       1 0.928571 0.777778       1       1     0.446431
    704   h1       1 0.846154 1.000000 0.785714       1 0.861751 0.777778       1       1     0.445606
    705   h1       1 0.344729 0.285714 0.162562       1 0.082949 0.319088       1       1     0.000424
    706   h1       1 0.962963 0.769231 0.357143       1 0.857143 0.833333       1       1     0.188964
    707   h1       1 1.000000 0.769231 0.357143       1 0.790323 0.833333       1       1     0.180935
    708   h1       1 0.407407 0.247253 0.079576       1 0.076037 0.341880       1       1     0.000208
    709   h1       1 0.000000 0.384615 0.000000       1 0.000000 0.000000       1       1     0.000000
    710   h1       1 0.000000 0.384615 0.000000       1 0.000000 0.000000       1       1     0.000000
    711   h1       1 0.000000 0.123626 0.000000       1 0.000000 0.000000       1       1     0.000000
    756   h1       1 0.740741 0.815934 0.766010       1 0.857143 0.833333       1       1     0.330695
    757   h1       1 0.769231 0.846154 0.785714       1 0.857143 0.833333       1       1     0.365294
    758   h1       1 0.723647 0.846154 0.332512       1 0.857143 0.407407       1       1     0.071099
    759   h1       1 0.384615 0.362637 0.059113       1 0.110599 0.025641       1       1     0.000023
    760   h1       1 0.740741 0.741758 0.785714       1 0.857143 0.833333       1       1     0.308365
    761   h1       1 0.769231 0.769231 0.785714       1 0.857143 0.833333       1       1     0.332085
    762   h1       1 0.769231 0.769231 0.785714       1 0.857143 0.833333       1       1     0.332085
    763   h1       1 0.427350 0.329670 0.216749       1 0.110599 0.192308       1       1     0.000649
    764   h1       1 0.740741 0.760989 0.785714       1 0.928571 0.833333       1       1     0.342723
    765   h1       1 0.769231 0.769231 0.785714       1 0.928571 0.833333       1       1     0.359759
    766   h1       1 0.769231 0.769231 0.785714       1 0.928571 0.833333       1       1     0.359759
    767   h1       1 0.427350 0.329670 0.216749       1 0.928571 0.206553       1       1     0.005857
    768   h1       1 0.763533 0.769231 0.857143       1 0.928571 0.833333       1       1     0.389558
    769   h1       1 0.769231 0.769231 0.857143       1 0.928571 0.833333       1       1     0.392465
    770   h1       1 0.641026 0.645604 0.443350       1 0.928571 0.764957       1       1     0.130329
    771   h1       1 0.045584 0.164835 0.000000       1 0.329493 0.000000       1       1     0.000000
    772   h1       1 0.923077 0.769231 0.928571       1 0.928571 0.833333       1       1     0.510204
    773   h1       1 0.923077 0.769231 0.928571       1 0.928571 0.833333       1       1     0.510204
    774   h1       1 0.923077 0.769231 0.931034       1 0.658986 0.833333       1       1     0.363041
    775   h1       1 0.307692 0.087912 0.000000       1 0.000000 0.022792       1       1     0.000000
    776   h1       1 1.000000 0.769231 0.928571       1 1.000000 0.833333       1       1     0.595238
    777   h1       1 1.000000 0.769231 0.928571       1 1.000000 0.833333       1       1     0.595238
    778   h1       1 1.000000 0.769231 0.891247       1 0.741935 0.833333       1       1     0.423877
    779   h1       1 0.333333 0.131868 0.000000       1 0.000000 0.042735       1       1     0.000000
    780   h1       1 0.769231 0.769231 0.857143       1 1.000000 0.833333       1       1     0.422654
    781   h1       1 0.769231 0.769231 0.857143       1 1.000000 0.833333       1       1     0.422654
    782   h1       1 0.769231 0.769231 0.758621       1 0.677419 0.743590       1       1     0.226115
    783   h1       1 0.227920 0.137363 0.000000       1 0.000000 0.034188       1       1     0.000000
    784   h1       1 0.746439 0.923077 0.785714       1 1.000000 0.830484       1       1     0.449602
    785   h1       1 0.769231 0.923077 0.785714       1 1.000000 0.833333       1       1     0.464920
    786   h1       1 0.746439 0.758242 0.530504       1 1.000000 0.555556       1       1     0.166808
    787   h1       1 0.102564 0.000000 0.000000       1 0.516129 0.028490       1       1     0.000000
    788   h1       1 0.740741 1.000000 0.785714       1 0.928571 0.777778       1       1     0.420341
    789   h1       1 0.769231 1.000000 0.785714       1 0.928571 0.833333       1       1     0.467687
    790   h1       1 0.769231 1.000000 0.785714       1 0.928571 0.833333       1       1     0.467687
    791   h1       1 0.427350 0.428571 0.216749       1 0.928571 0.192308       1       1     0.007089
    792   h1       1 0.740741 0.846154 0.785714       1 0.857143 0.833333       1       1     0.351765
    793   h1       1 0.769231 0.846154 0.785714       1 0.923963 0.833333       1       1     0.393771
    794   h1       1 0.769231 0.846154 0.785714       1 0.864055 0.669516       1       1     0.295851
    795   h1       1 0.427350 0.362637 0.216749       1 0.110599 0.128205       1       1     0.000476
    796   h1       1 0.740741 0.769231 0.785714       1 0.928571 0.833333       1       1     0.346435
    797   h1       1 0.769231 0.769231 0.769231       1 0.928571 0.833333       1       1     0.352212
    798   h1       1 0.769231 0.299451 0.389163       1 0.928571 0.341880       1       1     0.028458
    799   h1       1 0.427350 0.032967 0.084881       1 0.119816 0.000000       1       1     0.000000