 ChipID Half   Layer0   Layer1  Layer2   Layer3  Layer4   Layer5  Layer6  Layer7   Layer8  Pseaudo_Eff
    344   h0 0.434783 0.871212       1 0.480000       1 0.000000       1       1 0.000000     0.000000
    345   h0 0.454545 0.965909       1 0.500000       1 0.000000       1       1 0.000000     0.000000
    346   h0 0.355731 0.708333       1 0.280000       1 0.000000       1       1 0.000000     0.000000
    347   h0 0.695652 0.784091       1 0.720000       1 0.962963       1       1 0.764706     0.289198
    348   h0 0.727273 0.818182       1 0.750000       1 1.000000       1       1 0.823529     0.367526
    349   h0 0.569170 0.579545       1 0.420000       1 0.407407       1       1 0.390093     0.022018
    350   h0 0.695652 0.958333       1 0.240000       1 0.888889       1       1 0.058824     0.008366
    351   h0 0.727273 1.000000       1 0.250000       1 0.923077       1       1 0.058824     0.009872
    352   h0 0.600791 0.708333       1 0.140000       1 0.376068       1       1 0.027864     0.000624
    353   h0 0.956522 0.000000       1 0.000000       1 0.074074       1       1 0.000000     0.000000
    354   h0 1.000000 0.000000       1 0.000000       1 0.076923       1       1 0.000000     0.000000
    355   h0 0.826087 0.000000       1 0.000000       1 0.031339       1       1 0.000000     0.000000
    392   h0 0.956522 0.696970       1 0.800000       1 0.814815       1       1 0.823529     0.357879
    393   h0 1.000000 0.727273       1 0.833333       1 0.846154       1       1 0.823529     0.422323
    394   h0 1.000000 0.647727       1 0.448718       1 0.846154       1       1 0.390093     0.095936
    395   h0 1.000000 0.454545       1 0.000000       1 0.501425       1       1 0.000000     0.000000
    396   h0 0.695652 0.696970       1 0.960000       1 0.740741       1       1 0.882353     0.304219
    397   h0 0.727273 0.727273       1 1.000000       1 0.769231       1       1 0.860681     0.350182
    398   h0 0.727273 0.727273       1 1.000000       1 0.769231       1       1 0.823529     0.335066
    399   h0 0.727273 0.727273       1 0.769231       1 0.455840       1       1 0.238390     0.044213
    400   h0 0.909091 0.727273       1 0.750000       1 0.769231       1       1 0.823529     0.314124
    401   h0 0.909091 0.727273       1 0.750000       1 0.769231       1       1 0.823529     0.314124
    402   h0 0.909091 0.727273       1 0.680000       1 0.769231       1       1 0.823529     0.284806
    403   h0 0.909091 0.454545       1 0.115385       1 0.598291       1       1 0.043344     0.001236
    404   h0 0.727273 0.818182       1 0.833333       1 0.846154       1       1 0.823529     0.345537
    405   h0 0.727273 0.818182       1 0.833333       1 0.846154       1       1 0.823529     0.345537
    406   h0 0.727273 0.818182       1 0.833333       1 0.846154       1       1 0.823529     0.345537
    407   h0 0.703557 0.681818       1 0.384615       1 0.188034       1       1 0.068111     0.002363
    408   h0 0.727273 1.000000       1 1.000000       1 1.000000       1       1 0.823529     0.598930
    409   h0 0.727273 1.000000       1 1.000000       1 1.000000       1       1 0.823529     0.598930
    410   h0 0.727273 1.000000       1 1.000000       1 1.000000       1       1 0.823529     0.598930
    411   h0 0.723320 0.875000       1 0.461538       1 0.222222       1       1 0.065015     0.004220
    412   h0 1.000000 0.727273       1 0.750000       1 0.769231       1       1 0.823529     0.345537
    413   h0 1.000000 0.727273       1 0.750000       1 0.769231       1       1 0.823529     0.345537
    414   h0 1.000000 0.727273       1 0.750000       1 0.769231       1       1 0.767802     0.322155
    415   h0 1.000000 0.587121       1 0.317308       1 0.142450       1       1 0.038700     0.001027
    416   h0 0.727273 0.689394       1 0.750000       1 0.769231       1       1 0.823529     0.238211
    417   h0 0.727273 0.727273       1 0.750000       1 0.769231       1       1 0.823529     0.251300
    418   h0 0.727273 0.727273       1 0.730769       1 0.769231       1       1 0.823529     0.244856
    419   h0 0.316206 0.545455       1 0.201923       1 0.643875       1       1 0.255418     0.005728
    420   h0 0.956522 0.696970       1 0.960000       1 0.712251       1       1 0.823529     0.375398
    421   h0 1.000000 0.727273       1 1.000000       1 0.769231       1       1 0.823529     0.460716
    422   h0 1.000000 0.727273       1 1.000000       1 0.769231       1       1 0.606811     0.339475
    423   h0 1.000000 0.727273       1 0.800000       1 0.455840       1       1 0.119195     0.031612
    424   h0 0.695652 0.696970       1 0.720000       1 0.925926       1       1 0.823529     0.266191
    425   h0 0.727273 0.727273       1 0.750000       1 1.000000       1       1 0.823529     0.326689
    426   h0 0.632411 0.674242       1 0.420000       1 1.000000       1       1 0.390093     0.069861
    427   h0 0.181818 0.545455       1 0.000000       1 0.592593       1       1 0.000000     0.000000
    448   h0 0.695652 0.958333       1 0.720000       1 0.740741       1       1 0.823529     0.292810
    449   h0 0.727273 1.000000       1 0.750000       1 0.769231       1       1 0.823529     0.345537
    450   h0 0.727273 1.000000       1 0.750000       1 0.769231       1       1 0.823529     0.345537
    451   h0 0.727273 1.000000       1 0.576923       1 0.643875       1       1 0.572755     0.154734
    452   h0 0.189723 0.166667       1 0.000000       1 0.341880       1       1 0.061920     0.000000
    453   h0 0.869565 0.696970       1 0.720000       1 0.740741       1       1 0.823529     0.266191
    454   h0 0.909091 0.727273       1 0.750000       1 0.769231       1       1 0.823529     0.314124
    455   h0 0.909091 0.727273       1 0.750000       1 0.769231       1       1 0.823529     0.314124
    456   h0 0.909091 0.727273       1 0.600000       1 0.769231       1       1 0.823529     0.251300
    457   h0 0.237154 0.121212       1 0.000000       1 0.569801       1       1 0.108359     0.000000
    458   h0 0.695652 0.784091       1 0.720000       1 0.769231       1       1 0.823529     0.248787
    459   h0 0.727273 0.909091       1 0.750000       1 0.769231       1       1 0.823529     0.314124
    460   h0 0.727273 0.909091       1 0.750000       1 0.769231       1       1 0.823529     0.314124
    461   h0 0.727273 0.909091       1 0.600000       1 0.769231       1       1 0.823529     0.251300
    462   h0 0.189723 0.151515       1 0.000000       1 0.569801       1       1 0.108359     0.000000
    463   h0 0.782609 0.958333       1 0.800000       1 0.732194       1       1 0.823529     0.361790
    464   h0 0.818182 1.000000       1 0.833333       1 0.769231       1       1 0.823529     0.431921
    465   h0 0.818182 1.000000       1 0.833333       1 0.769231       1       1 0.856037     0.448971
    466   h0 0.818182 1.000000       1 0.666667       1 0.675214       1       1 0.255418     0.094070
    467   h0 0.213439 0.166667       1 0.000000       1 0.398860       1       1 0.000000     0.000000
    812   h1 0.434783 0.916667       1 0.400000       1 0.000000       1       1 0.000000     0.000000
    813   h1 0.363636 1.000000       1 0.416667       1 0.059829       1       1 0.000000     0.000000
    814   h1 0.300395 0.750000       1 0.216667       1 0.031339       1       1 0.000000     0.000000
    815   h1 0.695652 0.750000       1 0.720000       1 1.000000       1       1 0.764706     0.287263
    816   h1 0.727273 0.818182       1 0.750000       1 0.940171       1       1 0.764706     0.320856
    817   h1 0.600791 0.613636       1 0.420000       1 0.376068       1       1 0.342105     0.019921
    818   h1 0.695652 0.916667       1 0.333333       1 1.000000       1       1 0.106811     0.022704
    819   h1 0.727273 1.000000       1 0.333333       1 0.940171       1       1 0.058824     0.013407
    820   h1 0.600791 0.750000       1 0.173333       1 0.376068       1       1 0.026316     0.000773
    821   h1 0.956522 0.000000       1 0.000000       1 0.000000       1       1 0.000000     0.000000
    822   h1 1.000000 0.000000       1 0.000000       1 0.059829       1       1 0.000000     0.000000
    823   h1 0.826087 0.000000       1 0.000000       1 0.031339       1       1 0.000000     0.000000
    860   h1 0.956522 0.666667       1 0.880000       1 0.923077       1       1 0.823529     0.426583
    861   h1 1.000000 0.727273       1 0.916667       1 0.923077       1       1 0.823529     0.506787
    862   h1 1.000000 0.636364       1 0.476667       1 0.923077       1       1 0.368421     0.103158
    863   h1 1.000000 0.363636       1 0.000000       1 0.512821       1       1 0.000000     0.000000
    864   h1 0.695652 0.666667       1 1.000000       1 0.769231       1       1 0.823529     0.293790
    865   h1 0.727273 0.727273       1 1.000000       1 0.769231       1       1 0.823529     0.335066
    866   h1 0.727273 0.727273       1 1.000000       1 0.769231       1       1 0.823529     0.335066
    867   h1 0.727273 0.727273       1 0.769231       1 0.427350       1       1 0.216718     0.037682
    868   h1 0.909091 0.715909       1 0.750000       1 0.769231       1       1 0.823529     0.309216
    869   h1 0.909091 0.727273       1 0.750000       1 0.769231       1       1 0.823529     0.314124
    870   h1 0.909091 0.727273       1 0.660256       1 0.769231       1       1 0.823529     0.276537
    871   h1 0.909091 0.367424       1 0.115385       1 0.569801       1       1 0.021672     0.000476
    872   h1 0.727273 0.818182       1 0.916667       1 0.846154       1       1 0.823529     0.380090
    873   h1 0.727273 0.818182       1 0.916667       1 0.846154       1       1 0.823529     0.380090
    874   h1 0.727273 0.818182       1 0.916667       1 0.846154       1       1 0.823529     0.380090
    875   h1 0.660079 0.681818       1 0.423077       1 0.156695       1       1 0.044892     0.001339
    876   h1 0.727273 1.000000       1 1.000000       1 1.000000       1       1 0.823529     0.598930
    877   h1 0.727273 1.000000       1 1.000000       1 1.000000       1       1 0.823529     0.598930
    878   h1 0.727273 1.000000       1 1.000000       1 1.000000       1       1 0.823529     0.598930
    879   h1 0.695652 0.833333       1 0.461538       1 0.222222       1       1 0.043344     0.002577
    880   h1 1.000000 0.727273       1 0.750000       1 0.846154       1       1 0.823529     0.380090
    881   h1 1.000000 0.727273       1 0.750000       1 0.846154       1       1 0.823529     0.380090
    882   h1 1.000000 0.727273       1 0.750000       1 0.846154       1       1 0.773994     0.357228
    883   h1 0.956522 0.587121       1 0.288462       1 0.125356       1       1 0.037152     0.000754
    884   h1 0.727273 0.681818       1 0.750000       1 0.769231       1       1 0.823529     0.235593
    885   h1 0.727273 0.727273       1 0.750000       1 0.769231       1       1 0.823529     0.251300
    886   h1 0.727273 0.727273       1 0.733974       1 0.769231       1       1 0.823529     0.245930
    887   h1 0.284585 0.606061       1 0.259615       1 0.678063       1       1 0.253870     0.007708
    888   h1 0.869565 0.666667       1 1.000000       1 0.846154       1       1 0.823529     0.403961
    889   h1 0.909091 0.727273       1 1.000000       1 0.786325       1       1 0.801858     0.416873
    890   h1 1.000000 0.727273       1 1.000000       1 0.817664       1       1 0.602167     0.358088
    891   h1 1.000000 0.727273       1 0.769231       1 0.470085       1       1 0.123839     0.032568
    892   h1 0.695652 0.666667       1 0.750000       1 0.923077       1       1 0.837461     0.268884
    893   h1 0.727273 0.727273       1 0.750000       1 0.923077       1       1 0.882353     0.323099
    894   h1 0.632411 0.704545       1 0.390000       1 0.923077       1       1 0.394737     0.063317
    895   h1 0.181818 0.636364       1 0.000000       1 0.512821       1       1 0.000000     0.000000
    916   h1 0.695652 0.916667       1 0.750000       1 0.769231       1       1 0.823529     0.302971
    917   h1 0.727273 1.000000       1 0.750000       1 0.769231       1       1 0.823529     0.345537
    918   h1 0.727273 1.000000       1 0.750000       1 0.769231       1       1 0.823529     0.345537
    919   h1 0.727273 1.000000       1 0.570000       1 0.666667       1       1 0.530960     0.146738
    920   h1 0.158103 0.166667       1 0.000000       1 0.398860       1       1 0.054180     0.000000
    921   h1 0.869565 0.666667       1 0.733333       1 0.769231       1       1 0.823529     0.269307
    922   h1 0.909091 0.727273       1 0.750000       1 0.769231       1       1 0.823529     0.314124
    923   h1 0.909091 0.727273       1 0.750000       1 0.769231       1       1 0.823529     0.314124
    924   h1 0.909091 0.727273       1 0.576923       1 0.769231       1       1 0.823529     0.241634
    925   h1 0.197628 0.121212       1 0.000000       1 0.569801       1       1 0.108359     0.000000
    926   h1 0.707510 0.833333       1 0.721154       1 0.769231       1       1 0.823529     0.269349
    927   h1 0.727273 0.909091       1 0.750000       1 0.769231       1       1 0.823529     0.314124
    928   h1 0.727273 0.909091       1 0.750000       1 0.769231       1       1 0.823529     0.314124
    929   h1 0.727273 0.909091       1 0.576923       1 0.769231       1       1 0.823529     0.241634
    930   h1 0.158103 0.151515       1 0.000000       1 0.569801       1       1 0.108359     0.000000
    931   h1 0.909091 0.833333       1 0.881410       1 0.692308       1       1 0.823529     0.380700
    932   h1 0.909091 0.909091       1 0.916667       1 0.754986       1       1 0.825077     0.471910
    933   h1 0.909091 0.909091       1 0.916667       1 0.723647       1       1 0.823529     0.451473
    934   h1 0.909091 0.909091       1 0.705128       1 0.589744       1       1 0.235294     0.080864
    935   h1 0.197628 0.151515       1 0.000000       1 0.341880       1       1 0.000000     0.000000