 ChipID Half  Layer0   Layer1   Layer2   Layer3  Layer4  Layer5   Layer6  Layer7   Layer8  Pseaudo_Eff
    344   h0       1 0.871212 0.000000 0.480000       1       1 0.000000       1 0.000000     0.000000
    345   h0       1 0.965909 0.000000 0.500000       1       1 0.000000       1 0.000000     0.000000
    346   h0       1 0.708333 0.000000 0.280000       1       1 0.000000       1 0.000000     0.000000
    347   h0       1 0.784091 0.960000 0.720000       1       1 0.800000       1 0.764706     0.331554
    348   h0       1 0.818182 1.000000 0.750000       1       1 0.800000       1 0.823529     0.404278
    349   h0       1 0.579545 0.640000 0.420000       1       1 0.635294       1 0.390093     0.038606
    350   h0       1 0.958333 0.610909 0.240000       1       1 0.866667       1 0.058824     0.007163
    351   h0       1 1.000000 0.636364 0.250000       1       1 0.866667       1 0.058824     0.008111
    352   h0       1 0.708333 0.407273 0.140000       1       1 0.688235       1 0.027864     0.000775
    353   h0       1 0.000000 0.436364 0.000000       1       1 0.000000       1 0.000000     0.000000
    354   h0       1 0.000000 0.454545 0.000000       1       1 0.000000       1 0.000000     0.000000
    355   h0       1 0.000000 0.290909 0.000000       1       1 0.000000       1 0.000000     0.000000
    392   h0       1 0.696970 0.698182 0.800000       1       1 0.933333       1 0.823529     0.299218
    393   h0       1 0.727273 0.727273 0.833333       1       1 0.933333       1 0.823529     0.338789
    394   h0       1 0.647727 0.727273 0.448718       1       1 0.741176       1 0.390093     0.061116
    395   h0       1 0.454545 0.669091 0.000000       1       1 0.000000       1 0.000000     0.000000
    396   h0       1 0.696970 0.698182 0.960000       1       1 0.933333       1 0.882353     0.384709
    397   h0       1 0.727273 0.727273 1.000000       1       1 0.933333       1 0.860681     0.424887
    398   h0       1 0.727273 0.727273 1.000000       1       1 0.933333       1 0.823529     0.406547
    399   h0       1 0.727273 0.669091 0.769231       1       1 0.658824       1 0.238390     0.058789
    400   h0       1 0.727273 0.818182 0.750000       1       1 0.800000       1 0.823529     0.294020
    401   h0       1 0.727273 0.818182 0.750000       1       1 0.800000       1 0.823529     0.294020
    402   h0       1 0.727273 0.818182 0.680000       1       1 0.800000       1 0.823529     0.266579
    403   h0       1 0.454545 0.654545 0.115385       1       1 0.333333       1 0.043344     0.000496
    404   h0       1 0.818182 0.727273 0.833333       1       1 0.800000       1 0.823529     0.326689
    405   h0       1 0.818182 0.727273 0.833333       1       1 0.800000       1 0.823529     0.326689
    406   h0       1 0.818182 0.727273 0.833333       1       1 0.800000       1 0.823529     0.326689
    407   h0       1 0.681818 0.461818 0.384615       1       1 0.405882       1 0.068111     0.003348
    408   h0       1 1.000000 0.727273 1.000000       1       1 0.800000       1 0.823529     0.479144
    409   h0       1 1.000000 0.727273 1.000000       1       1 0.800000       1 0.823529     0.479144
    410   h0       1 1.000000 0.727273 1.000000       1       1 0.800000       1 0.823529     0.479144
    411   h0       1 0.875000 0.490909 0.461538       1       1 0.423529       1 0.065015     0.005459
    412   h0       1 0.727273 1.000000 0.750000       1       1 0.800000       1 0.823529     0.359358
    413   h0       1 0.727273 1.000000 0.750000       1       1 0.800000       1 0.823529     0.359358
    414   h0       1 0.727273 1.000000 0.750000       1       1 0.800000       1 0.767802     0.335041
    415   h0       1 0.587121 0.680000 0.317308       1       1 0.358824       1 0.038700     0.001759
    416   h0       1 0.689394 0.909091 0.750000       1       1 0.800000       1 0.823529     0.309674
    417   h0       1 0.727273 0.909091 0.750000       1       1 0.800000       1 0.823529     0.326689
    418   h0       1 0.727273 0.909091 0.730769       1       1 0.758824       1 0.823529     0.301929
    419   h0       1 0.545455 0.181818 0.201923       1       1 0.205882       1 0.255418     0.001053
    420   h0       1 0.696970 0.872727 0.960000       1       1 0.800000       1 0.823529     0.384709
    421   h0       1 0.727273 0.909091 1.000000       1       1 0.800000       1 0.823529     0.435586
    422   h0       1 0.727273 0.909091 1.000000       1       1 0.662745       1 0.606811     0.265892
    423   h0       1 0.727273 0.836364 0.800000       1       1 0.094118       1 0.119195     0.005459
    424   h0       1 0.696970 0.960000 0.720000       1       1 0.800000       1 0.823529     0.317385
    425   h0       1 0.727273 1.000000 0.750000       1       1 0.800000       1 0.823529     0.359358
    426   h0       1 0.674242 0.640000 0.420000       1       1 0.635294       1 0.390093     0.044915
    427   h0       1 0.545455 0.000000 0.000000       1       1 0.000000       1 0.000000     0.000000
    448   h0       1 0.958333 0.698182 0.720000       1       1 0.866667       1 0.823529     0.343834
    449   h0       1 1.000000 0.727273 0.750000       1       1 0.866667       1 0.823529     0.389305
    450   h0       1 1.000000 0.727273 0.750000       1       1 0.866667       1 0.823529     0.389305
    451   h0       1 1.000000 0.669091 0.576923       1       1 0.611765       1 0.572755     0.135256
    452   h0       1 0.166667 0.000000 0.000000       1       1 0.000000       1 0.061920     0.000000
    453   h0       1 0.696970 0.960000 0.720000       1       1 0.800000       1 0.823529     0.317385
    454   h0       1 0.727273 1.000000 0.750000       1       1 0.800000       1 0.823529     0.359358
    455   h0       1 0.727273 1.000000 0.750000       1       1 0.800000       1 0.823529     0.359358
    456   h0       1 0.727273 0.920000 0.600000       1       1 0.564706       1 0.823529     0.186697
    457   h0       1 0.121212 0.000000 0.000000       1       1 0.000000       1 0.108359     0.000000
    458   h0       1 0.784091 0.698182 0.720000       1       1 0.800000       1 0.823529     0.259679
    459   h0       1 0.909091 0.727273 0.750000       1       1 0.800000       1 0.823529     0.326689
    460   h0       1 0.909091 0.727273 0.750000       1       1 0.800000       1 0.823529     0.326689
    461   h0       1 0.909091 0.669091 0.600000       1       1 0.564706       1 0.823529     0.169725
    462   h0       1 0.151515 0.000000 0.000000       1       1 0.000000       1 0.108359     0.000000
    463   h0       1 0.958333 0.698182 0.800000       1       1 0.800000       1 0.823529     0.352650
    464   h0       1 1.000000 0.727273 0.833333       1       1 0.800000       1 0.823529     0.399287
    465   h0       1 1.000000 0.727273 0.833333       1       1 0.800000       1 0.856037     0.415048
    466   h0       1 1.000000 0.669091 0.666667       1       1 0.564706       1 0.255418     0.064338
    467   h0       1 0.166667 0.000000 0.000000       1       1 0.000000       1 0.000000     0.000000
    812   h1       1 0.916667 0.000000 0.400000       1       1 0.000000       1 0.000000     0.000000
    813   h1       1 1.000000 0.000000 0.416667       1       1 0.000000       1 0.000000     0.000000
    814   h1       1 0.750000 0.000000 0.216667       1       1 0.000000       1 0.000000     0.000000
    815   h1       1 0.750000 0.960000 0.720000       1       1 0.733333       1 0.764706     0.290711
    816   h1       1 0.818182 1.000000 0.750000       1       1 0.733333       1 0.764706     0.344118
    817   h1       1 0.613636 0.600000 0.420000       1       1 0.635294       1 0.342105     0.033608
    818   h1       1 0.916667 0.727273 0.333333       1       1 0.800000       1 0.106811     0.018989
    819   h1       1 1.000000 0.727273 0.333333       1       1 0.800000       1 0.058824     0.011408
    820   h1       1 0.750000 0.465455 0.173333       1       1 0.611765       1 0.026316     0.000974
    821   h1       1 0.000000 0.436364 0.000000       1       1 0.000000       1 0.000000     0.000000
    822   h1       1 0.000000 0.454545 0.000000       1       1 0.000000       1 0.000000     0.000000
    823   h1       1 0.000000 0.290909 0.000000       1       1 0.000000       1 0.000000     0.000000
    860   h1       1 0.666667 0.672727 0.880000       1       1 0.866667       1 0.823529     0.281684
    861   h1       1 0.727273 0.727273 0.916667       1       1 0.866667       1 0.823529     0.346049
    862   h1       1 0.636364 0.690909 0.476667       1       1 0.662745       1 0.368421     0.051172
    863   h1       1 0.363636 0.585455 0.000000       1       1 0.000000       1 0.000000     0.000000
    864   h1       1 0.666667 0.669091 1.000000       1       1 0.933333       1 0.823529     0.342854
    865   h1       1 0.727273 0.727273 1.000000       1       1 0.933333       1 0.823529     0.406547
    866   h1       1 0.727273 0.727273 1.000000       1       1 0.933333       1 0.823529     0.406547
    867   h1       1 0.727273 0.669091 0.769231       1       1 0.658824       1 0.216718     0.053445
    868   h1       1 0.715909 0.727273 0.750000       1       1 0.800000       1 0.823529     0.257268
    869   h1       1 0.727273 0.727273 0.750000       1       1 0.800000       1 0.823529     0.261351
    870   h1       1 0.727273 0.727273 0.660256       1       1 0.800000       1 0.823529     0.230079
    871   h1       1 0.367424 0.581818 0.115385       1       1 0.329412       1 0.021672     0.000176
    872   h1       1 0.818182 0.727273 0.916667       1       1 0.800000       1 0.823529     0.359358
    873   h1       1 0.818182 0.727273 0.916667       1       1 0.800000       1 0.823529     0.359358
    874   h1       1 0.818182 0.727273 0.916667       1       1 0.800000       1 0.823529     0.359358
    875   h1       1 0.681818 0.450909 0.423077       1       1 0.403922       1 0.044892     0.002359
    876   h1       1 1.000000 0.727273 1.000000       1       1 0.800000       1 0.823529     0.479144
    877   h1       1 1.000000 0.727273 1.000000       1       1 0.800000       1 0.823529     0.479144
    878   h1       1 1.000000 0.727273 1.000000       1       1 0.800000       1 0.823529     0.479144
    879   h1       1 0.833333 0.465455 0.461538       1       1 0.400000       1 0.043344     0.003104
    880   h1       1 0.727273 1.000000 0.750000       1       1 0.800000       1 0.823529     0.359358
    881   h1       1 0.727273 1.000000 0.750000       1       1 0.800000       1 0.823529     0.359358
    882   h1       1 0.727273 1.000000 0.750000       1       1 0.800000       1 0.773994     0.337743
    883   h1       1 0.587121 0.680000 0.288462       1       1 0.376471       1 0.037152     0.001611
    884   h1       1 0.681818 0.818182 0.750000       1       1 0.800000       1 0.823529     0.275644
    885   h1       1 0.727273 0.818182 0.750000       1       1 0.800000       1 0.823529     0.294020
    886   h1       1 0.727273 0.818182 0.733974       1       1 0.752941       1 0.823529     0.270812
    887   h1       1 0.606061 0.130909 0.259615       1       1 0.247059       1 0.253870     0.001292
    888   h1       1 0.666667 0.960000 1.000000       1       1 0.800000       1 0.823529     0.421647
    889   h1       1 0.727273 1.000000 1.000000       1       1 0.800000       1 0.801858     0.466535
    890   h1       1 0.727273 1.000000 1.000000       1       1 0.658824       1 0.602167     0.288525
    891   h1       1 0.727273 0.920000 0.769231       1       1 0.141176       1 0.123839     0.008998
    892   h1       1 0.666667 0.909091 0.750000       1       1 0.800000       1 0.837461     0.304531
    893   h1       1 0.727273 0.909091 0.750000       1       1 0.800000       1 0.882353     0.350024
    894   h1       1 0.704545 0.640000 0.390000       1       1 0.611765       1 0.394737     0.042466
    895   h1       1 0.636364 0.000000 0.000000       1       1 0.000000       1 0.000000     0.000000
    916   h1       1 0.916667 0.752727 0.750000       1       1 0.933333       1 0.823529     0.397765
    917   h1       1 1.000000 0.818182 0.750000       1       1 0.933333       1 0.823529     0.471658
    918   h1       1 1.000000 0.818182 0.750000       1       1 0.933333       1 0.823529     0.471658
    919   h1       1 1.000000 0.752727 0.570000       1       1 0.658824       1 0.530960     0.150087
    920   h1       1 0.166667 0.000000 0.000000       1       1 0.000000       1 0.054180     0.000000
    921   h1       1 0.666667 0.960000 0.733333       1       1 0.866667       1 0.823529     0.334975
    922   h1       1 0.727273 1.000000 0.750000       1       1 0.866667       1 0.823529     0.389305
    923   h1       1 0.727273 1.000000 0.750000       1       1 0.866667       1 0.823529     0.389305
    924   h1       1 0.727273 0.920000 0.576923       1       1 0.637255       1 0.823529     0.202579
    925   h1       1 0.121212 0.000000 0.000000       1       1 0.000000       1 0.108359     0.000000
    926   h1       1 0.833333 0.698182 0.721154       1       1 0.800000       1 0.823529     0.276429
    927   h1       1 0.909091 0.727273 0.750000       1       1 0.800000       1 0.823529     0.326689
    928   h1       1 0.909091 0.727273 0.750000       1       1 0.800000       1 0.823529     0.326689
    929   h1       1 0.909091 0.669091 0.576923       1       1 0.564706       1 0.823529     0.163197
    930   h1       1 0.151515 0.000000 0.000000       1       1 0.000000       1 0.108359     0.000000
    931   h1       1 0.833333 0.698182 0.881410       1       1 0.800000       1 0.823529     0.337858
    932   h1       1 0.909091 0.727273 0.916667       1       1 0.800000       1 0.825077     0.400038
    933   h1       1 0.909091 0.727273 0.916667       1       1 0.800000       1 0.823529     0.399287
    934   h1       1 0.909091 0.669091 0.705128       1       1 0.564706       1 0.235294     0.056989
    935   h1       1 0.151515 0.000000 0.000000       1       1 0.000000       1 0.000000     0.000000