 ChipID Half  Layer0  Layer1   Layer2   Layer3  Layer4   Layer5   Layer6   Layer7  Layer8  Pseaudo_Eff
    332   h0       1       1 0.000000 0.000000       1 0.000000 0.000000 0.000000       1     0.000000
    333   h0       1       1 0.000000 0.000000       1 0.000000 0.000000 0.000000       1     0.000000
    334   h0       1       1 0.000000 0.000000       1 0.000000 0.000000 0.000000       1     0.000000
    335   h0       1       1 0.480000 0.961538       1 0.519231 0.250000 0.687500       1     0.041189
    336   h0       1       1 0.500000 1.000000       1 0.538462 0.250000 0.687500       1     0.046274
    337   h0       1       1 0.250000 0.500000       1 0.192308 0.183824 0.451786       1     0.001996
    338   h0       1       1 0.640000 0.400641       1 0.741758 0.812500 0.312500       1     0.048292
    339   h0       1       1 0.666667 0.416667       1 0.769231 0.812500 0.312500       1     0.054253
    340   h0       1       1 0.400000 0.208333       1 0.274725 0.597426 0.205357       1     0.002809
    341   h0       1       1 0.640000 0.000000       1 0.148352 0.062500 0.000000       1     0.000000
    342   h0       1       1 0.666667 0.000000       1 0.153846 0.062500 0.000000       1     0.000000
    343   h0       1       1 0.400000 0.000000       1 0.082418 0.045956 0.000000       1     0.000000
    356   h0       1       1 0.720000 0.801282       1 0.741758 0.812500 0.812500       1     0.282506
    357   h0       1       1 0.750000 0.833333       1 0.769231 0.812500 0.812500       1     0.317383
    358   h0       1       1 0.516667 0.416667       1 0.521978 0.597426 0.533929       1     0.035844
    359   h0       1       1 0.146667 0.000000       1 0.192308 0.000000 0.000000       1     0.000000
    360   h0       1       1 0.880000 0.721154       1 0.741758 0.812500 0.875000       1     0.334660
    361   h0       1       1 0.916667 0.750000       1 0.769231 0.812500 0.875000       1     0.375977
    362   h0       1       1 0.916667 0.666667       1 0.769231 0.713235 0.575000       1     0.192787
    363   h0       1       1 0.806667 0.365385       1 0.384615 0.283088 0.000000       1     0.000000
    364   h0       1       1 0.736667 1.000000       1 1.000000 0.812500 0.812500       1     0.486315
    365   h0       1       1 0.750000 1.000000       1 1.000000 0.812500 0.812500       1     0.495117
    366   h0       1       1 0.750000 0.884615       1 1.000000 0.801471 0.683929       1     0.363676
    367   h0       1       1 0.330000 0.000000       1 0.821429 0.286765 0.133929       1     0.000000
    368   h0       1       1 0.750000 0.916667       1 0.846154 0.875000 0.812500       1     0.413574
    369   h0       1       1 0.750000 0.916667       1 0.846154 0.875000 0.812500       1     0.413574
    370   h0       1       1 0.750000 0.916667       1 0.846154 0.875000 0.812500       1     0.413574
    371   h0       1       1 0.400000 0.352564       1 0.120879 0.386029 0.182143       1     0.001199
    372   h0       1       1 1.000000 0.750000       1 0.769231 0.875000 0.812500       1     0.410156
    373   h0       1       1 1.000000 0.750000       1 0.769231 0.875000 0.812500       1     0.410156
    374   h0       1       1 1.000000 0.750000       1 0.769231 0.875000 0.812500       1     0.410156
    375   h0       1       1 0.560000 0.285256       1 0.104396 0.386029 0.232143       1     0.001494
    376   h0       1       1 0.833333 0.750000       1 0.769231 0.812500 0.812500       1     0.317383
    377   h0       1       1 0.833333 0.750000       1 0.769231 0.812500 0.812500       1     0.317383
    378   h0       1       1 0.833333 0.750000       1 0.769231 0.812500 0.812500       1     0.317383
    379   h0       1       1 0.466667 0.269231       1 0.060440 0.358456 0.233929       1     0.000637
    380   h0       1       1 0.750000 0.750000       1 0.769231 0.812500 0.875000       1     0.307617
    381   h0       1       1 0.750000 0.750000       1 0.769231 0.812500 0.875000       1     0.307617
    382   h0       1       1 0.703333 0.711538       1 0.769231 0.775735 0.875000       1     0.261299
    383   h0       1       1 0.133333 0.314103       1 0.351648 0.308824 0.125000       1     0.000569
    384   h0       1       1 0.960000 0.801282       1 0.928571 0.812500 0.812500       1     0.471540
    385   h0       1       1 1.000000 0.833333       1 1.000000 0.812500 0.812500       1     0.550130
    386   h0       1       1 1.000000 0.833333       1 1.000000 0.696691 0.726786       1     0.421954
    387   h0       1       1 0.880000 0.608974       1 0.500000 0.242647 0.305357       1     0.019853
    388   h0       1       1 0.720000 0.721154       1 0.857143 0.812500 0.812500       1     0.293806
    389   h0       1       1 0.750000 0.750000       1 0.923077 0.812500 0.812500       1     0.342773
    390   h0       1       1 0.450000 0.458333       1 0.923077 0.597426 0.533929       1     0.060729
    391   h0       1       1 0.000000 0.121795       1 0.461538 0.000000 0.000000       1     0.000000
    428   h0       1       1 0.960000 0.721154       1 0.741758 0.812500 0.812500       1     0.339007
    429   h0       1       1 1.000000 0.750000       1 0.769231 0.812500 0.812500       1     0.380859
    430   h0       1       1 1.000000 0.750000       1 0.769231 0.812500 0.812500       1     0.380859
    431   h0       1       1 0.880000 0.548077       1 0.384615 0.525735 0.441071       1     0.043016
    432   h0       1       1 0.000000 0.000000       1 0.000000 0.000000 0.000000       1     0.000000
    433   h0       1       1 0.720000 0.721154       1 0.890110 0.812500 0.812500       1     0.305106
    434   h0       1       1 0.750000 0.750000       1 0.923077 0.812500 0.812500       1     0.342773
    435   h0       1       1 0.750000 0.750000       1 0.923077 0.812500 0.812500       1     0.342773
    436   h0       1       1 0.660000 0.548077       1 0.923077 0.525735 0.441071       1     0.077428
    437   h0       1       1 0.000000 0.000000       1 0.593407 0.000000 0.000000       1     0.000000
    438   h0       1       1 0.720000 0.801282       1 0.741758 0.812500 0.875000       1     0.304237
    439   h0       1       1 0.750000 0.833333       1 0.769231 0.812500 0.875000       1     0.341797
    440   h0       1       1 0.750000 0.833333       1 0.769231 0.812500 0.875000       1     0.341797
    441   h0       1       1 0.660000 0.608974       1 0.769231 0.525735 0.475000       1     0.077208
    442   h0       1       1 0.000000 0.000000       1 0.494505 0.000000 0.000000       1     0.000000
    443   h0       1       1 0.720000 0.961538       1 0.815934 0.812500 0.812500       1     0.372907
    444   h0       1       1 0.750000 1.000000       1 0.846154 0.812500 0.812500       1     0.418945
    445   h0       1       1 0.750000 1.000000       1 0.846154 0.812500 0.812500       1     0.418945
    446   h0       1       1 0.660000 0.730769       1 0.846154 0.525735 0.441071       1     0.094635
    447   h0       1       1 0.000000 0.000000       1 0.543956 0.000000 0.000000       1     0.000000
    800   h1       1       1 0.000000 0.000000       1 0.000000 0.000000 0.000000       1     0.000000
    801   h1       1       1 0.000000 0.000000       1 0.000000 0.000000 0.000000       1     0.000000
    802   h1       1       1 0.000000 0.000000       1 0.000000 0.000000 0.000000       1     0.000000
    803   h1       1       1 0.416667 0.961538       1 0.519231 0.250000 0.625000       1     0.032504
    804   h1       1       1 0.416667 1.000000       1 0.598901 0.250000 0.625000       1     0.038991
    805   h1       1       1 0.233333 0.500000       1 0.219780 0.132353 0.392857       1     0.001333
    806   h1       1       1 0.750000 0.500000       1 0.769231 0.812500 0.375000       1     0.087891
    807   h1       1       1 0.750000 0.500000       1 0.706044 0.812500 0.375000       1     0.080671
    808   h1       1       1 0.450000 0.250000       1 0.247253 0.573529 0.235714       1     0.003760
    809   h1       1       1 0.583333 0.000000       1 0.148352 0.125000 0.000000       1     0.000000
    810   h1       1       1 0.583333 0.000000       1 0.214286 0.125000 0.000000       1     0.000000
    811   h1       1       1 0.350000 0.000000       1 0.082418 0.088235 0.000000       1     0.000000
    824   h1       1       1 0.743333 0.721154       1 0.815934 0.812500 0.812500       1     0.288744
    825   h1       1       1 0.750000 0.750000       1 0.785714 0.812500 0.812500       1     0.291765
    826   h1       1       1 0.493333 0.375000       1 0.571429 0.573529 0.510714       1     0.030965
    827   h1       1       1 0.140000 0.000000       1 0.230769 0.000000 0.000000       1     0.000000
    828   h1       1       1 0.880000 0.740385       1 0.741758 0.812500 0.875000       1     0.343585
    829   h1       1       1 0.916667 0.750000       1 0.769231 0.812500 0.875000       1     0.375977
    830   h1       1       1 0.916667 0.625000       1 0.769231 0.702206 0.550000       1     0.170206
    831   h1       1       1 0.770000 0.346154       1 0.384615 0.270221 0.000000       1     0.000000
    832   h1       1       1 0.750000 1.000000       1 1.000000 0.812500 0.812500       1     0.495117
    833   h1       1       1 0.750000 1.000000       1 1.000000 0.812500 0.812500       1     0.495117
    834   h1       1       1 0.750000 0.884615       1 1.000000 0.803309 0.651786       1     0.347379
    835   h1       1       1 0.300000 0.000000       1 0.821429 0.286765 0.100000       1     0.000000
    836   h1       1       1 0.750000 0.916667       1 0.846154 0.812500 0.812500       1     0.384033
    837   h1       1       1 0.750000 0.916667       1 0.846154 0.812500 0.812500       1     0.384033
    838   h1       1       1 0.750000 0.916667       1 0.846154 0.812500 0.812500       1     0.384033
    839   h1       1       1 0.360000 0.352564       1 0.120879 0.334559 0.142857       1     0.000733
    840   h1       1       1 1.000000 0.750000       1 0.769231 0.875000 0.812500       1     0.410156
    841   h1       1       1 1.000000 0.750000       1 0.769231 0.875000 0.812500       1     0.410156
    842   h1       1       1 1.000000 0.750000       1 0.769231 0.875000 0.812500       1     0.410156
    843   h1       1       1 0.560000 0.256410       1 0.107143 0.334559 0.225000       1     0.001158
    844   h1       1       1 0.833333 0.750000       1 0.769231 0.812500 0.812500       1     0.317383
    845   h1       1       1 0.833333 0.750000       1 0.769231 0.812500 0.812500       1     0.317383
    846   h1       1       1 0.833333 0.750000       1 0.750000 0.812500 0.812500       1     0.309448
    847   h1       1       1 0.433333 0.250000       1 0.052198 0.334559 0.216071       1     0.000409
    848   h1       1       1 0.750000 0.750000       1 0.769231 0.812500 0.812500       1     0.285645
    849   h1       1       1 0.750000 0.750000       1 0.769231 0.812500 0.812500       1     0.285645
    850   h1       1       1 0.703333 0.730769       1 0.769231 0.792279 0.812500       1     0.254507
    851   h1       1       1 0.126667 0.333333       1 0.384615 0.286765 0.116071       1     0.000541
    852   h1       1       1 1.000000 0.750000       1 0.964286 0.812500 0.812500       1     0.477434
    853   h1       1       1 1.000000 0.750000       1 0.936813 0.812500 0.812500       1     0.463832
    854   h1       1       1 1.000000 0.750000       1 0.975275 0.702206 0.742857       1     0.381556
    855   h1       1       1 0.840000 0.519231       1 0.500000 0.270221 0.339286       1     0.019994
    856   h1       1       1 0.750000 0.750000       1 1.000000 0.812500 0.812500       1     0.371338
    857   h1       1       1 0.750000 0.750000       1 1.000000 0.812500 0.812500       1     0.371338
    858   h1       1       1 0.450000 0.500000       1 1.000000 0.573529 0.510714       1     0.065905
    859   h1       1       1 0.000000 0.173077       1 0.500000 0.000000 0.000000       1     0.000000
    896   h1       1       1 0.960000 0.750000       1 0.741758 0.812500 0.812500       1     0.352567
    897   h1       1       1 1.000000 0.750000       1 0.769231 0.812500 0.812500       1     0.380859
    898   h1       1       1 0.916667 0.750000       1 0.769231 0.812500 0.812500       1     0.349121
    899   h1       1       1 0.770000 0.519231       1 0.423077 0.501838 0.441071       1     0.037441
    900   h1       1       1 0.000000 0.000000       1 0.049451 0.000000 0.000000       1     0.000000
    901   h1       1       1 0.746667 0.750000       1 0.815934 0.812500 0.812500       1     0.301641
    902   h1       1       1 0.750000 0.750000       1 0.846154 0.812500 0.812500       1     0.314209
    903   h1       1       1 0.750000 0.750000       1 0.846154 0.812500 0.812500       1     0.314209
    904   h1       1       1 0.630000 0.519231       1 0.846154 0.520221 0.437500       1     0.062996
    905   h1       1       1 0.000000 0.000000       1 0.543956 0.000000 0.000000       1     0.000000
    906   h1       1       1 0.750000 0.916667       1 0.741758 0.812500 0.875000       1     0.362549
    907   h1       1       1 0.750000 0.916667       1 0.769231 0.812500 0.875000       1     0.375977
    908   h1       1       1 0.750000 0.916667       1 0.769231 0.812500 0.875000       1     0.375977
    909   h1       1       1 0.630000 0.634615       1 0.769231 0.501838 0.475000       1     0.073310
    910   h1       1       1 0.000000 0.000000       1 0.494505 0.000000 0.000000       1     0.000000
    911   h1       1       1 0.750000 1.000000       1 0.741758 0.812500 0.812500       1     0.367257
    912   h1       1       1 0.750000 1.000000       1 0.769231 0.812500 0.812500       1     0.380859
    913   h1       1       1 0.833333 1.000000       1 0.769231 0.812500 0.812500       1     0.423177
    914   h1       1       1 0.700000 0.692308       1 0.769231 0.501838 0.419643       1     0.078505
    915   h1       1       1 0.000000 0.000000       1 0.494505 0.000000 0.000000       1     0.000000