 ChipID Half   Layer0  Layer1  Layer2   Layer3   Layer4   Layer5  Layer6   Layer7  Layer8  Pseaudo_Eff
    332   h0 0.000000       1       1 0.000000 0.074074 0.000000       1 0.000000       1     0.000000
    333   h0 0.000000       1       1 0.000000 0.076923 0.000000       1 0.000000       1     0.000000
    334   h0 0.000000       1       1 0.000000 0.000000 0.000000       1 0.000000       1     0.000000
    335   h0 0.958333       1       1 0.961538 0.888889 0.519231       1 0.687500       1     0.292391
    336   h0 1.000000       1       1 1.000000 0.923077 0.538462       1 0.687500       1     0.341716
    337   h0 0.708333       1       1 0.500000 0.376068 0.192308       1 0.451786       1     0.011572
    338   h0 0.696970       1       1 0.400641 0.962963 0.741758       1 0.312500       1     0.062329
    339   h0 0.727273       1       1 0.416667 1.000000 0.769231       1 0.312500       1     0.072844
    340   h0 0.545455       1       1 0.208333 0.370370 0.274725       1 0.205357       1     0.002374
    341   h0 0.958333       1       1 0.000000 0.000000 0.148352       1 0.000000       1     0.000000
    342   h0 1.000000       1       1 0.000000 0.000000 0.153846       1 0.000000       1     0.000000
    343   h0 0.750000       1       1 0.000000 0.000000 0.082418       1 0.000000       1     0.000000
    356   h0 0.696970       1       1 0.801282 0.962963 0.741758       1 0.812500       1     0.324112
    357   h0 0.727273       1       1 0.833333 0.923077 0.769231       1 0.812500       1     0.349650
    358   h0 0.700758       1       1 0.416667 0.923077 0.521978       1 0.533929       1     0.075116
    359   h0 0.636364       1       1 0.000000 0.547009 0.192308       1 0.000000       1     0.000000
    360   h0 0.696970       1       1 0.721154 0.740741 0.741758       1 0.875000       1     0.241645
    361   h0 0.727273       1       1 0.750000 0.769231 0.769231       1 0.875000       1     0.282410
    362   h0 0.727273       1       1 0.666667 0.769231 0.769231       1 0.575000       1     0.164963
    363   h0 0.727273       1       1 0.365385 0.455840 0.384615       1 0.000000       1     0.000000
    364   h0 0.681818       1       1 1.000000 0.769231 1.000000       1 0.812500       1     0.426136
    365   h0 0.727273       1       1 1.000000 0.769231 1.000000       1 0.812500       1     0.454545
    366   h0 0.727273       1       1 0.884615 0.769231 1.000000       1 0.683929       1     0.338469
    367   h0 0.606061       1       1 0.000000 0.643875 0.821429       1 0.133929       1     0.000000
    368   h0 0.727273       1       1 0.916667 0.769231 0.846154       1 0.812500       1     0.352564
    369   h0 0.727273       1       1 0.916667 0.769231 0.846154       1 0.812500       1     0.352564
    370   h0 0.727273       1       1 0.916667 0.769231 0.846154       1 0.812500       1     0.352564
    371   h0 0.587121       1       1 0.352564 0.113960 0.120879       1 0.182143       1     0.000519
    372   h0 1.000000       1       1 0.750000 1.000000 0.769231       1 0.812500       1     0.468750
    373   h0 1.000000       1       1 0.750000 1.000000 0.769231       1 0.812500       1     0.468750
    374   h0 1.000000       1       1 0.750000 1.000000 0.769231       1 0.812500       1     0.468750
    375   h0 0.875000       1       1 0.285256 0.222222 0.104396       1 0.232143       1     0.001344
    376   h0 0.818182       1       1 0.750000 0.923077 0.769231       1 0.812500       1     0.354021
    377   h0 0.818182       1       1 0.750000 0.923077 0.769231       1 0.812500       1     0.354021
    378   h0 0.818182       1       1 0.750000 0.923077 0.769231       1 0.812500       1     0.354021
    379   h0 0.681818       1       1 0.269231 0.170940 0.060440       1 0.233929       1     0.000444
    380   h0 0.727273       1       1 0.750000 0.769231 0.769231       1 0.875000       1     0.282410
    381   h0 0.727273       1       1 0.750000 0.769231 0.769231       1 0.875000       1     0.282410
    382   h0 0.727273       1       1 0.711538 0.769231 0.769231       1 0.875000       1     0.267927
    383   h0 0.386364       1       1 0.314103 0.598291 0.351648       1 0.125000       1     0.003192
    384   h0 0.784091       1       1 0.801282 0.740741 0.928571       1 0.812500       1     0.351121
    385   h0 0.818182       1       1 0.833333 0.769231 1.000000       1 0.812500       1     0.426136
    386   h0 0.818182       1       1 0.833333 0.769231 1.000000       1 0.726786       1     0.381181
    387   h0 0.818182       1       1 0.608974 0.455840 0.500000       1 0.305357       1     0.034677
    388   h0 0.696970       1       1 0.721154 0.814815 0.857143       1 0.812500       1     0.285218
    389   h0 0.727273       1       1 0.750000 0.846154 0.923077       1 0.812500       1     0.346154
    390   h0 0.636364       1       1 0.458333 0.846154 0.923077       1 0.533929       1     0.121635
    391   h0 0.363636       1       1 0.121795 0.501425 0.461538       1 0.000000       1     0.000000
    428   h0 0.871212       1       1 0.721154 0.740741 0.741758       1 0.812500       1     0.280481
    429   h0 0.909091       1       1 0.750000 0.769231 0.769231       1 0.812500       1     0.327797
    430   h0 0.909091       1       1 0.750000 0.769231 0.769231       1 0.812500       1     0.327797
    431   h0 0.909091       1       1 0.548077 0.675214 0.384615       1 0.441071       1     0.057072
    432   h0 0.151515       1       1 0.000000 0.398860 0.000000       1 0.000000       1     0.000000
    433   h0 0.871212       1       1 0.721154 0.740741 0.890110       1 0.812500       1     0.336577
    434   h0 0.909091       1       1 0.750000 0.769231 0.923077       1 0.812500       1     0.393357
    435   h0 0.909091       1       1 0.750000 0.769231 0.923077       1 0.812500       1     0.393357
    436   h0 0.909091       1       1 0.548077 0.769231 0.923077       1 0.441071       1     0.156046
    437   h0 0.151515       1       1 0.000000 0.569801 0.593407       1 0.000000       1     0.000000
    438   h0 0.696970       1       1 0.801282 0.740741 0.741758       1 0.875000       1     0.268495
    439   h0 0.727273       1       1 0.833333 0.769231 0.769231       1 0.875000       1     0.313789
    440   h0 0.727273       1       1 0.833333 0.769231 0.769231       1 0.875000       1     0.313789
    441   h0 0.727273       1       1 0.608974 0.769231 0.769231       1 0.475000       1     0.124481
    442   h0 0.121212       1       1 0.000000 0.569801 0.494505       1 0.000000       1     0.000000
    443   h0 0.958333       1       1 0.961538 0.740741 0.815934       1 0.812500       1     0.452510
    444   h0 1.000000       1       1 1.000000 0.769231 0.846154       1 0.812500       1     0.528846
    445   h0 1.000000       1       1 1.000000 0.769231 0.846154       1 0.812500       1     0.528846
    446   h0 1.000000       1       1 0.730769 0.643875 0.846154       1 0.441071       1     0.175606
    447   h0 0.166667       1       1 0.000000 0.341880 0.543956       1 0.000000       1     0.000000
    800   h1 0.000000       1       1 0.000000 0.076923 0.000000       1 0.000000       1     0.000000
    801   h1 0.000000       1       1 0.000000 0.076923 0.000000       1 0.000000       1     0.000000
    802   h1 0.000000       1       1 0.000000 0.000000 0.000000       1 0.000000       1     0.000000
    803   h1 0.916667       1       1 0.961538 0.923077 0.519231       1 0.625000       1     0.264032
    804   h1 1.000000       1       1 1.000000 0.923077 0.598901       1 0.625000       1     0.345520
    805   h1 0.750000       1       1 0.500000 0.376068 0.219780       1 0.392857       1     0.012176
    806   h1 0.750000       1       1 0.500000 1.000000 0.769231       1 0.375000       1     0.108173
    807   h1 0.818182       1       1 0.500000 1.000000 0.706044       1 0.375000       1     0.108314
    808   h1 0.613636       1       1 0.250000 0.407407 0.247253       1 0.235714       1     0.003643
    809   h1 0.916667       1       1 0.000000 0.000000 0.148352       1 0.000000       1     0.000000
    810   h1 1.000000       1       1 0.000000 0.000000 0.214286       1 0.000000       1     0.000000
    811   h1 0.750000       1       1 0.000000 0.000000 0.082418       1 0.000000       1     0.000000
    824   h1 0.666667       1       1 0.721154 1.000000 0.815934       1 0.812500       1     0.318724
    825   h1 0.727273       1       1 0.750000 0.923077 0.785714       1 0.812500       1     0.321429
    826   h1 0.681818       1       1 0.375000 0.923077 0.571429       1 0.510714       1     0.068878
    827   h1 0.545455       1       1 0.000000 0.512821 0.230769       1 0.000000       1     0.000000
    828   h1 0.666667       1       1 0.740385 0.769231 0.741758       1 0.875000       1     0.246430
    829   h1 0.727273       1       1 0.750000 0.769231 0.769231       1 0.875000       1     0.282410
    830   h1 0.727273       1       1 0.625000 0.769231 0.769231       1 0.550000       1     0.147929
    831   h1 0.727273       1       1 0.346154 0.427350 0.384615       1 0.000000       1     0.000000
    832   h1 0.689394       1       1 1.000000 0.769231 1.000000       1 0.812500       1     0.430871
    833   h1 0.727273       1       1 1.000000 0.769231 1.000000       1 0.812500       1     0.454545
    834   h1 0.727273       1       1 0.884615 0.769231 1.000000       1 0.651786       1     0.322562
    835   h1 0.545455       1       1 0.000000 0.615385 0.821429       1 0.100000       1     0.000000
    836   h1 0.727273       1       1 0.916667 0.769231 0.846154       1 0.812500       1     0.352564
    837   h1 0.727273       1       1 0.916667 0.769231 0.846154       1 0.812500       1     0.352564
    838   h1 0.727273       1       1 0.916667 0.769231 0.846154       1 0.812500       1     0.352564
    839   h1 0.587121       1       1 0.352564 0.113960 0.120879       1 0.142857       1     0.000407
    840   h1 1.000000       1       1 0.750000 1.000000 0.769231       1 0.812500       1     0.468750
    841   h1 1.000000       1       1 0.750000 1.000000 0.769231       1 0.812500       1     0.468750
    842   h1 1.000000       1       1 0.750000 1.000000 0.769231       1 0.812500       1     0.468750
    843   h1 0.833333       1       1 0.256410 0.185185 0.107143       1 0.225000       1     0.000954
    844   h1 0.818182       1       1 0.750000 0.923077 0.769231       1 0.812500       1     0.354021
    845   h1 0.818182       1       1 0.750000 0.923077 0.769231       1 0.812500       1     0.354021
    846   h1 0.818182       1       1 0.750000 0.923077 0.750000       1 0.812500       1     0.345170
    847   h1 0.681818       1       1 0.250000 0.170940 0.052198       1 0.216071       1     0.000329
    848   h1 0.712121       1       1 0.750000 0.769231 0.769231       1 0.812500       1     0.256774
    849   h1 0.727273       1       1 0.750000 0.769231 0.769231       1 0.812500       1     0.262238
    850   h1 0.727273       1       1 0.730769 0.769231 0.769231       1 0.812500       1     0.255514
    851   h1 0.439394       1       1 0.333333 0.569801 0.384615       1 0.116071       1     0.003726
    852   h1 0.666667       1       1 0.750000 0.769231 0.964286       1 0.812500       1     0.301339
    853   h1 0.727273       1       1 0.750000 0.769231 0.936813       1 0.812500       1     0.319368
    854   h1 0.727273       1       1 0.750000 0.769231 0.975275       1 0.742857       1     0.303982
    855   h1 0.727273       1       1 0.519231 0.427350 0.500000       1 0.339286       1     0.027376
    856   h1 0.666667       1       1 0.750000 0.846154 1.000000       1 0.812500       1     0.343750
    857   h1 0.727273       1       1 0.750000 0.846154 1.000000       1 0.812500       1     0.375000
    858   h1 0.636364       1       1 0.500000 0.846154 1.000000       1 0.510714       1     0.137500
    859   h1 0.363636       1       1 0.173077 0.470085 0.500000       1 0.000000       1     0.000000
    896   h1 0.916667       1       1 0.750000 0.769231 0.741758       1 0.812500       1     0.318724
    897   h1 1.000000       1       1 0.750000 0.769231 0.769231       1 0.812500       1     0.360577
    898   h1 1.000000       1       1 0.750000 0.769231 0.769231       1 0.812500       1     0.360577
    899   h1 1.000000       1       1 0.519231 0.666667 0.423077       1 0.441071       1     0.064595
    900   h1 0.166667       1       1 0.000000 0.378917 0.049451       1 0.000000       1     0.000000
    901   h1 0.833333       1       1 0.750000 0.769231 0.815934       1 0.812500       1     0.318724
    902   h1 0.909091       1       1 0.750000 0.769231 0.846154       1 0.812500       1     0.360577
    903   h1 0.909091       1       1 0.750000 0.769231 0.846154       1 0.812500       1     0.360577
    904   h1 0.909091       1       1 0.519231 0.769231 0.846154       1 0.437500       1     0.134416
    905   h1 0.151515       1       1 0.000000 0.541311 0.543956       1 0.000000       1     0.000000
    906   h1 0.666667       1       1 0.916667 0.769231 0.741758       1 0.875000       1     0.305104
    907   h1 0.727273       1       1 0.916667 0.769231 0.769231       1 0.875000       1     0.345168
    908   h1 0.727273       1       1 0.916667 0.769231 0.769231       1 0.875000       1     0.345168
    909   h1 0.727273       1       1 0.634615 0.769231 0.769231       1 0.475000       1     0.129722
    910   h1 0.121212       1       1 0.000000 0.541311 0.494505       1 0.000000       1     0.000000
    911   h1 0.958333       1       1 1.000000 0.769231 0.741758       1 0.812500       1     0.444282
    912   h1 1.000000       1       1 1.000000 0.769231 0.769231       1 0.812500       1     0.480769
    913   h1 1.000000       1       1 1.000000 0.769231 0.769231       1 0.812500       1     0.480769
    914   h1 1.000000       1       1 0.692308 0.632479 0.769231       1 0.419643       1     0.141345
    915   h1 0.166667       1       1 0.000000 0.324786 0.494505       1 0.000000       1     0.000000