 ChipID Half   Layer0   Layer1   Layer2   Layer3   Layer4  Layer5  Layer6  Layer7  Layer8  Pseaudo_Eff
    344   h0 0.434783 0.871212 0.000000 0.480000 0.641026       1       1       1       1     0.000000
    345   h0 0.454545 0.965909 0.000000 0.500000 0.666667       1       1       1       1     0.000000
    346   h0 0.355731 0.708333 0.000000 0.280000 0.307692       1       1       1       1     0.000000
    347   h0 0.695652 0.784091 0.960000 0.720000 0.721154       1       1       1       1     0.271888
    348   h0 0.727273 0.818182 1.000000 0.750000 0.750000       1       1       1       1     0.334711
    349   h0 0.569170 0.579545 0.640000 0.420000 0.570513       1       1       1       1     0.050585
    350   h0 0.695652 0.958333 0.610909 0.240000 0.801282       1       1       1       1     0.078322
    351   h0 0.727273 1.000000 0.636364 0.250000 0.833333       1       1       1       1     0.096419
    352   h0 0.600791 0.708333 0.407273 0.140000 0.352564       1       1       1       1     0.008555
    353   h0 0.956522 0.000000 0.436364 0.000000 0.000000       1       1       1       1     0.000000
    354   h0 1.000000 0.000000 0.454545 0.000000 0.000000       1       1       1       1     0.000000
    355   h0 0.826087 0.000000 0.290909 0.000000 0.000000       1       1       1       1     0.000000
    392   h0 0.956522 0.696970 0.698182 0.800000 0.721154       1       1       1       1     0.268531
    393   h0 1.000000 0.727273 0.727273 0.833333 0.750000       1       1       1       1     0.330579
    394   h0 1.000000 0.647727 0.727273 0.448718 0.750000       1       1       1       1     0.158535
    395   h0 1.000000 0.454545 0.669091 0.000000 0.490385       1       1       1       1     0.000000
    396   h0 0.695652 0.696970 0.698182 0.960000 0.801282       1       1       1       1     0.260394
    397   h0 0.727273 0.727273 0.727273 1.000000 0.833333       1       1       1       1     0.320561
    398   h0 0.727273 0.727273 0.727273 1.000000 0.833333       1       1       1       1     0.320561
    399   h0 0.727273 0.727273 0.669091 0.769231 0.544872       1       1       1       1     0.148331
    400   h0 0.909091 0.727273 0.818182 0.750000 0.750000       1       1       1       1     0.304282
    401   h0 0.909091 0.727273 0.818182 0.750000 0.750000       1       1       1       1     0.304282
    402   h0 0.909091 0.727273 0.818182 0.680000 0.750000       1       1       1       1     0.275883
    403   h0 0.909091 0.454545 0.654545 0.115385 0.384615       1       1       1       1     0.012003
    404   h0 0.727273 0.818182 0.727273 0.833333 0.750000       1       1       1       1     0.270473
    405   h0 0.727273 0.818182 0.727273 0.833333 0.750000       1       1       1       1     0.270473
    406   h0 0.727273 0.818182 0.727273 0.833333 0.750000       1       1       1       1     0.270473
    407   h0 0.703557 0.681818 0.461818 0.384615 0.221154       1       1       1       1     0.018843
    408   h0 0.727273 1.000000 0.727273 1.000000 0.750000       1       1       1       1     0.396694
    409   h0 0.727273 1.000000 0.727273 1.000000 0.750000       1       1       1       1     0.396694
    410   h0 0.727273 1.000000 0.727273 1.000000 0.750000       1       1       1       1     0.396694
    411   h0 0.723320 0.875000 0.490909 0.461538 0.224359       1       1       1       1     0.032173
    412   h0 1.000000 0.727273 1.000000 0.750000 0.833333       1       1       1       1     0.454545
    413   h0 1.000000 0.727273 1.000000 0.750000 0.833333       1       1       1       1     0.454545
    414   h0 1.000000 0.727273 1.000000 0.750000 0.833333       1       1       1       1     0.454545
    415   h0 1.000000 0.587121 0.680000 0.317308 0.288462       1       1       1       1     0.036543
    416   h0 0.727273 0.689394 0.909091 0.750000 1.000000       1       1       1       1     0.341848
    417   h0 0.727273 0.727273 0.909091 0.750000 1.000000       1       1       1       1     0.360631
    418   h0 0.727273 0.727273 0.909091 0.730769 1.000000       1       1       1       1     0.351384
    419   h0 0.316206 0.545455 0.181818 0.201923 1.000000       1       1       1       1     0.006332
    420   h0 0.956522 0.696970 0.872727 0.960000 0.721154       1       1       1       1     0.402797
    421   h0 1.000000 0.727273 0.909091 1.000000 0.750000       1       1       1       1     0.495868
    422   h0 1.000000 0.727273 0.909091 1.000000 0.750000       1       1       1       1     0.495868
    423   h0 1.000000 0.727273 0.836364 0.800000 0.490385       1       1       1       1     0.238627
    424   h0 0.695652 0.696970 0.960000 0.720000 0.721154       1       1       1       1     0.241678
    425   h0 0.727273 0.727273 1.000000 0.750000 0.750000       1       1       1       1     0.297521
    426   h0 0.632411 0.674242 0.640000 0.420000 0.653846       1       1       1       1     0.074941
    427   h0 0.181818 0.545455 0.000000 0.000000 0.381410       1       1       1       1     0.000000
    448   h0 0.695652 0.958333 0.698182 0.720000 0.961538       1       1       1       1     0.322238
    449   h0 0.727273 1.000000 0.727273 0.750000 1.000000       1       1       1       1     0.396694
    450   h0 0.727273 1.000000 0.727273 0.750000 1.000000       1       1       1       1     0.396694
    451   h0 0.727273 1.000000 0.669091 0.576923 1.000000       1       1       1       1     0.280737
    452   h0 0.189723 0.166667 0.000000 0.000000 0.846154       1       1       1       1     0.000000
    453   h0 0.869565 0.696970 0.960000 0.720000 0.801282       1       1       1       1     0.335664
    454   h0 0.909091 0.727273 1.000000 0.750000 0.833333       1       1       1       1     0.413223
    455   h0 0.909091 0.727273 1.000000 0.750000 0.833333       1       1       1       1     0.413223
    456   h0 0.909091 0.727273 0.920000 0.600000 0.833333       1       1       1       1     0.304132
    457   h0 0.237154 0.121212 0.000000 0.000000 0.705128       1       1       1       1     0.000000
    458   h0 0.695652 0.784091 0.698182 0.720000 0.801282       1       1       1       1     0.219708
    459   h0 0.727273 0.909091 0.727273 0.750000 0.833333       1       1       1       1     0.300526
    460   h0 0.727273 0.909091 0.727273 0.750000 0.833333       1       1       1       1     0.300526
    461   h0 0.727273 0.909091 0.669091 0.600000 0.833333       1       1       1       1     0.221187
    462   h0 0.189723 0.151515 0.000000 0.000000 0.705128       1       1       1       1     0.000000
    463   h0 0.782609 0.958333 0.698182 0.800000 0.721154       1       1       1       1     0.302098
    464   h0 0.818182 1.000000 0.727273 0.833333 0.750000       1       1       1       1     0.371901
    465   h0 0.818182 1.000000 0.727273 0.833333 0.750000       1       1       1       1     0.371901
    466   h0 0.818182 1.000000 0.669091 0.666667 0.548077       1       1       1       1     0.200025
    467   h0 0.213439 0.166667 0.000000 0.000000 0.141026       1       1       1       1     0.000000
    812   h1 0.434783 0.916667 0.000000 0.400000 0.583333       1       1       1       1     0.000000
    813   h1 0.363636 1.000000 0.000000 0.416667 0.583333       1       1       1       1     0.000000
    814   h1 0.300395 0.750000 0.000000 0.216667 0.269231       1       1       1       1     0.000000
    815   h1 0.695652 0.750000 0.960000 0.720000 0.750000       1       1       1       1     0.270470
    816   h1 0.727273 0.818182 1.000000 0.750000 0.750000       1       1       1       1     0.334711
    817   h1 0.600791 0.613636 0.600000 0.420000 0.525641       1       1       1       1     0.048834
    818   h1 0.695652 0.916667 0.727273 0.333333 0.916667       1       1       1       1     0.141707
    819   h1 0.727273 1.000000 0.727273 0.333333 0.916667       1       1       1       1     0.161616
    820   h1 0.600791 0.750000 0.465455 0.173333 0.423077       1       1       1       1     0.015380
    821   h1 0.956522 0.000000 0.436364 0.000000 0.000000       1       1       1       1     0.000000
    822   h1 1.000000 0.000000 0.454545 0.000000 0.000000       1       1       1       1     0.000000
    823   h1 0.826087 0.000000 0.290909 0.000000 0.000000       1       1       1       1     0.000000
    860   h1 0.956522 0.666667 0.672727 0.880000 0.750000       1       1       1       1     0.283130
    861   h1 1.000000 0.727273 0.727273 0.916667 0.750000       1       1       1       1     0.363636
    862   h1 1.000000 0.636364 0.690909 0.476667 0.750000       1       1       1       1     0.157182
    863   h1 1.000000 0.363636 0.585455 0.000000 0.461538       1       1       1       1     0.000000
    864   h1 0.695652 0.666667 0.669091 1.000000 0.916667       1       1       1       1     0.284444
    865   h1 0.727273 0.727273 0.727273 1.000000 0.916667       1       1       1       1     0.352617
    866   h1 0.727273 0.727273 0.727273 1.000000 0.916667       1       1       1       1     0.352617
    867   h1 0.727273 0.727273 0.669091 0.769231 0.564103       1       1       1       1     0.153566
    868   h1 0.909091 0.715909 0.727273 0.750000 0.750000       1       1       1       1     0.266247
    869   h1 0.909091 0.727273 0.727273 0.750000 0.750000       1       1       1       1     0.270473
    870   h1 0.909091 0.727273 0.727273 0.660256 0.750000       1       1       1       1     0.238109
    871   h1 0.909091 0.367424 0.581818 0.115385 0.394231       1       1       1       1     0.008840
    872   h1 0.727273 0.818182 0.727273 0.916667 0.750000       1       1       1       1     0.297521
    873   h1 0.727273 0.818182 0.727273 0.916667 0.750000       1       1       1       1     0.297521
    874   h1 0.727273 0.818182 0.727273 0.916667 0.750000       1       1       1       1     0.297521
    875   h1 0.660079 0.681818 0.450909 0.423077 0.182692       1       1       1       1     0.015685
    876   h1 0.727273 1.000000 0.727273 1.000000 0.750000       1       1       1       1     0.396694
    877   h1 0.727273 1.000000 0.727273 1.000000 0.750000       1       1       1       1     0.396694
    878   h1 0.727273 1.000000 0.727273 1.000000 0.750000       1       1       1       1     0.396694
    879   h1 0.695652 0.833333 0.465455 0.461538 0.198718       1       1       1       1     0.024748
    880   h1 1.000000 0.727273 1.000000 0.750000 0.916667       1       1       1       1     0.500000
    881   h1 1.000000 0.727273 1.000000 0.750000 0.916667       1       1       1       1     0.500000
    882   h1 1.000000 0.727273 1.000000 0.750000 0.916667       1       1       1       1     0.500000
    883   h1 0.956522 0.587121 0.680000 0.288462 0.271605       1       1       1       1     0.029920
    884   h1 0.727273 0.681818 0.818182 0.750000 1.000000       1       1       1       1     0.304282
    885   h1 0.727273 0.727273 0.818182 0.750000 1.000000       1       1       1       1     0.324568
    886   h1 0.727273 0.727273 0.818182 0.733974 1.000000       1       1       1       1     0.317633
    887   h1 0.284585 0.606061 0.130909 0.259615 1.000000       1       1       1       1     0.005862
    888   h1 0.869565 0.666667 0.960000 1.000000 0.750000       1       1       1       1     0.417391
    889   h1 0.909091 0.727273 1.000000 1.000000 0.750000       1       1       1       1     0.495868
    890   h1 1.000000 0.727273 1.000000 1.000000 0.750000       1       1       1       1     0.545455
    891   h1 1.000000 0.727273 0.920000 0.769231 0.461538       1       1       1       1     0.237547
    892   h1 0.695652 0.666667 0.909091 0.750000 0.750000       1       1       1       1     0.237154
    893   h1 0.727273 0.727273 0.909091 0.750000 0.750000       1       1       1       1     0.270473
    894   h1 0.632411 0.704545 0.640000 0.390000 0.701923       1       1       1       1     0.078063
    895   h1 0.181818 0.636364 0.000000 0.000000 0.410256       1       1       1       1     0.000000
    916   h1 0.695652 0.916667 0.752727 0.750000 1.000000       1       1       1       1     0.360000
    917   h1 0.727273 1.000000 0.818182 0.750000 1.000000       1       1       1       1     0.446281
    918   h1 0.727273 1.000000 0.818182 0.750000 1.000000       1       1       1       1     0.446281
    919   h1 0.727273 1.000000 0.752727 0.570000 1.000000       1       1       1       1     0.312040
    920   h1 0.158103 0.166667 0.000000 0.000000 0.807692       1       1       1       1     0.000000
    921   h1 0.869565 0.666667 0.960000 0.733333 0.750000       1       1       1       1     0.306087
    922   h1 0.909091 0.727273 1.000000 0.750000 0.750000       1       1       1       1     0.371901
    923   h1 0.909091 0.727273 1.000000 0.750000 0.750000       1       1       1       1     0.371901
    924   h1 0.909091 0.727273 0.920000 0.576923 0.750000       1       1       1       1     0.263191
    925   h1 0.197628 0.121212 0.000000 0.000000 0.605769       1       1       1       1     0.000000
    926   h1 0.707510 0.833333 0.698182 0.721154 0.750000       1       1       1       1     0.222643
    927   h1 0.727273 0.909091 0.727273 0.750000 0.750000       1       1       1       1     0.270473
    928   h1 0.727273 0.909091 0.727273 0.750000 0.750000       1       1       1       1     0.270473
    929   h1 0.727273 0.909091 0.669091 0.576923 0.750000       1       1       1       1     0.191412
    930   h1 0.158103 0.151515 0.000000 0.000000 0.611111       1       1       1       1     0.000000
    931   h1 0.909091 0.833333 0.698182 0.881410 0.750000       1       1       1       1     0.349650
    932   h1 0.909091 0.909091 0.727273 0.916667 0.750000       1       1       1       1     0.413223
    933   h1 0.909091 0.909091 0.727273 0.916667 0.750000       1       1       1       1     0.413223
    934   h1 0.909091 0.909091 0.669091 0.705128 0.525641       1       1       1       1     0.204954
    935   h1 0.197628 0.151515 0.000000 0.000000 0.134615       1       1       1       1     0.000000