 ChipID Half  Layer0  Layer1   Layer2  Layer3   Layer4   Layer5   Layer6  Layer7   Layer8  Pseaudo_Eff
    344   h0       1       1 0.000000       1 0.641026 0.000000 0.000000       1 0.000000     0.000000
    345   h0       1       1 0.000000       1 0.666667 0.000000 0.000000       1 0.000000     0.000000
    346   h0       1       1 0.000000       1 0.307692 0.000000 0.000000       1 0.000000     0.000000
    347   h0       1       1 0.960000       1 0.721154 0.962963 0.800000       1 0.764706     0.407843
    348   h0       1       1 1.000000       1 0.750000 1.000000 0.800000       1 0.823529     0.494118
    349   h0       1       1 0.640000       1 0.570513 0.407407 0.635294       1 0.390093     0.036865
    350   h0       1       1 0.610909       1 0.801282 0.888889 0.866667       1 0.058824     0.022183
    351   h0       1       1 0.636364       1 0.833333 0.923077 0.866667       1 0.058824     0.024955
    352   h0       1       1 0.407273       1 0.352564 0.376068 0.688235       1 0.027864     0.001036
    353   h0       1       1 0.436364       1 0.000000 0.074074 0.000000       1 0.000000     0.000000
    354   h0       1       1 0.454545       1 0.000000 0.076923 0.000000       1 0.000000     0.000000
    355   h0       1       1 0.290909       1 0.000000 0.031339 0.000000       1 0.000000     0.000000
    392   h0       1       1 0.698182       1 0.721154 0.814815 0.933333       1 0.823529     0.315334
    393   h0       1       1 0.727273       1 0.750000 0.846154 0.933333       1 0.823529     0.354751
    394   h0       1       1 0.727273       1 0.750000 0.846154 0.741176       1 0.390093     0.133444
    395   h0       1       1 0.669091       1 0.490385 0.501425 0.000000       1 0.000000     0.000000
    396   h0       1       1 0.698182       1 0.801282 0.740741 0.933333       1 0.882353     0.341271
    397   h0       1       1 0.727273       1 0.833333 0.769231 0.933333       1 0.860681     0.374500
    398   h0       1       1 0.727273       1 0.833333 0.769231 0.933333       1 0.823529     0.358334
    399   h0       1       1 0.669091       1 0.544872 0.455840 0.658824       1 0.238390     0.026101
    400   h0       1       1 0.818182       1 0.750000 0.769231 0.800000       1 0.823529     0.310983
    401   h0       1       1 0.818182       1 0.750000 0.769231 0.800000       1 0.823529     0.310983
    402   h0       1       1 0.818182       1 0.750000 0.769231 0.800000       1 0.823529     0.310983
    403   h0       1       1 0.654545       1 0.384615 0.598291 0.333333       1 0.043344     0.002176
    404   h0       1       1 0.727273       1 0.750000 0.846154 0.800000       1 0.823529     0.304072
    405   h0       1       1 0.727273       1 0.750000 0.846154 0.800000       1 0.823529     0.304072
    406   h0       1       1 0.727273       1 0.750000 0.846154 0.800000       1 0.823529     0.304072
    407   h0       1       1 0.461818       1 0.221154 0.188034 0.405882       1 0.068111     0.000531
    408   h0       1       1 0.727273       1 0.750000 1.000000 0.800000       1 0.823529     0.359358
    409   h0       1       1 0.727273       1 0.750000 1.000000 0.800000       1 0.823529     0.359358
    410   h0       1       1 0.727273       1 0.750000 1.000000 0.800000       1 0.823529     0.359358
    411   h0       1       1 0.490909       1 0.224359 0.222222 0.423529       1 0.065015     0.000674
    412   h0       1       1 1.000000       1 0.833333 0.769231 0.800000       1 0.823529     0.422323
    413   h0       1       1 1.000000       1 0.833333 0.769231 0.800000       1 0.823529     0.422323
    414   h0       1       1 1.000000       1 0.833333 0.769231 0.800000       1 0.767802     0.393745
    415   h0       1       1 0.680000       1 0.288462 0.142450 0.358824       1 0.038700     0.000388
    416   h0       1       1 0.909091       1 1.000000 0.769231 0.800000       1 0.823529     0.460716
    417   h0       1       1 0.909091       1 1.000000 0.769231 0.800000       1 0.823529     0.460716
    418   h0       1       1 0.909091       1 1.000000 0.769231 0.758824       1 0.823529     0.437002
    419   h0       1       1 0.181818       1 1.000000 0.643875 0.205882       1 0.255418     0.006156
    420   h0       1       1 0.872727       1 0.721154 0.712251 0.800000       1 0.823529     0.295331
    421   h0       1       1 0.909091       1 0.750000 0.769231 0.800000       1 0.823529     0.345537
    422   h0       1       1 0.909091       1 0.750000 0.769231 0.662745       1 0.606811     0.210924
    423   h0       1       1 0.836364       1 0.490385 0.455840 0.094118       1 0.119195     0.002097
    424   h0       1       1 0.960000       1 0.721154 0.925926 0.800000       1 0.823529     0.422323
    425   h0       1       1 1.000000       1 0.750000 1.000000 0.800000       1 0.823529     0.494118
    426   h0       1       1 0.640000       1 0.653846 1.000000 0.635294       1 0.390093     0.103705
    427   h0       1       1 0.000000       1 0.381410 0.592593 0.000000       1 0.000000     0.000000
    448   h0       1       1 0.698182       1 0.961538 0.740741 0.866667       1 0.823529     0.354922
    449   h0       1       1 0.727273       1 1.000000 0.769231 0.866667       1 0.823529     0.399287
    450   h0       1       1 0.727273       1 1.000000 0.769231 0.866667       1 0.823529     0.399287
    451   h0       1       1 0.669091       1 1.000000 0.643875 0.611765       1 0.572755     0.150952
    452   h0       1       1 0.000000       1 0.846154 0.341880 0.000000       1 0.061920     0.000000
    453   h0       1       1 0.960000       1 0.801282 0.740741 0.800000       1 0.823529     0.375398
    454   h0       1       1 1.000000       1 0.833333 0.769231 0.800000       1 0.823529     0.422323
    455   h0       1       1 1.000000       1 0.833333 0.769231 0.800000       1 0.823529     0.422323
    456   h0       1       1 0.920000       1 0.833333 0.769231 0.564706       1 0.823529     0.274261
    457   h0       1       1 0.000000       1 0.705128 0.569801 0.000000       1 0.108359     0.000000
    458   h0       1       1 0.698182       1 0.801282 0.769231 0.800000       1 0.823529     0.283517
    459   h0       1       1 0.727273       1 0.833333 0.769231 0.800000       1 0.823529     0.307144
    460   h0       1       1 0.727273       1 0.833333 0.769231 0.800000       1 0.823529     0.307144
    461   h0       1       1 0.669091       1 0.833333 0.769231 0.564706       1 0.823529     0.199463
    462   h0       1       1 0.000000       1 0.705128 0.569801 0.000000       1 0.108359     0.000000
    463   h0       1       1 0.698182       1 0.721154 0.732194 0.800000       1 0.823529     0.242880
    464   h0       1       1 0.727273       1 0.750000 0.769231 0.800000       1 0.823529     0.276429
    465   h0       1       1 0.727273       1 0.750000 0.769231 0.800000       1 0.856037     0.287341
    466   h0       1       1 0.669091       1 0.548077 0.675214 0.564706       1 0.255418     0.035714
    467   h0       1       1 0.000000       1 0.141026 0.398860 0.000000       1 0.000000     0.000000
    812   h1       1       1 0.000000       1 0.583333 0.000000 0.000000       1 0.000000     0.000000
    813   h1       1       1 0.000000       1 0.583333 0.059829 0.000000       1 0.000000     0.000000
    814   h1       1       1 0.000000       1 0.269231 0.031339 0.000000       1 0.000000     0.000000
    815   h1       1       1 0.960000       1 0.750000 1.000000 0.733333       1 0.764706     0.403765
    816   h1       1       1 1.000000       1 0.750000 0.940171 0.733333       1 0.764706     0.395425
    817   h1       1       1 0.600000       1 0.525641 0.376068 0.635294       1 0.342105     0.025778
    818   h1       1       1 0.727273       1 0.916667 1.000000 0.800000       1 0.106811     0.056966
    819   h1       1       1 0.727273       1 0.916667 0.940171 0.800000       1 0.058824     0.029496
    820   h1       1       1 0.465455       1 0.423077 0.376068 0.611765       1 0.026316     0.001192
    821   h1       1       1 0.436364       1 0.000000 0.000000 0.000000       1 0.000000     0.000000
    822   h1       1       1 0.454545       1 0.000000 0.059829 0.000000       1 0.000000     0.000000
    823   h1       1       1 0.290909       1 0.000000 0.031339 0.000000       1 0.000000     0.000000
    860   h1       1       1 0.672727       1 0.750000 0.923077 0.866667       1 0.823529     0.332406
    861   h1       1       1 0.727273       1 0.750000 0.923077 0.866667       1 0.823529     0.359358
    862   h1       1       1 0.690909       1 0.750000 0.923077 0.662745       1 0.368421     0.116791
    863   h1       1       1 0.585455       1 0.461538 0.512821 0.000000       1 0.000000     0.000000
    864   h1       1       1 0.669091       1 0.916667 0.769231 0.933333       1 0.823529     0.362634
    865   h1       1       1 0.727273       1 0.916667 0.769231 0.933333       1 0.823529     0.394168
    866   h1       1       1 0.727273       1 0.916667 0.769231 0.933333       1 0.823529     0.394168
    867   h1       1       1 0.669091       1 0.564103 0.427350 0.658824       1 0.216718     0.023030
    868   h1       1       1 0.727273       1 0.750000 0.769231 0.800000       1 0.823529     0.276429
    869   h1       1       1 0.727273       1 0.750000 0.769231 0.800000       1 0.823529     0.276429
    870   h1       1       1 0.727273       1 0.750000 0.769231 0.800000       1 0.823529     0.276429
    871   h1       1       1 0.581818       1 0.394231 0.569801 0.329412       1 0.021672     0.000933
    872   h1       1       1 0.727273       1 0.750000 0.846154 0.800000       1 0.823529     0.304072
    873   h1       1       1 0.727273       1 0.750000 0.846154 0.800000       1 0.823529     0.304072
    874   h1       1       1 0.727273       1 0.750000 0.846154 0.800000       1 0.823529     0.304072
    875   h1       1       1 0.450909       1 0.182692 0.156695 0.403922       1 0.044892     0.000234
    876   h1       1       1 0.727273       1 0.750000 1.000000 0.800000       1 0.823529     0.359358
    877   h1       1       1 0.727273       1 0.750000 1.000000 0.800000       1 0.823529     0.359358
    878   h1       1       1 0.727273       1 0.750000 1.000000 0.800000       1 0.823529     0.359358
    879   h1       1       1 0.465455       1 0.198718 0.222222 0.400000       1 0.043344     0.000356
    880   h1       1       1 1.000000       1 0.916667 0.846154 0.800000       1 0.823529     0.511011
    881   h1       1       1 1.000000       1 0.916667 0.846154 0.800000       1 0.823529     0.511011
    882   h1       1       1 1.000000       1 0.916667 0.846154 0.800000       1 0.773994     0.480273
    883   h1       1       1 0.680000       1 0.271605 0.125356 0.376471       1 0.037152     0.000324
    884   h1       1       1 0.818182       1 1.000000 0.769231 0.800000       1 0.823529     0.414644
    885   h1       1       1 0.818182       1 1.000000 0.769231 0.800000       1 0.823529     0.414644
    886   h1       1       1 0.818182       1 1.000000 0.769231 0.752941       1 0.823529     0.390253
    887   h1       1       1 0.130909       1 1.000000 0.678063 0.247059       1 0.253870     0.005567
    888   h1       1       1 0.960000       1 0.750000 0.846154 0.800000       1 0.823529     0.401376
    889   h1       1       1 1.000000       1 0.750000 0.786325 0.800000       1 0.801858     0.378312
    890   h1       1       1 1.000000       1 0.750000 0.817664 0.658824       1 0.602167     0.243289
    891   h1       1       1 0.920000       1 0.461538 0.470085 0.141176       1 0.123839     0.003490
    892   h1       1       1 0.909091       1 0.750000 0.923077 0.800000       1 0.837461     0.421659
    893   h1       1       1 0.909091       1 0.750000 0.923077 0.800000       1 0.882353     0.444262
    894   h1       1       1 0.640000       1 0.701923 0.923077 0.611765       1 0.394737     0.100138
    895   h1       1       1 0.000000       1 0.410256 0.512821 0.000000       1 0.000000     0.000000
    916   h1       1       1 0.752727       1 1.000000 0.769231 0.933333       1 0.823529     0.445051
    917   h1       1       1 0.818182       1 1.000000 0.769231 0.933333       1 0.823529     0.483752
    918   h1       1       1 0.818182       1 1.000000 0.769231 0.933333       1 0.823529     0.483752
    919   h1       1       1 0.752727       1 1.000000 0.666667 0.658824       1 0.530960     0.175540
    920   h1       1       1 0.000000       1 0.807692 0.398860 0.000000       1 0.054180     0.000000
    921   h1       1       1 0.960000       1 0.750000 0.769231 0.866667       1 0.823529     0.395294
    922   h1       1       1 1.000000       1 0.750000 0.769231 0.866667       1 0.823529     0.411765
    923   h1       1       1 1.000000       1 0.750000 0.769231 0.866667       1 0.823529     0.411765
    924   h1       1       1 0.920000       1 0.750000 0.769231 0.637255       1 0.823529     0.278547
    925   h1       1       1 0.000000       1 0.605769 0.569801 0.000000       1 0.108359     0.000000
    926   h1       1       1 0.698182       1 0.750000 0.769231 0.800000       1 0.823529     0.265372
    927   h1       1       1 0.727273       1 0.750000 0.769231 0.800000       1 0.823529     0.276429
    928   h1       1       1 0.727273       1 0.750000 0.769231 0.800000       1 0.823529     0.276429
    929   h1       1       1 0.669091       1 0.750000 0.769231 0.564706       1 0.823529     0.179517
    930   h1       1       1 0.000000       1 0.611111 0.569801 0.000000       1 0.108359     0.000000
    931   h1       1       1 0.698182       1 0.750000 0.692308 0.800000       1 0.823529     0.238835
    932   h1       1       1 0.727273       1 0.750000 0.754986 0.800000       1 0.825077     0.271820
    933   h1       1       1 0.727273       1 0.750000 0.723647 0.800000       1 0.823529     0.260048
    934   h1       1       1 0.669091       1 0.525641 0.589744 0.564706       1 0.235294     0.027559
    935   h1       1       1 0.000000       1 0.134615 0.341880 0.000000       1 0.000000     0.000000