 ChipID Half   Layer0  Layer1  Layer2   Layer3   Layer4  Layer5   Layer6  Layer7   Layer8  Pseaudo_Eff
    344   h0 0.434783       1       1 0.480000 0.641026       1 0.000000       1 0.000000     0.000000
    345   h0 0.454545       1       1 0.500000 0.666667       1 0.000000       1 0.000000     0.000000
    346   h0 0.355731       1       1 0.280000 0.307692       1 0.000000       1 0.000000     0.000000
    347   h0 0.695652       1       1 0.720000 0.721154       1 0.800000       1 0.764706     0.220972
    348   h0 0.727273       1       1 0.750000 0.750000       1 0.800000       1 0.823529     0.269519
    349   h0 0.569170       1       1 0.420000 0.570513       1 0.635294       1 0.390093     0.033799
    350   h0 0.695652       1       1 0.240000 0.801282       1 0.866667       1 0.058824     0.006820
    351   h0 0.727273       1       1 0.250000 0.833333       1 0.866667       1 0.058824     0.007724
    352   h0 0.600791       1       1 0.140000 0.352564       1 0.688235       1 0.027864     0.000569
    353   h0 0.956522       1       1 0.000000 0.000000       1 0.000000       1 0.000000     0.000000
    354   h0 1.000000       1       1 0.000000 0.000000       1 0.000000       1 0.000000     0.000000
    355   h0 0.826087       1       1 0.000000 0.000000       1 0.000000       1 0.000000     0.000000
    392   h0 0.956522       1       1 0.800000 0.721154       1 0.933333       1 0.823529     0.424159
    393   h0 1.000000       1       1 0.833333 0.750000       1 0.933333       1 0.823529     0.480392
    394   h0 1.000000       1       1 0.448718 0.750000       1 0.741176       1 0.390093     0.097303
    395   h0 1.000000       1       1 0.000000 0.490385       1 0.000000       1 0.000000     0.000000
    396   h0 0.695652       1       1 0.960000 0.801282       1 0.933333       1 0.882353     0.440685
    397   h0 0.727273       1       1 1.000000 0.833333       1 0.933333       1 0.860681     0.486850
    398   h0 0.727273       1       1 1.000000 0.833333       1 0.933333       1 0.823529     0.465835
    399   h0 0.727273       1       1 0.769231 0.544872       1 0.658824       1 0.238390     0.047875
    400   h0 0.909091       1       1 0.750000 0.750000       1 0.800000       1 0.823529     0.336898
    401   h0 0.909091       1       1 0.750000 0.750000       1 0.800000       1 0.823529     0.336898
    402   h0 0.909091       1       1 0.680000 0.750000       1 0.800000       1 0.823529     0.305455
    403   h0 0.909091       1       1 0.115385 0.384615       1 0.333333       1 0.043344     0.000583
    404   h0 0.727273       1       1 0.833333 0.750000       1 0.800000       1 0.823529     0.299465
    405   h0 0.727273       1       1 0.833333 0.750000       1 0.800000       1 0.823529     0.299465
    406   h0 0.727273       1       1 0.833333 0.750000       1 0.800000       1 0.823529     0.299465
    407   h0 0.703557       1       1 0.384615 0.221154       1 0.405882       1 0.068111     0.001654
    408   h0 0.727273       1       1 1.000000 0.750000       1 0.800000       1 0.823529     0.359358
    409   h0 0.727273       1       1 1.000000 0.750000       1 0.800000       1 0.823529     0.359358
    410   h0 0.727273       1       1 1.000000 0.750000       1 0.800000       1 0.823529     0.359358
    411   h0 0.723320       1       1 0.461538 0.224359       1 0.423529       1 0.065015     0.002062
    412   h0 1.000000       1       1 0.750000 0.833333       1 0.800000       1 0.823529     0.411765
    413   h0 1.000000       1       1 0.750000 0.833333       1 0.800000       1 0.823529     0.411765
    414   h0 1.000000       1       1 0.750000 0.833333       1 0.800000       1 0.767802     0.383901
    415   h0 1.000000       1       1 0.317308 0.288462       1 0.358824       1 0.038700     0.001271
    416   h0 0.727273       1       1 0.750000 1.000000       1 0.800000       1 0.823529     0.359358
    417   h0 0.727273       1       1 0.750000 1.000000       1 0.800000       1 0.823529     0.359358
    418   h0 0.727273       1       1 0.730769 1.000000       1 0.758824       1 0.823529     0.332122
    419   h0 0.316206       1       1 0.201923 1.000000       1 0.205882       1 0.255418     0.003358
    420   h0 0.956522       1       1 0.960000 0.721154       1 0.800000       1 0.823529     0.436278
    421   h0 1.000000       1       1 1.000000 0.750000       1 0.800000       1 0.823529     0.494118
    422   h0 1.000000       1       1 1.000000 0.750000       1 0.662745       1 0.606811     0.301621
    423   h0 1.000000       1       1 0.800000 0.490385       1 0.094118       1 0.119195     0.004401
    424   h0 0.695652       1       1 0.720000 0.721154       1 0.800000       1 0.823529     0.237970
    425   h0 0.727273       1       1 0.750000 0.750000       1 0.800000       1 0.823529     0.269519
    426   h0 0.632411       1       1 0.420000 0.653846       1 0.635294       1 0.390093     0.043039
    427   h0 0.181818       1       1 0.000000 0.381410       1 0.000000       1 0.000000     0.000000
    448   h0 0.695652       1       1 0.720000 0.961538       1 0.866667       1 0.823529     0.343734
    449   h0 0.727273       1       1 0.750000 1.000000       1 0.866667       1 0.823529     0.389305
    450   h0 0.727273       1       1 0.750000 1.000000       1 0.866667       1 0.823529     0.389305
    451   h0 0.727273       1       1 0.576923 1.000000       1 0.611765       1 0.572755     0.147017
    452   h0 0.189723       1       1 0.000000 0.846154       1 0.000000       1 0.061920     0.000000
    453   h0 0.869565       1       1 0.720000 0.801282       1 0.800000       1 0.823529     0.330513
    454   h0 0.909091       1       1 0.750000 0.833333       1 0.800000       1 0.823529     0.374332
    455   h0 0.909091       1       1 0.750000 0.833333       1 0.800000       1 0.823529     0.374332
    456   h0 0.909091       1       1 0.600000 0.833333       1 0.564706       1 0.823529     0.211387
    457   h0 0.237154       1       1 0.000000 0.705128       1 0.000000       1 0.108359     0.000000
    458   h0 0.695652       1       1 0.720000 0.801282       1 0.800000       1 0.823529     0.264411
    459   h0 0.727273       1       1 0.750000 0.833333       1 0.800000       1 0.823529     0.299465
    460   h0 0.727273       1       1 0.750000 0.833333       1 0.800000       1 0.823529     0.299465
    461   h0 0.727273       1       1 0.600000 0.833333       1 0.564706       1 0.823529     0.169110
    462   h0 0.189723       1       1 0.000000 0.705128       1 0.000000       1 0.108359     0.000000
    463   h0 0.782609       1       1 0.800000 0.721154       1 0.800000       1 0.823529     0.297462
    464   h0 0.818182       1       1 0.833333 0.750000       1 0.800000       1 0.823529     0.336898
    465   h0 0.818182       1       1 0.833333 0.750000       1 0.800000       1 0.856037     0.350197
    466   h0 0.818182       1       1 0.666667 0.548077       1 0.564706       1 0.255418     0.043120
    467   h0 0.213439       1       1 0.000000 0.141026       1 0.000000       1 0.000000     0.000000
    812   h1 0.434783       1       1 0.400000 0.583333       1 0.000000       1 0.000000     0.000000
    813   h1 0.363636       1       1 0.416667 0.583333       1 0.000000       1 0.000000     0.000000
    814   h1 0.300395       1       1 0.216667 0.269231       1 0.000000       1 0.000000     0.000000
    815   h1 0.695652       1       1 0.720000 0.750000       1 0.733333       1 0.764706     0.210660
    816   h1 0.727273       1       1 0.750000 0.750000       1 0.733333       1 0.764706     0.229412
    817   h1 0.600791       1       1 0.420000 0.525641       1 0.635294       1 0.342105     0.028827
    818   h1 0.695652       1       1 0.333333 0.916667       1 0.800000       1 0.106811     0.018163
    819   h1 0.727273       1       1 0.333333 0.916667       1 0.800000       1 0.058824     0.010458
    820   h1 0.600791       1       1 0.173333 0.423077       1 0.611765       1 0.026316     0.000709
    821   h1 0.956522       1       1 0.000000 0.000000       1 0.000000       1 0.000000     0.000000
    822   h1 1.000000       1       1 0.000000 0.000000       1 0.000000       1 0.000000     0.000000
    823   h1 0.826087       1       1 0.000000 0.000000       1 0.000000       1 0.000000     0.000000
    860   h1 0.956522       1       1 0.880000 0.750000       1 0.866667       1 0.823529     0.450578
    861   h1 1.000000       1       1 0.916667 0.750000       1 0.866667       1 0.823529     0.490686
    862   h1 1.000000       1       1 0.476667 0.750000       1 0.662745       1 0.368421     0.087291
    863   h1 1.000000       1       1 0.000000 0.461538       1 0.000000       1 0.000000     0.000000
    864   h1 0.695652       1       1 1.000000 0.916667       1 0.933333       1 0.823529     0.490139
    865   h1 0.727273       1       1 1.000000 0.916667       1 0.933333       1 0.823529     0.512418
    866   h1 0.727273       1       1 1.000000 0.916667       1 0.933333       1 0.823529     0.512418
    867   h1 0.727273       1       1 0.769231 0.564103       1 0.658824       1 0.216718     0.045058
    868   h1 0.909091       1       1 0.750000 0.750000       1 0.800000       1 0.823529     0.336898
    869   h1 0.909091       1       1 0.750000 0.750000       1 0.800000       1 0.823529     0.336898
    870   h1 0.909091       1       1 0.660256 0.750000       1 0.800000       1 0.823529     0.296586
    871   h1 0.909091       1       1 0.115385 0.394231       1 0.329412       1 0.021672     0.000295
    872   h1 0.727273       1       1 0.916667 0.750000       1 0.800000       1 0.823529     0.329412
    873   h1 0.727273       1       1 0.916667 0.750000       1 0.800000       1 0.823529     0.329412
    874   h1 0.727273       1       1 0.916667 0.750000       1 0.800000       1 0.823529     0.329412
    875   h1 0.660079       1       1 0.423077 0.182692       1 0.403922       1 0.044892     0.000925
    876   h1 0.727273       1       1 1.000000 0.750000       1 0.800000       1 0.823529     0.359358
    877   h1 0.727273       1       1 1.000000 0.750000       1 0.800000       1 0.823529     0.359358
    878   h1 0.727273       1       1 1.000000 0.750000       1 0.800000       1 0.823529     0.359358
    879   h1 0.695652       1       1 0.461538 0.198718       1 0.400000       1 0.043344     0.001106
    880   h1 1.000000       1       1 0.750000 0.916667       1 0.800000       1 0.823529     0.452941
    881   h1 1.000000       1       1 0.750000 0.916667       1 0.800000       1 0.823529     0.452941
    882   h1 1.000000       1       1 0.750000 0.916667       1 0.800000       1 0.773994     0.425697
    883   h1 0.956522       1       1 0.288462 0.271605       1 0.376471       1 0.037152     0.001048
    884   h1 0.727273       1       1 0.750000 1.000000       1 0.800000       1 0.823529     0.359358
    885   h1 0.727273       1       1 0.750000 1.000000       1 0.800000       1 0.823529     0.359358
    886   h1 0.727273       1       1 0.733974 1.000000       1 0.752941       1 0.823529     0.330993
    887   h1 0.284585       1       1 0.259615 1.000000       1 0.247059       1 0.253870     0.004634
    888   h1 0.869565       1       1 1.000000 0.750000       1 0.800000       1 0.823529     0.429668
    889   h1 0.909091       1       1 1.000000 0.750000       1 0.800000       1 0.801858     0.437377
    890   h1 1.000000       1       1 1.000000 0.750000       1 0.658824       1 0.602167     0.297541
    891   h1 1.000000       1       1 0.769231 0.461538       1 0.141176       1 0.123839     0.006207
    892   h1 0.695652       1       1 0.750000 0.750000       1 0.800000       1 0.837461     0.262162
    893   h1 0.727273       1       1 0.750000 0.750000       1 0.800000       1 0.882353     0.288770
    894   h1 0.632411       1       1 0.390000 0.701923       1 0.611765       1 0.394737     0.041807
    895   h1 0.181818       1       1 0.000000 0.410256       1 0.000000       1 0.000000     0.000000
    916   h1 0.695652       1       1 0.750000 1.000000       1 0.933333       1 0.823529     0.401023
    917   h1 0.727273       1       1 0.750000 1.000000       1 0.933333       1 0.823529     0.419251
    918   h1 0.727273       1       1 0.750000 1.000000       1 0.933333       1 0.823529     0.419251
    919   h1 0.727273       1       1 0.570000 1.000000       1 0.658824       1 0.530960     0.145012
    920   h1 0.158103       1       1 0.000000 0.807692       1 0.000000       1 0.054180     0.000000
    921   h1 0.869565       1       1 0.733333 0.750000       1 0.866667       1 0.823529     0.341347
    922   h1 0.909091       1       1 0.750000 0.750000       1 0.866667       1 0.823529     0.364973
    923   h1 0.909091       1       1 0.750000 0.750000       1 0.866667       1 0.823529     0.364973
    924   h1 0.909091       1       1 0.576923 0.750000       1 0.637255       1 0.823529     0.206433
    925   h1 0.197628       1       1 0.000000 0.605769       1 0.000000       1 0.108359     0.000000
    926   h1 0.707510       1       1 0.721154 0.750000       1 0.800000       1 0.823529     0.252110
    927   h1 0.727273       1       1 0.750000 0.750000       1 0.800000       1 0.823529     0.269519
    928   h1 0.727273       1       1 0.750000 0.750000       1 0.800000       1 0.823529     0.269519
    929   h1 0.727273       1       1 0.576923 0.750000       1 0.564706       1 0.823529     0.146345
    930   h1 0.158103       1       1 0.000000 0.611111       1 0.000000       1 0.108359     0.000000
    931   h1 0.909091       1       1 0.881410 0.750000       1 0.800000       1 0.823529     0.395928
    932   h1 0.909091       1       1 0.916667 0.750000       1 0.800000       1 0.825077     0.412539
    933   h1 0.909091       1       1 0.916667 0.750000       1 0.800000       1 0.823529     0.411765
    934   h1 0.909091       1       1 0.705128 0.525641       1 0.564706       1 0.235294     0.044771
    935   h1 0.197628       1       1 0.000000 0.134615       1 0.000000       1 0.000000     0.000000