 ChipID Half   Layer0   Layer1  Layer2  Layer3  Layer4   Layer5  Layer6   Layer7   Layer8  Pseaudo_Eff
    344   h0 0.434783 0.871212       1       1       1 0.000000       1 0.062500 0.000000     0.000000
    345   h0 0.454545 0.965909       1       1       1 0.000000       1 0.062500 0.000000     0.000000
    346   h0 0.355731 0.708333       1       1       1 0.000000       1 0.044643 0.000000     0.000000
    347   h0 0.695652 0.784091       1       1       1 0.962963       1 0.812500 0.764706     0.326352
    348   h0 0.727273 0.818182       1       1       1 1.000000       1 0.812500 0.823529     0.398153
    349   h0 0.569170 0.579545       1       1       1 0.407407       1 0.580357 0.390093     0.030424
    350   h0 0.695652 0.958333       1       1       1 0.888889       1 0.125000 0.058824     0.004357
    351   h0 0.727273 1.000000       1       1       1 0.923077       1 0.125000 0.058824     0.004936
    352   h0 0.600791 0.708333       1       1       1 0.376068       1 0.089286 0.027864     0.000398
    353   h0 0.956522 0.000000       1       1       1 0.074074       1 0.000000 0.000000     0.000000
    354   h0 1.000000 0.000000       1       1       1 0.076923       1 0.000000 0.000000     0.000000
    355   h0 0.826087 0.000000       1       1       1 0.031339       1 0.000000 0.000000     0.000000
    392   h0 0.956522 0.696970       1       1       1 0.814815       1 0.812500 0.823529     0.363471
    393   h0 1.000000 0.727273       1       1       1 0.846154       1 0.812500 0.823529     0.411765
    394   h0 1.000000 0.647727       1       1       1 0.846154       1 0.580357 0.390093     0.124081
    395   h0 1.000000 0.454545       1       1       1 0.501425       1 0.000000 0.000000     0.000000
    396   h0 0.695652 0.696970       1       1       1 0.740741       1 0.812500 0.882353     0.257477
    397   h0 0.727273 0.727273       1       1       1 0.769231       1 0.812500 0.860681     0.284523
    398   h0 0.727273 0.727273       1       1       1 0.769231       1 0.687500 0.823529     0.230358
    399   h0 0.727273 0.727273       1       1       1 0.455840       1 0.225000 0.238390     0.012932
    400   h0 0.909091 0.727273       1       1       1 0.769231       1 0.812500 0.823529     0.340301
    401   h0 0.909091 0.727273       1       1       1 0.769231       1 0.812500 0.823529     0.340301
    402   h0 0.909091 0.727273       1       1       1 0.769231       1 0.792857 0.823529     0.332074
    403   h0 0.909091 0.454545       1       1       1 0.598291       1 0.278571 0.043344     0.002985
    404   h0 0.727273 0.818182       1       1       1 0.846154       1 0.875000 0.823529     0.362814
    405   h0 0.727273 0.818182       1       1       1 0.846154       1 0.875000 0.823529     0.362814
    406   h0 0.727273 0.818182       1       1       1 0.846154       1 0.875000 0.823529     0.362814
    407   h0 0.703557 0.681818       1       1       1 0.188034       1 0.350000 0.068111     0.002150
    408   h0 0.727273 1.000000       1       1       1 1.000000       1 0.875000 0.823529     0.524064
    409   h0 0.727273 1.000000       1       1       1 1.000000       1 0.875000 0.823529     0.524064
    410   h0 0.727273 1.000000       1       1       1 1.000000       1 0.875000 0.823529     0.524064
    411   h0 0.723320 0.875000       1       1       1 0.222222       1 0.350000 0.065015     0.003200
    412   h0 1.000000 0.727273       1       1       1 0.769231       1 0.812500 0.823529     0.374332
    413   h0 1.000000 0.727273       1       1       1 0.769231       1 0.812500 0.823529     0.374332
    414   h0 1.000000 0.727273       1       1       1 0.769231       1 0.812500 0.767802     0.349001
    415   h0 1.000000 0.587121       1       1       1 0.142450       1 0.325000 0.038700     0.001052
    416   h0 0.727273 0.689394       1       1       1 0.769231       1 0.812500 0.823529     0.258062
    417   h0 0.727273 0.727273       1       1       1 0.769231       1 0.812500 0.823529     0.272241
    418   h0 0.727273 0.727273       1       1       1 0.769231       1 0.787500 0.823529     0.263864
    419   h0 0.316206 0.545455       1       1       1 0.643875       1 0.235714 0.255418     0.006686
    420   h0 0.956522 0.696970       1       1       1 0.712251       1 0.812500 0.823529     0.317720
    421   h0 1.000000 0.727273       1       1       1 0.769231       1 0.812500 0.823529     0.374332
    422   h0 1.000000 0.727273       1       1       1 0.769231       1 0.687500 0.606811     0.233389
    423   h0 1.000000 0.727273       1       1       1 0.455840       1 0.225000 0.119195     0.008891
    424   h0 0.695652 0.696970       1       1       1 0.925926       1 0.812500 0.823529     0.300390
    425   h0 0.727273 0.727273       1       1       1 1.000000       1 0.812500 0.823529     0.353913
    426   h0 0.632411 0.674242       1       1       1 1.000000       1 0.580357 0.390093     0.096534
    427   h0 0.181818 0.545455       1       1       1 0.592593       1 0.000000 0.000000     0.000000
    448   h0 0.695652 0.958333       1       1       1 0.740741       1 0.812500 0.823529     0.330428
    449   h0 0.727273 1.000000       1       1       1 0.769231       1 0.812500 0.823529     0.374332
    450   h0 0.727273 1.000000       1       1       1 0.769231       1 0.812500 0.823529     0.374332
    451   h0 0.727273 1.000000       1       1       1 0.643875       1 0.487500 0.572755     0.130750
    452   h0 0.189723 0.166667       1       1       1 0.341880       1 0.000000 0.061920     0.000000
    453   h0 0.869565 0.696970       1       1       1 0.740741       1 0.812500 0.823529     0.300390
    454   h0 0.909091 0.727273       1       1       1 0.769231       1 0.812500 0.823529     0.340301
    455   h0 0.909091 0.727273       1       1       1 0.769231       1 0.812500 0.823529     0.340301
    456   h0 0.909091 0.727273       1       1       1 0.769231       1 0.487500 0.823529     0.204181
    457   h0 0.237154 0.121212       1       1       1 0.569801       1 0.000000 0.108359     0.000000
    458   h0 0.695652 0.784091       1       1       1 0.769231       1 0.812500 0.823529     0.280749
    459   h0 0.727273 0.909091       1       1       1 0.769231       1 0.812500 0.823529     0.340301
    460   h0 0.727273 0.909091       1       1       1 0.769231       1 0.812500 0.823529     0.340301
    461   h0 0.727273 0.909091       1       1       1 0.769231       1 0.487500 0.823529     0.204181
    462   h0 0.189723 0.151515       1       1       1 0.569801       1 0.000000 0.108359     0.000000
    463   h0 0.782609 0.958333       1       1       1 0.732194       1 0.812500 0.823529     0.367443
    464   h0 0.818182 1.000000       1       1       1 0.769231       1 0.812500 0.823529     0.421123
    465   h0 0.818182 1.000000       1       1       1 0.769231       1 0.812500 0.856037     0.437746
    466   h0 0.818182 1.000000       1       1       1 0.675214       1 0.487500 0.255418     0.068789
    467   h0 0.213439 0.166667       1       1       1 0.398860       1 0.000000 0.000000     0.000000
    812   h1 0.434783 0.916667       1       1       1 0.000000       1 0.062500 0.000000     0.000000
    813   h1 0.363636 1.000000       1       1       1 0.059829       1 0.062500 0.000000     0.000000
    814   h1 0.300395 0.750000       1       1       1 0.031339       1 0.042857 0.000000     0.000000
    815   h1 0.695652 0.750000       1       1       1 1.000000       1 0.812500 0.764706     0.324169
    816   h1 0.727273 0.818182       1       1       1 0.940171       1 0.812500 0.764706     0.347594
    817   h1 0.600791 0.613636       1       1       1 0.376068       1 0.580357 0.342105     0.027527
    818   h1 0.695652 0.916667       1       1       1 1.000000       1 0.187500 0.106811     0.012771
    819   h1 0.727273 1.000000       1       1       1 0.940171       1 0.187500 0.058824     0.007541
    820   h1 0.600791 0.750000       1       1       1 0.376068       1 0.133929 0.026316     0.000597
    821   h1 0.956522 0.000000       1       1       1 0.000000       1 0.000000 0.000000     0.000000
    822   h1 1.000000 0.000000       1       1       1 0.059829       1 0.000000 0.000000     0.000000
    823   h1 0.826087 0.000000       1       1       1 0.031339       1 0.000000 0.000000     0.000000
    860   h1 0.956522 0.666667       1       1       1 0.923077       1 0.812500 0.823529     0.393862
    861   h1 1.000000 0.727273       1       1       1 0.923077       1 0.812500 0.823529     0.449198
    862   h1 1.000000 0.636364       1       1       1 0.923077       1 0.557143 0.368421     0.120574
    863   h1 1.000000 0.363636       1       1       1 0.512821       1 0.000000 0.000000     0.000000
    864   h1 0.695652 0.666667       1       1       1 0.769231       1 0.812500 0.823529     0.238704
    865   h1 0.727273 0.727273       1       1       1 0.769231       1 0.812500 0.823529     0.272241
    866   h1 0.727273 0.727273       1       1       1 0.769231       1 0.675000 0.823529     0.226170
    867   h1 0.727273 0.727273       1       1       1 0.427350       1 0.235714 0.216718     0.011547
    868   h1 0.909091 0.715909       1       1       1 0.769231       1 0.812500 0.823529     0.334984
    869   h1 0.909091 0.727273       1       1       1 0.769231       1 0.812500 0.823529     0.340301
    870   h1 0.909091 0.727273       1       1       1 0.769231       1 0.769643 0.823529     0.322351
    871   h1 0.909091 0.367424       1       1       1 0.569801       1 0.255357 0.021672     0.001053
    872   h1 0.727273 0.818182       1       1       1 0.846154       1 0.812500 0.823529     0.336898
    873   h1 0.727273 0.818182       1       1       1 0.846154       1 0.812500 0.823529     0.336898
    874   h1 0.727273 0.818182       1       1       1 0.846154       1 0.812500 0.823529     0.336898
    875   h1 0.660079 0.681818       1       1       1 0.156695       1 0.325000 0.044892     0.001029
    876   h1 0.727273 1.000000       1       1       1 1.000000       1 0.875000 0.823529     0.524064
    877   h1 0.727273 1.000000       1       1       1 1.000000       1 0.875000 0.823529     0.524064
    878   h1 0.727273 1.000000       1       1       1 1.000000       1 0.875000 0.823529     0.524064
    879   h1 0.695652 0.833333       1       1       1 0.222222       1 0.350000 0.043344     0.001954
    880   h1 1.000000 0.727273       1       1       1 0.846154       1 0.812500 0.823529     0.411765
    881   h1 1.000000 0.727273       1       1       1 0.846154       1 0.812500 0.823529     0.411765
    882   h1 1.000000 0.727273       1       1       1 0.846154       1 0.812500 0.773994     0.386997
    883   h1 0.956522 0.587121       1       1       1 0.125356       1 0.325000 0.037152     0.000850
    884   h1 0.727273 0.681818       1       1       1 0.769231       1 0.812500 0.823529     0.255226
    885   h1 0.727273 0.727273       1       1       1 0.769231       1 0.812500 0.823529     0.272241
    886   h1 0.727273 0.727273       1       1       1 0.769231       1 0.801786 0.823529     0.268651
    887   h1 0.284585 0.606061       1       1       1 0.678063       1 0.255357 0.253870     0.007582
    888   h1 0.869565 0.666667       1       1       1 0.846154       1 0.812500 0.823529     0.328218
    889   h1 0.909091 0.727273       1       1       1 0.786325       1 0.812500 0.801858     0.338709
    890   h1 1.000000 0.727273       1       1       1 0.817664       1 0.675000 0.602167     0.241709
    891   h1 1.000000 0.727273       1       1       1 0.470085       1 0.235714 0.123839     0.009980
    892   h1 0.695652 0.666667       1       1       1 0.923077       1 0.812500 0.837461     0.291291
    893   h1 0.727273 0.727273       1       1       1 0.923077       1 0.812500 0.882353     0.350024
    894   h1 0.632411 0.704545       1       1       1 0.923077       1 0.557143 0.394737     0.090453
    895   h1 0.181818 0.636364       1       1       1 0.512821       1 0.000000 0.000000     0.000000
    916   h1 0.695652 0.916667       1       1       1 0.769231       1 0.812500 0.823529     0.328218
    917   h1 0.727273 1.000000       1       1       1 0.769231       1 0.812500 0.823529     0.374332
    918   h1 0.727273 1.000000       1       1       1 0.769231       1 0.812500 0.823529     0.374332
    919   h1 0.727273 1.000000       1       1       1 0.666667       1 0.510714 0.530960     0.131476
    920   h1 0.158103 0.166667       1       1       1 0.398860       1 0.000000 0.054180     0.000000
    921   h1 0.869565 0.666667       1       1       1 0.769231       1 0.812500 0.823529     0.298380
    922   h1 0.909091 0.727273       1       1       1 0.769231       1 0.812500 0.823529     0.340301
    923   h1 0.909091 0.727273       1       1       1 0.769231       1 0.812500 0.823529     0.340301
    924   h1 0.909091 0.727273       1       1       1 0.769231       1 0.492857 0.823529     0.206425
    925   h1 0.197628 0.121212       1       1       1 0.569801       1 0.000000 0.108359     0.000000
    926   h1 0.707510 0.833333       1       1       1 0.769231       1 0.812500 0.823529     0.303466
    927   h1 0.727273 0.909091       1       1       1 0.769231       1 0.812500 0.823529     0.340301
    928   h1 0.727273 0.909091       1       1       1 0.769231       1 0.812500 0.823529     0.340301
    929   h1 0.727273 0.909091       1       1       1 0.769231       1 0.505357 0.823529     0.211660
    930   h1 0.158103 0.151515       1       1       1 0.569801       1 0.000000 0.108359     0.000000
    931   h1 0.909091 0.833333       1       1       1 0.692308       1 0.812500 0.823529     0.350936
    932   h1 0.909091 0.909091       1       1       1 0.754986       1 0.812500 0.825077     0.418284
    933   h1 0.909091 0.909091       1       1       1 0.723647       1 0.812500 0.823529     0.400169
    934   h1 0.909091 0.909091       1       1       1 0.589744       1 0.496429 0.235294     0.056931
    935   h1 0.197628 0.151515       1       1       1 0.341880       1 0.000000 0.000000     0.000000