 ChipID Half   Layer0   Layer1  Layer2  Layer3  Layer4   Layer5   Layer6   Layer7  Layer8  Pseaudo_Eff
    332   h0 0.000000 0.696970       1       1       1 0.000000 0.000000 0.000000       1     0.000000
    333   h0 0.000000 0.670455       1       1       1 0.000000 0.000000 0.000000       1     0.000000
    334   h0 0.000000 0.424242       1       1       1 0.000000 0.000000 0.000000       1     0.000000
    335   h0 0.958333 0.609848       1       1       1 0.519231 0.250000 0.687500       1     0.052157
    336   h0 1.000000 0.696970       1       1       1 0.538462 0.250000 0.687500       1     0.064503
    337   h0 0.708333 0.484848       1       1       1 0.192308 0.183824 0.451786       1     0.005485
    338   h0 0.696970 0.958333       1       1       1 0.741758 0.812500 0.312500       1     0.125796
    339   h0 0.727273 1.000000       1       1       1 0.769231 0.812500 0.312500       1     0.142045
    340   h0 0.545455 0.666667       1       1       1 0.274725 0.597426 0.205357       1     0.012256
    341   h0 0.958333 0.000000       1       1       1 0.148352 0.062500 0.000000       1     0.000000
    342   h0 1.000000 0.000000       1       1       1 0.153846 0.062500 0.000000       1     0.000000
    343   h0 0.750000 0.000000       1       1       1 0.082418 0.045956 0.000000       1     0.000000
    356   h0 0.696970 0.784091       1       1       1 0.741758 0.812500 0.812500       1     0.267602
    357   h0 0.727273 0.818182       1       1       1 0.769231 0.812500 0.812500       1     0.302169
    358   h0 0.700758 0.545455       1       1       1 0.521978 0.597426 0.533929       1     0.063642
    359   h0 0.636364 0.000000       1       1       1 0.192308 0.000000 0.000000       1     0.000000
    360   h0 0.696970 0.958333       1       1       1 0.741758 0.812500 0.875000       1     0.352228
    361   h0 0.727273 1.000000       1       1       1 0.769231 0.812500 0.875000       1     0.397727
    362   h0 0.727273 1.000000       1       1       1 0.769231 0.713235 0.575000       1     0.229432
    363   h0 0.727273 1.000000       1       1       1 0.384615 0.283088 0.000000       1     0.000000
    364   h0 0.681818 0.818182       1       1       1 1.000000 0.812500 0.812500       1     0.368269
    365   h0 0.727273 0.818182       1       1       1 1.000000 0.812500 0.812500       1     0.392820
    366   h0 0.727273 0.818182       1       1       1 1.000000 0.801471 0.683929       1     0.326171
    367   h0 0.606061 0.204545       1       1       1 0.821429 0.286765 0.133929       1     0.003911
    368   h0 0.727273 1.000000       1       1       1 0.846154 0.875000 0.812500       1     0.437500
    369   h0 0.727273 1.000000       1       1       1 0.846154 0.875000 0.812500       1     0.437500
    370   h0 0.727273 1.000000       1       1       1 0.846154 0.875000 0.812500       1     0.437500
    371   h0 0.587121 0.791667       1       1       1 0.120879 0.386029 0.182143       1     0.003951
    372   h0 1.000000 0.727273       1       1       1 0.769231 0.875000 0.812500       1     0.397727
    373   h0 1.000000 0.727273       1       1       1 0.769231 0.875000 0.812500       1     0.397727
    374   h0 1.000000 0.727273       1       1       1 0.769231 0.875000 0.812500       1     0.397727
    375   h0 0.875000 0.575758       1       1       1 0.104396 0.386029 0.232143       1     0.004713
    376   h0 0.818182 0.727273       1       1       1 0.769231 0.812500 0.812500       1     0.302169
    377   h0 0.818182 0.727273       1       1       1 0.769231 0.812500 0.812500       1     0.302169
    378   h0 0.818182 0.727273       1       1       1 0.769231 0.812500 0.812500       1     0.302169
    379   h0 0.681818 0.530303       1       1       1 0.060440 0.358456 0.233929       1     0.001832
    380   h0 0.727273 0.727273       1       1       1 0.769231 0.812500 0.875000       1     0.289256
    381   h0 0.727273 0.727273       1       1       1 0.769231 0.812500 0.875000       1     0.289256
    382   h0 0.727273 0.727273       1       1       1 0.769231 0.775735 0.875000       1     0.276168
    383   h0 0.386364 0.750000       1       1       1 0.351648 0.308824 0.125000       1     0.003934
    384   h0 0.784091 0.696970       1       1       1 0.928571 0.812500 0.812500       1     0.334998
    385   h0 0.818182 0.727273       1       1       1 1.000000 0.812500 0.812500       1     0.392820
    386   h0 0.818182 0.727273       1       1       1 1.000000 0.696691 0.726786       1     0.301296
    387   h0 0.818182 0.727273       1       1       1 0.500000 0.242647 0.305357       1     0.022044
    388   h0 0.696970 0.696970       1       1       1 0.857143 0.812500 0.812500       1     0.274870
    389   h0 0.727273 0.727273       1       1       1 0.923077 0.812500 0.812500       1     0.322314
    390   h0 0.636364 0.727273       1       1       1 0.923077 0.597426 0.533929       1     0.136272
    391   h0 0.363636 0.727273       1       1       1 0.461538 0.000000 0.000000       1     0.000000
    428   h0 0.871212 0.696970       1       1       1 0.741758 0.812500 0.812500       1     0.297336
    429   h0 0.909091 0.727273       1       1       1 0.769231 0.812500 0.812500       1     0.335744
    430   h0 0.909091 0.727273       1       1       1 0.769231 0.812500 0.812500       1     0.335744
    431   h0 0.909091 0.727273       1       1       1 0.384615 0.525735 0.441071       1     0.058967
    432   h0 0.151515 0.060606       1       1       1 0.000000 0.000000 0.000000       1     0.000000
    433   h0 0.871212 0.696970       1       1       1 0.890110 0.812500 0.812500       1     0.356803
    434   h0 0.909091 0.727273       1       1       1 0.923077 0.812500 0.812500       1     0.402893
    435   h0 0.909091 0.727273       1       1       1 0.923077 0.812500 0.812500       1     0.402893
    436   h0 0.909091 0.727273       1       1       1 0.923077 0.525735 0.441071       1     0.141520
    437   h0 0.151515 0.060606       1       1       1 0.593407 0.000000 0.000000       1     0.000000
    438   h0 0.696970 0.958333       1       1       1 0.741758 0.812500 0.875000       1     0.352228
    439   h0 0.727273 1.000000       1       1       1 0.769231 0.812500 0.875000       1     0.397727
    440   h0 0.727273 1.000000       1       1       1 0.769231 0.812500 0.875000       1     0.397727
    441   h0 0.727273 1.000000       1       1       1 0.769231 0.525735 0.475000       1     0.139706
    442   h0 0.121212 0.083333       1       1       1 0.494505 0.000000 0.000000       1     0.000000
    443   h0 0.958333 0.696970       1       1       1 0.815934 0.812500 0.812500       1     0.359776
    444   h0 1.000000 0.727273       1       1       1 0.846154 0.812500 0.812500       1     0.406250
    445   h0 1.000000 0.727273       1       1       1 0.846154 0.812500 0.812500       1     0.406250
    446   h0 1.000000 0.727273       1       1       1 0.846154 0.525735 0.441071       1     0.142700
    447   h0 0.166667 0.060606       1       1       1 0.543956 0.000000 0.000000       1     0.000000
    800   h1 0.000000 0.609848       1       1       1 0.000000 0.000000 0.000000       1     0.000000
    801   h1 0.000000 0.636364       1       1       1 0.000000 0.000000 0.000000       1     0.000000
    802   h1 0.000000 0.450758       1       1       1 0.000000 0.000000 0.000000       1     0.000000
    803   h1 0.916667 0.696970       1       1       1 0.519231 0.250000 0.625000       1     0.051833
    804   h1 1.000000 0.727273       1       1       1 0.598901 0.250000 0.625000       1     0.068057
    805   h1 0.750000 0.515152       1       1       1 0.219780 0.132353 0.392857       1     0.004415
    806   h1 0.750000 0.958333       1       1       1 0.769231 0.812500 0.375000       1     0.168457
    807   h1 0.818182 1.000000       1       1       1 0.706044 0.812500 0.375000       1     0.176010
    808   h1 0.613636 0.708333       1       1       1 0.247253 0.573529 0.235714       1     0.014529
    809   h1 0.916667 0.000000       1       1       1 0.148352 0.125000 0.000000       1     0.000000
    810   h1 1.000000 0.000000       1       1       1 0.214286 0.125000 0.000000       1     0.000000
    811   h1 0.750000 0.000000       1       1       1 0.082418 0.088235 0.000000       1     0.000000
    824   h1 0.666667 0.871212       1       1       1 0.815934 0.812500 0.812500       1     0.312849
    825   h1 0.727273 0.909091       1       1       1 0.785714 0.812500 0.812500       1     0.342938
    826   h1 0.681818 0.643939       1       1       1 0.571429 0.573529 0.510714       1     0.073487
    827   h1 0.545455 0.000000       1       1       1 0.230769 0.000000 0.000000       1     0.000000
    828   h1 0.666667 0.958333       1       1       1 0.741758 0.812500 0.875000       1     0.336914
    829   h1 0.727273 1.000000       1       1       1 0.769231 0.812500 0.875000       1     0.397727
    830   h1 0.727273 1.000000       1       1       1 0.769231 0.702206 0.550000       1     0.216063
    831   h1 0.727273 1.000000       1       1       1 0.384615 0.270221 0.000000       1     0.000000
    832   h1 0.689394 0.818182       1       1       1 1.000000 0.812500 0.812500       1     0.372361
    833   h1 0.727273 0.818182       1       1       1 1.000000 0.812500 0.812500       1     0.392820
    834   h1 0.727273 0.818182       1       1       1 1.000000 0.803309 0.651786       1     0.311555
    835   h1 0.545455 0.227273       1       1       1 0.821429 0.286765 0.100000       1     0.002920
    836   h1 0.727273 1.000000       1       1       1 0.846154 0.812500 0.812500       1     0.406250
    837   h1 0.727273 1.000000       1       1       1 0.846154 0.812500 0.812500       1     0.406250
    838   h1 0.727273 1.000000       1       1       1 0.846154 0.812500 0.812500       1     0.406250
    839   h1 0.587121 0.750000       1       1       1 0.120879 0.334559 0.142857       1     0.002544
    840   h1 1.000000 0.727273       1       1       1 0.769231 0.875000 0.812500       1     0.397727
    841   h1 1.000000 0.727273       1       1       1 0.769231 0.875000 0.812500       1     0.397727
    842   h1 1.000000 0.727273       1       1       1 0.769231 0.875000 0.812500       1     0.397727
    843   h1 0.833333 0.541667       1       1       1 0.107143 0.334559 0.225000       1     0.003641
    844   h1 0.818182 0.727273       1       1       1 0.769231 0.812500 0.812500       1     0.302169
    845   h1 0.818182 0.727273       1       1       1 0.769231 0.812500 0.812500       1     0.302169
    846   h1 0.818182 0.727273       1       1       1 0.750000 0.812500 0.812500       1     0.294615
    847   h1 0.681818 0.511364       1       1       1 0.052198 0.334559 0.216071       1     0.001316
    848   h1 0.712121 0.818182       1       1       1 0.769231 0.812500 0.812500       1     0.295874
    849   h1 0.727273 0.818182       1       1       1 0.769231 0.812500 0.812500       1     0.302169
    850   h1 0.727273 0.818182       1       1       1 0.769231 0.792279 0.812500       1     0.294649
    851   h1 0.439394 0.715909       1       1       1 0.384615 0.286765 0.116071       1     0.004027
    852   h1 0.666667 0.696970       1       1       1 0.964286 0.812500 0.812500       1     0.295784
    853   h1 0.727273 0.727273       1       1       1 0.936813 0.812500 0.812500       1     0.327110
    854   h1 0.727273 0.727273       1       1       1 0.975275 0.702206 0.742857       1     0.269086
    855   h1 0.727273 0.727273       1       1       1 0.500000 0.270221 0.339286       1     0.024246
    856   h1 0.666667 0.784091       1       1       1 1.000000 0.812500 0.812500       1     0.345082
    857   h1 0.727273 0.818182       1       1       1 1.000000 0.812500 0.812500       1     0.392820
    858   h1 0.636364 0.818182       1       1       1 1.000000 0.573529 0.510714       1     0.152507
    859   h1 0.363636 0.818182       1       1       1 0.500000 0.000000 0.000000       1     0.000000
    896   h1 0.916667 0.696970       1       1       1 0.741758 0.812500 0.812500       1     0.312849
    897   h1 1.000000 0.727273       1       1       1 0.769231 0.812500 0.812500       1     0.369318
    898   h1 1.000000 0.727273       1       1       1 0.769231 0.812500 0.812500       1     0.369318
    899   h1 1.000000 0.727273       1       1       1 0.423077 0.501838 0.441071       1     0.068107
    900   h1 0.166667 0.030303       1       1       1 0.049451 0.000000 0.000000       1     0.000000
    901   h1 0.833333 0.696970       1       1       1 0.815934 0.812500 0.812500       1     0.312849
    902   h1 0.909091 0.727273       1       1       1 0.846154 0.812500 0.812500       1     0.369318
    903   h1 0.909091 0.727273       1       1       1 0.846154 0.812500 0.812500       1     0.369318
    904   h1 0.909091 0.727273       1       1       1 0.846154 0.520221 0.437500       1     0.127327
    905   h1 0.151515 0.030303       1       1       1 0.543956 0.000000 0.000000       1     0.000000
    906   h1 0.666667 0.958333       1       1       1 0.741758 0.812500 0.875000       1     0.336914
    907   h1 0.727273 1.000000       1       1       1 0.769231 0.812500 0.875000       1     0.397727
    908   h1 0.727273 1.000000       1       1       1 0.769231 0.812500 0.875000       1     0.397727
    909   h1 0.727273 1.000000       1       1       1 0.769231 0.501838 0.475000       1     0.133356
    910   h1 0.121212 0.041667       1       1       1 0.494505 0.000000 0.000000       1     0.000000
    911   h1 0.958333 0.696970       1       1       1 0.741758 0.812500 0.812500       1     0.327069
    912   h1 1.000000 0.727273       1       1       1 0.769231 0.812500 0.812500       1     0.369318
    913   h1 1.000000 0.727273       1       1       1 0.769231 0.812500 0.812500       1     0.369318
    914   h1 1.000000 0.727273       1       1       1 0.769231 0.501838 0.419643       1     0.117814
    915   h1 0.166667 0.030303       1       1       1 0.494505 0.000000 0.000000       1     0.000000