 ChipID Half  Layer0  Layer1   Layer2   Layer3   Layer4   Layer5   Layer6  Layer7  Layer8  Pseaudo_Eff
    344   h0       1       1 0.000000 0.480000 0.641026 0.000000 0.000000       1       1     0.000000
    345   h0       1       1 0.000000 0.500000 0.666667 0.000000 0.000000       1       1     0.000000
    346   h0       1       1 0.000000 0.280000 0.307692 0.000000 0.000000       1       1     0.000000
    347   h0       1       1 0.960000 0.720000 0.721154 0.962963 0.800000       1       1     0.384000
    348   h0       1       1 1.000000 0.750000 0.750000 1.000000 0.800000       1       1     0.450000
    349   h0       1       1 0.640000 0.420000 0.570513 0.407407 0.635294       1       1     0.039692
    350   h0       1       1 0.610909 0.240000 0.801282 0.888889 0.866667       1       1     0.090505
    351   h0       1       1 0.636364 0.250000 0.833333 0.923077 0.866667       1       1     0.106061
    352   h0       1       1 0.407273 0.140000 0.352564 0.376068 0.688235       1       1     0.005203
    353   h0       1       1 0.436364 0.000000 0.000000 0.074074 0.000000       1       1     0.000000
    354   h0       1       1 0.454545 0.000000 0.000000 0.076923 0.000000       1       1     0.000000
    355   h0       1       1 0.290909 0.000000 0.000000 0.031339 0.000000       1       1     0.000000
    392   h0       1       1 0.698182 0.800000 0.721154 0.814815 0.933333       1       1     0.306325
    393   h0       1       1 0.727273 0.833333 0.750000 0.846154 0.933333       1       1     0.358974
    394   h0       1       1 0.727273 0.448718 0.750000 0.846154 0.741176       1       1     0.153498
    395   h0       1       1 0.669091 0.000000 0.490385 0.501425 0.000000       1       1     0.000000
    396   h0       1       1 0.698182 0.960000 0.801282 0.740741 0.933333       1       1     0.371303
    397   h0       1       1 0.727273 1.000000 0.833333 0.769231 0.933333       1       1     0.435120
    398   h0       1       1 0.727273 1.000000 0.833333 0.769231 0.933333       1       1     0.435120
    399   h0       1       1 0.669091 0.769231 0.544872 0.455840 0.658824       1       1     0.084221
    400   h0       1       1 0.818182 0.750000 0.750000 0.769231 0.800000       1       1     0.283217
    401   h0       1       1 0.818182 0.750000 0.750000 0.769231 0.800000       1       1     0.283217
    402   h0       1       1 0.818182 0.680000 0.750000 0.769231 0.800000       1       1     0.256783
    403   h0       1       1 0.654545 0.115385 0.384615 0.598291 0.333333       1       1     0.005793
    404   h0       1       1 0.727273 0.833333 0.750000 0.846154 0.800000       1       1     0.307692
    405   h0       1       1 0.727273 0.833333 0.750000 0.846154 0.800000       1       1     0.307692
    406   h0       1       1 0.727273 0.833333 0.750000 0.846154 0.800000       1       1     0.307692
    407   h0       1       1 0.461818 0.384615 0.221154 0.188034 0.405882       1       1     0.002998
    408   h0       1       1 0.727273 1.000000 0.750000 1.000000 0.800000       1       1     0.436364
    409   h0       1       1 0.727273 1.000000 0.750000 1.000000 0.800000       1       1     0.436364
    410   h0       1       1 0.727273 1.000000 0.750000 1.000000 0.800000       1       1     0.436364
    411   h0       1       1 0.490909 0.461538 0.224359 0.222222 0.423529       1       1     0.004784
    412   h0       1       1 1.000000 0.750000 0.833333 0.769231 0.800000       1       1     0.384615
    413   h0       1       1 1.000000 0.750000 0.833333 0.769231 0.800000       1       1     0.384615
    414   h0       1       1 1.000000 0.750000 0.833333 0.769231 0.800000       1       1     0.384615
    415   h0       1       1 0.680000 0.317308 0.288462 0.142450 0.358824       1       1     0.003181
    416   h0       1       1 0.909091 0.750000 1.000000 0.769231 0.800000       1       1     0.419580
    417   h0       1       1 0.909091 0.750000 1.000000 0.769231 0.800000       1       1     0.419580
    418   h0       1       1 0.909091 0.730769 1.000000 0.769231 0.758824       1       1     0.387780
    419   h0       1       1 0.181818 0.201923 1.000000 0.643875 0.205882       1       1     0.004867
    420   h0       1       1 0.872727 0.960000 0.721154 0.712251 0.800000       1       1     0.344271
    421   h0       1       1 0.909091 1.000000 0.750000 0.769231 0.800000       1       1     0.419580
    422   h0       1       1 0.909091 1.000000 0.750000 0.769231 0.662745       1       1     0.347594
    423   h0       1       1 0.836364 0.800000 0.490385 0.455840 0.094118       1       1     0.014077
    424   h0       1       1 0.960000 0.720000 0.721154 0.925926 0.800000       1       1     0.369231
    425   h0       1       1 1.000000 0.750000 0.750000 1.000000 0.800000       1       1     0.450000
    426   h0       1       1 0.640000 0.420000 0.653846 1.000000 0.635294       1       1     0.111655
    427   h0       1       1 0.000000 0.000000 0.381410 0.592593 0.000000       1       1     0.000000
    448   h0       1       1 0.698182 0.720000 0.961538 0.740741 0.866667       1       1     0.310303
    449   h0       1       1 0.727273 0.750000 1.000000 0.769231 0.866667       1       1     0.363636
    450   h0       1       1 0.727273 0.750000 1.000000 0.769231 0.866667       1       1     0.363636
    451   h0       1       1 0.669091 0.576923 1.000000 0.643875 0.611765       1       1     0.152051
    452   h0       1       1 0.000000 0.000000 0.846154 0.341880 0.000000       1       1     0.000000
    453   h0       1       1 0.960000 0.720000 0.801282 0.740741 0.800000       1       1     0.328205
    454   h0       1       1 1.000000 0.750000 0.833333 0.769231 0.800000       1       1     0.384615
    455   h0       1       1 1.000000 0.750000 0.833333 0.769231 0.800000       1       1     0.384615
    456   h0       1       1 0.920000 0.600000 0.833333 0.769231 0.564706       1       1     0.199819
    457   h0       1       1 0.000000 0.000000 0.705128 0.569801 0.000000       1       1     0.000000
    458   h0       1       1 0.698182 0.720000 0.801282 0.769231 0.800000       1       1     0.247875
    459   h0       1       1 0.727273 0.750000 0.833333 0.769231 0.800000       1       1     0.279720
    460   h0       1       1 0.727273 0.750000 0.833333 0.769231 0.800000       1       1     0.279720
    461   h0       1       1 0.669091 0.600000 0.833333 0.769231 0.564706       1       1     0.145323
    462   h0       1       1 0.000000 0.000000 0.705128 0.569801 0.000000       1       1     0.000000
    463   h0       1       1 0.698182 0.800000 0.721154 0.732194 0.800000       1       1     0.235940
    464   h0       1       1 0.727273 0.833333 0.750000 0.769231 0.800000       1       1     0.279720
    465   h0       1       1 0.727273 0.833333 0.750000 0.769231 0.800000       1       1     0.279720
    466   h0       1       1 0.669091 0.666667 0.548077 0.675214 0.564706       1       1     0.093218
    467   h0       1       1 0.000000 0.000000 0.141026 0.398860 0.000000       1       1     0.000000
    812   h1       1       1 0.000000 0.400000 0.583333 0.000000 0.000000       1       1     0.000000
    813   h1       1       1 0.000000 0.416667 0.583333 0.059829 0.000000       1       1     0.000000
    814   h1       1       1 0.000000 0.216667 0.269231 0.031339 0.000000       1       1     0.000000
    815   h1       1       1 0.960000 0.720000 0.750000 1.000000 0.733333       1       1     0.380160
    816   h1       1       1 1.000000 0.750000 0.750000 0.940171 0.733333       1       1     0.387821
    817   h1       1       1 0.600000 0.420000 0.525641 0.376068 0.635294       1       1     0.031647
    818   h1       1       1 0.727273 0.333333 0.916667 1.000000 0.800000       1       1     0.177778
    819   h1       1       1 0.727273 0.333333 0.916667 0.940171 0.800000       1       1     0.167142
    820   h1       1       1 0.465455 0.173333 0.423077 0.376068 0.611765       1       1     0.007853
    821   h1       1       1 0.436364 0.000000 0.000000 0.000000 0.000000       1       1     0.000000
    822   h1       1       1 0.454545 0.000000 0.000000 0.059829 0.000000       1       1     0.000000
    823   h1       1       1 0.290909 0.000000 0.000000 0.031339 0.000000       1       1     0.000000
    860   h1       1       1 0.672727 0.880000 0.750000 0.923077 0.866667       1       1     0.355200
    861   h1       1       1 0.727273 0.916667 0.750000 0.923077 0.866667       1       1     0.400000
    862   h1       1       1 0.690909 0.476667 0.750000 0.923077 0.662745       1       1     0.151106
    863   h1       1       1 0.585455 0.000000 0.461538 0.512821 0.000000       1       1     0.000000
    864   h1       1       1 0.669091 1.000000 0.916667 0.769231 0.933333       1       1     0.440342
    865   h1       1       1 0.727273 1.000000 0.916667 0.769231 0.933333       1       1     0.478632
    866   h1       1       1 0.727273 1.000000 0.916667 0.769231 0.933333       1       1     0.478632
    867   h1       1       1 0.669091 0.769231 0.564103 0.427350 0.658824       1       1     0.081743
    868   h1       1       1 0.727273 0.750000 0.750000 0.769231 0.800000       1       1     0.251748
    869   h1       1       1 0.727273 0.750000 0.750000 0.769231 0.800000       1       1     0.251748
    870   h1       1       1 0.727273 0.660256 0.750000 0.769231 0.800000       1       1     0.221625
    871   h1       1       1 0.581818 0.115385 0.394231 0.569801 0.329412       1       1     0.004968
    872   h1       1       1 0.727273 0.916667 0.750000 0.846154 0.800000       1       1     0.338462
    873   h1       1       1 0.727273 0.916667 0.750000 0.846154 0.800000       1       1     0.338462
    874   h1       1       1 0.727273 0.916667 0.750000 0.846154 0.800000       1       1     0.338462
    875   h1       1       1 0.450909 0.423077 0.182692 0.156695 0.403922       1       1     0.002206
    876   h1       1       1 0.727273 1.000000 0.750000 1.000000 0.800000       1       1     0.436364
    877   h1       1       1 0.727273 1.000000 0.750000 1.000000 0.800000       1       1     0.436364
    878   h1       1       1 0.727273 1.000000 0.750000 1.000000 0.800000       1       1     0.436364
    879   h1       1       1 0.465455 0.461538 0.198718 0.222222 0.400000       1       1     0.003795
    880   h1       1       1 1.000000 0.750000 0.916667 0.846154 0.800000       1       1     0.465385
    881   h1       1       1 1.000000 0.750000 0.916667 0.846154 0.800000       1       1     0.465385
    882   h1       1       1 1.000000 0.750000 0.916667 0.846154 0.800000       1       1     0.465385
    883   h1       1       1 0.680000 0.288462 0.271605 0.125356 0.376471       1       1     0.002514
    884   h1       1       1 0.818182 0.750000 1.000000 0.769231 0.800000       1       1     0.377622
    885   h1       1       1 0.818182 0.750000 1.000000 0.769231 0.800000       1       1     0.377622
    886   h1       1       1 0.818182 0.733974 1.000000 0.769231 0.752941       1       1     0.347815
    887   h1       1       1 0.130909 0.259615 1.000000 0.678063 0.247059       1       1     0.005693
    888   h1       1       1 0.960000 1.000000 0.750000 0.846154 0.800000       1       1     0.487385
    889   h1       1       1 1.000000 1.000000 0.750000 0.786325 0.800000       1       1     0.471795
    890   h1       1       1 1.000000 1.000000 0.750000 0.817664 0.658824       1       1     0.404022
    891   h1       1       1 0.920000 0.769231 0.461538 0.470085 0.141176       1       1     0.021677
    892   h1       1       1 0.909091 0.750000 0.750000 0.923077 0.800000       1       1     0.377622
    893   h1       1       1 0.909091 0.750000 0.750000 0.923077 0.800000       1       1     0.377622
    894   h1       1       1 0.640000 0.390000 0.701923 0.923077 0.611765       1       1     0.098936
    895   h1       1       1 0.000000 0.000000 0.410256 0.512821 0.000000       1       1     0.000000
    916   h1       1       1 0.752727 0.750000 1.000000 0.769231 0.933333       1       1     0.405315
    917   h1       1       1 0.818182 0.750000 1.000000 0.769231 0.933333       1       1     0.440559
    918   h1       1       1 0.818182 0.750000 1.000000 0.769231 0.933333       1       1     0.440559
    919   h1       1       1 0.752727 0.570000 1.000000 0.666667 0.658824       1       1     0.188447
    920   h1       1       1 0.000000 0.000000 0.807692 0.398860 0.000000       1       1     0.000000
    921   h1       1       1 0.960000 0.733333 0.750000 0.769231 0.866667       1       1     0.352000
    922   h1       1       1 1.000000 0.750000 0.750000 0.769231 0.866667       1       1     0.375000
    923   h1       1       1 1.000000 0.750000 0.750000 0.769231 0.866667       1       1     0.375000
    924   h1       1       1 0.920000 0.576923 0.750000 0.769231 0.637255       1       1     0.195136
    925   h1       1       1 0.000000 0.000000 0.605769 0.569801 0.000000       1       1     0.000000
    926   h1       1       1 0.698182 0.721154 0.750000 0.769231 0.800000       1       1     0.232383
    927   h1       1       1 0.727273 0.750000 0.750000 0.769231 0.800000       1       1     0.251748
    928   h1       1       1 0.727273 0.750000 0.750000 0.769231 0.800000       1       1     0.251748
    929   h1       1       1 0.669091 0.576923 0.750000 0.769231 0.564706       1       1     0.125760
    930   h1       1       1 0.000000 0.000000 0.611111 0.569801 0.000000       1       1     0.000000
    931   h1       1       1 0.698182 0.881410 0.750000 0.692308 0.800000       1       1     0.255621
    932   h1       1       1 0.727273 0.916667 0.750000 0.754986 0.800000       1       1     0.301994
    933   h1       1       1 0.727273 0.916667 0.750000 0.723647 0.800000       1       1     0.289459
    934   h1       1       1 0.669091 0.705128 0.525641 0.589744 0.564706       1       1     0.082590
    935   h1       1       1 0.000000 0.000000 0.134615 0.341880 0.000000       1       1     0.000000