 ChipID Half   Layer0   Layer1  Layer2  Layer3  Layer4   Layer5   Layer6  Layer7   Layer8  Pseaudo_Eff
    344   h0 0.434783 0.871212       1       1       1 0.000000 0.000000       1 0.000000     0.000000
    345   h0 0.454545 0.965909       1       1       1 0.000000 0.000000       1 0.000000     0.000000
    346   h0 0.355731 0.708333       1       1       1 0.000000 0.000000       1 0.000000     0.000000
    347   h0 0.695652 0.784091       1       1       1 0.962963 0.800000       1 0.764706     0.321331
    348   h0 0.727273 0.818182       1       1       1 1.000000 0.800000       1 0.823529     0.392027
    349   h0 0.569170 0.579545       1       1       1 0.407407 0.635294       1 0.390093     0.033304
    350   h0 0.695652 0.958333       1       1       1 0.888889 0.866667       1 0.058824     0.030211
    351   h0 0.727273 1.000000       1       1       1 0.923077 0.866667       1 0.058824     0.034225
    352   h0 0.600791 0.708333       1       1       1 0.376068 0.688235       1 0.027864     0.003069
    353   h0 0.956522 0.000000       1       1       1 0.074074 0.000000       1 0.000000     0.000000
    354   h0 1.000000 0.000000       1       1       1 0.076923 0.000000       1 0.000000     0.000000
    355   h0 0.826087 0.000000       1       1       1 0.031339 0.000000       1 0.000000     0.000000
    392   h0 0.956522 0.696970       1       1       1 0.814815 0.933333       1 0.823529     0.417526
    393   h0 1.000000 0.727273       1       1       1 0.846154 0.933333       1 0.823529     0.473002
    394   h0 1.000000 0.647727       1       1       1 0.846154 0.741176       1 0.390093     0.158464
    395   h0 1.000000 0.454545       1       1       1 0.501425 0.000000       1 0.000000     0.000000
    396   h0 0.695652 0.696970       1       1       1 0.740741 0.933333       1 0.882353     0.295768
    397   h0 0.727273 0.727273       1       1       1 0.769231 0.933333       1 0.860681     0.326836
    398   h0 0.727273 0.727273       1       1       1 0.769231 0.933333       1 0.823529     0.312728
    399   h0 0.727273 0.727273       1       1       1 0.455840 0.658824       1 0.238390     0.037867
    400   h0 0.909091 0.727273       1       1       1 0.769231 0.800000       1 0.823529     0.335066
    401   h0 0.909091 0.727273       1       1       1 0.769231 0.800000       1 0.823529     0.335066
    402   h0 0.909091 0.727273       1       1       1 0.769231 0.800000       1 0.823529     0.335066
    403   h0 0.909091 0.454545       1       1       1 0.598291 0.333333       1 0.043344     0.003572
    404   h0 0.727273 0.818182       1       1       1 0.846154 0.800000       1 0.823529     0.331715
    405   h0 0.727273 0.818182       1       1       1 0.846154 0.800000       1 0.823529     0.331715
    406   h0 0.727273 0.818182       1       1       1 0.846154 0.800000       1 0.823529     0.331715
    407   h0 0.703557 0.681818       1       1       1 0.188034 0.405882       1 0.068111     0.002494
    408   h0 0.727273 1.000000       1       1       1 1.000000 0.800000       1 0.823529     0.479144
    409   h0 0.727273 1.000000       1       1       1 1.000000 0.800000       1 0.823529     0.479144
    410   h0 0.727273 1.000000       1       1       1 1.000000 0.800000       1 0.823529     0.479144
    411   h0 0.723320 0.875000       1       1       1 0.222222 0.423529       1 0.065015     0.003873
    412   h0 1.000000 0.727273       1       1       1 0.769231 0.800000       1 0.823529     0.368573
    413   h0 1.000000 0.727273       1       1       1 0.769231 0.800000       1 0.823529     0.368573
    414   h0 1.000000 0.727273       1       1       1 0.769231 0.800000       1 0.767802     0.343632
    415   h0 1.000000 0.587121       1       1       1 0.142450 0.358824       1 0.038700     0.001161
    416   h0 0.727273 0.689394       1       1       1 0.769231 0.800000       1 0.823529     0.254092
    417   h0 0.727273 0.727273       1       1       1 0.769231 0.800000       1 0.823529     0.268053
    418   h0 0.727273 0.727273       1       1       1 0.769231 0.758824       1 0.823529     0.254256
    419   h0 0.316206 0.545455       1       1       1 0.643875 0.205882       1 0.255418     0.005840
    420   h0 0.956522 0.696970       1       1       1 0.712251 0.800000       1 0.823529     0.312832
    421   h0 1.000000 0.727273       1       1       1 0.769231 0.800000       1 0.823529     0.368573
    422   h0 1.000000 0.727273       1       1       1 0.769231 0.662745       1 0.606811     0.224985
    423   h0 1.000000 0.727273       1       1       1 0.455840 0.094118       1 0.119195     0.003719
    424   h0 0.695652 0.696970       1       1       1 0.925926 0.800000       1 0.823529     0.295768
    425   h0 0.727273 0.727273       1       1       1 1.000000 0.800000       1 0.823529     0.348469
    426   h0 0.632411 0.674242       1       1       1 1.000000 0.635294       1 0.390093     0.105672
    427   h0 0.181818 0.545455       1       1       1 0.592593 0.000000       1 0.000000     0.000000
    448   h0 0.695652 0.958333       1       1       1 0.740741 0.866667       1 0.823529     0.352457
    449   h0 0.727273 1.000000       1       1       1 0.769231 0.866667       1 0.823529     0.399287
    450   h0 0.727273 1.000000       1       1       1 0.769231 0.866667       1 0.823529     0.399287
    451   h0 0.727273 1.000000       1       1       1 0.643875 0.611765       1 0.572755     0.164079
    452   h0 0.189723 0.166667       1       1       1 0.341880 0.000000       1 0.061920     0.000000
    453   h0 0.869565 0.696970       1       1       1 0.740741 0.800000       1 0.823529     0.295768
    454   h0 0.909091 0.727273       1       1       1 0.769231 0.800000       1 0.823529     0.335066
    455   h0 0.909091 0.727273       1       1       1 0.769231 0.800000       1 0.823529     0.335066
    456   h0 0.909091 0.727273       1       1       1 0.769231 0.564706       1 0.823529     0.236517
    457   h0 0.237154 0.121212       1       1       1 0.569801 0.000000       1 0.108359     0.000000
    458   h0 0.695652 0.784091       1       1       1 0.769231 0.800000       1 0.823529     0.276429
    459   h0 0.727273 0.909091       1       1       1 0.769231 0.800000       1 0.823529     0.335066
    460   h0 0.727273 0.909091       1       1       1 0.769231 0.800000       1 0.823529     0.335066
    461   h0 0.727273 0.909091       1       1       1 0.769231 0.564706       1 0.823529     0.236517
    462   h0 0.189723 0.151515       1       1       1 0.569801 0.000000       1 0.108359     0.000000
    463   h0 0.782609 0.958333       1       1       1 0.732194 0.800000       1 0.823529     0.361790
    464   h0 0.818182 1.000000       1       1       1 0.769231 0.800000       1 0.823529     0.414644
    465   h0 0.818182 1.000000       1       1       1 0.769231 0.800000       1 0.856037     0.431012
    466   h0 0.818182 1.000000       1       1       1 0.675214 0.564706       1 0.255418     0.079683
    467   h0 0.213439 0.166667       1       1       1 0.398860 0.000000       1 0.000000     0.000000
    812   h1 0.434783 0.916667       1       1       1 0.000000 0.000000       1 0.000000     0.000000
    813   h1 0.363636 1.000000       1       1       1 0.059829 0.000000       1 0.000000     0.000000
    814   h1 0.300395 0.750000       1       1       1 0.031339 0.000000       1 0.000000     0.000000
    815   h1 0.695652 0.750000       1       1       1 1.000000 0.733333       1 0.764706     0.292583
    816   h1 0.727273 0.818182       1       1       1 0.940171 0.733333       1 0.764706     0.313725
    817   h1 0.600791 0.613636       1       1       1 0.376068 0.635294       1 0.342105     0.030133
    818   h1 0.695652 0.916667       1       1       1 1.000000 0.800000       1 0.106811     0.054489
    819   h1 0.727273 1.000000       1       1       1 0.940171 0.800000       1 0.058824     0.032177
    820   h1 0.600791 0.750000       1       1       1 0.376068 0.611765       1 0.026316     0.002728
    821   h1 0.956522 0.000000       1       1       1 0.000000 0.000000       1 0.000000     0.000000
    822   h1 1.000000 0.000000       1       1       1 0.059829 0.000000       1 0.000000     0.000000
    823   h1 0.826087 0.000000       1       1       1 0.031339 0.000000       1 0.000000     0.000000
    860   h1 0.956522 0.666667       1       1       1 0.923077 0.866667       1 0.823529     0.420119
    861   h1 1.000000 0.727273       1       1       1 0.923077 0.866667       1 0.823529     0.479144
    862   h1 1.000000 0.636364       1       1       1 0.923077 0.662745       1 0.368421     0.143428
    863   h1 1.000000 0.363636       1       1       1 0.512821 0.000000       1 0.000000     0.000000
    864   h1 0.695652 0.666667       1       1       1 0.769231 0.933333       1 0.823529     0.274204
    865   h1 0.727273 0.727273       1       1       1 0.769231 0.933333       1 0.823529     0.312728
    866   h1 0.727273 0.727273       1       1       1 0.769231 0.933333       1 0.823529     0.312728
    867   h1 0.727273 0.727273       1       1       1 0.427350 0.658824       1 0.216718     0.032273
    868   h1 0.909091 0.715909       1       1       1 0.769231 0.800000       1 0.823529     0.329831
    869   h1 0.909091 0.727273       1       1       1 0.769231 0.800000       1 0.823529     0.335066
    870   h1 0.909091 0.727273       1       1       1 0.769231 0.800000       1 0.823529     0.335066
    871   h1 0.909091 0.367424       1       1       1 0.569801 0.329412       1 0.021672     0.001359
    872   h1 0.727273 0.818182       1       1       1 0.846154 0.800000       1 0.823529     0.331715
    873   h1 0.727273 0.818182       1       1       1 0.846154 0.800000       1 0.823529     0.331715
    874   h1 0.727273 0.818182       1       1       1 0.846154 0.800000       1 0.823529     0.331715
    875   h1 0.660079 0.681818       1       1       1 0.156695 0.403922       1 0.044892     0.001279
    876   h1 0.727273 1.000000       1       1       1 1.000000 0.800000       1 0.823529     0.479144
    877   h1 0.727273 1.000000       1       1       1 1.000000 0.800000       1 0.823529     0.479144
    878   h1 0.727273 1.000000       1       1       1 1.000000 0.800000       1 0.823529     0.479144
    879   h1 0.695652 0.833333       1       1       1 0.222222 0.400000       1 0.043344     0.002233
    880   h1 1.000000 0.727273       1       1       1 0.846154 0.800000       1 0.823529     0.405430
    881   h1 1.000000 0.727273       1       1       1 0.846154 0.800000       1 0.823529     0.405430
    882   h1 1.000000 0.727273       1       1       1 0.846154 0.800000       1 0.773994     0.381043
    883   h1 0.956522 0.587121       1       1       1 0.125356 0.376471       1 0.037152     0.000985
    884   h1 0.727273 0.681818       1       1       1 0.769231 0.800000       1 0.823529     0.251300
    885   h1 0.727273 0.727273       1       1       1 0.769231 0.800000       1 0.823529     0.268053
    886   h1 0.727273 0.727273       1       1       1 0.769231 0.752941       1 0.823529     0.252285
    887   h1 0.284585 0.606061       1       1       1 0.678063 0.247059       1 0.253870     0.007335
    888   h1 0.869565 0.666667       1       1       1 0.846154 0.800000       1 0.823529     0.323169
    889   h1 0.909091 0.727273       1       1       1 0.786325 0.800000       1 0.801858     0.333498
    890   h1 1.000000 0.727273       1       1       1 0.817664 0.658824       1 0.602167     0.235916
    891   h1 1.000000 0.727273       1       1       1 0.470085 0.141176       1 0.123839     0.005977
    892   h1 0.695652 0.666667       1       1       1 0.923077 0.800000       1 0.837461     0.286809
    893   h1 0.727273 0.727273       1       1       1 0.923077 0.800000       1 0.882353     0.344639
    894   h1 0.632411 0.704545       1       1       1 0.923077 0.611765       1 0.394737     0.099320
    895   h1 0.181818 0.636364       1       1       1 0.512821 0.000000       1 0.000000     0.000000
    916   h1 0.695652 0.916667       1       1       1 0.769231 0.933333       1 0.823529     0.377030
    917   h1 0.727273 1.000000       1       1       1 0.769231 0.933333       1 0.823529     0.430001
    918   h1 0.727273 1.000000       1       1       1 0.769231 0.933333       1 0.823529     0.430001
    919   h1 0.727273 1.000000       1       1       1 0.666667 0.658824       1 0.530960     0.169604
    920   h1 0.158103 0.166667       1       1       1 0.398860 0.000000       1 0.054180     0.000000
    921   h1 0.869565 0.666667       1       1       1 0.769231 0.866667       1 0.823529     0.318272
    922   h1 0.909091 0.727273       1       1       1 0.769231 0.866667       1 0.823529     0.362988
    923   h1 0.909091 0.727273       1       1       1 0.769231 0.866667       1 0.823529     0.362988
    924   h1 0.909091 0.727273       1       1       1 0.769231 0.637255       1 0.823529     0.266903
    925   h1 0.197628 0.121212       1       1       1 0.569801 0.000000       1 0.108359     0.000000
    926   h1 0.707510 0.833333       1       1       1 0.769231 0.800000       1 0.823529     0.298798
    927   h1 0.727273 0.909091       1       1       1 0.769231 0.800000       1 0.823529     0.335066
    928   h1 0.727273 0.909091       1       1       1 0.769231 0.800000       1 0.823529     0.335066
    929   h1 0.727273 0.909091       1       1       1 0.769231 0.564706       1 0.823529     0.236517
    930   h1 0.158103 0.151515       1       1       1 0.569801 0.000000       1 0.108359     0.000000
    931   h1 0.909091 0.833333       1       1       1 0.692308 0.800000       1 0.823529     0.345537
    932   h1 0.909091 0.909091       1       1       1 0.754986 0.800000       1 0.825077     0.411849
    933   h1 0.909091 0.909091       1       1       1 0.723647 0.800000       1 0.823529     0.394013
    934   h1 0.909091 0.909091       1       1       1 0.589744 0.564706       1 0.235294     0.064761
    935   h1 0.197628 0.151515       1       1       1 0.341880 0.000000       1 0.000000     0.000000