ChipID	Half	Layer0	Layer1	Layer2	Layer3	Layer4	Layer5	Layer6	Layer7	Layer8	Peff(%)
332	h0	1	0.571	0.573	0.957	1	1	1	0.929	0.333	9.69
333	h0	1	0.648	0.6	1.0	1	1	1	0.929	0.333	12.03
334	h0	1	0.7	0.573	0.87	1	1	1	0.929	0.265	8.59
335	h0	1	0.857	0.668	0.783	1	1	1	0.829	0.8	29.73
336	h0	1	0.857	0.7	0.818	1	1	1	0.857	0.8	33.64
337	h0	1	0.9	0.668	0.711	1	1	1	0.857	0.635	23.26
338	h0	1	0.667	0.859	0.696	1	1	1	0.76	0.8	24.25
339	h0	1	0.7	0.855	0.727	1	1	1	0.786	0.8	27.36
340	h0	1	0.7	0.764	0.644	1	1	1	0.786	0.635	17.19
341	h0	1	0.952	0.573	0.522	1	1	1	0.429	0.333	4.07
342	h0	1	1.0	0.65	0.545	1	1	1	0.429	0.333	5.06
343	h0	1	1.0	0.668	0.553	1	1	1	0.429	0.265	4.2
356	h0	1	0.952	0.955	0.696	1	1	1	0.829	0.8	41.97
357	h0	1	1.0	1.0	0.727	1	1	1	0.857	0.8	49.84
358	h0	1	1.0	1.0	0.68	1	1	1	0.857	0.731	42.6
359	h0	1	0.9	1.0	0.364	1	1	1	0.111	0.343	1.25
360	h0	1	0.667	0.668	0.783	1	1	1	0.76	0.8	21.21
361	h0	1	0.7	0.7	0.818	1	1	1	0.786	0.8	25.2
362	h0	1	0.7	0.7	0.818	1	1	1	0.786	0.8	25.2
363	h0	1	0.7	0.7	0.818	1	1	1	0.786	0.588	18.52
364	h0	1	0.629	0.605	0.711	1	1	1	0.786	0.8	17.01
365	h0	1	0.7	0.7	0.727	1	1	1	0.786	0.8	22.4
366	h0	1	0.7	0.7	0.727	1	1	1	0.786	0.8	22.4
367	h0	1	0.629	0.7	0.395	1	1	1	0.737	0.541	6.93
368	h0	1	1.0	0.7	1.0	1	1	1	0.786	0.867	47.7
369	h0	1	1.0	0.7	1.0	1	1	1	0.786	0.867	47.7
370	h0	1	1.0	0.7	1.0	1	1	1	0.786	0.867	47.7
371	h0	1	1.0	0.7	1.0	1	1	1	0.749	0.561	29.41
372	h0	1	0.7	1.0	0.727	1	1	1	0.786	0.933	37.32
373	h0	1	0.7	1.0	0.727	1	1	1	0.786	0.933	37.32
374	h0	1	0.7	1.0	0.727	1	1	1	0.786	0.933	37.32
375	h0	1	0.7	1.0	0.727	1	1	1	0.781	0.604	24.01
376	h0	1	0.7	0.7	0.727	1	1	1	0.786	0.933	26.12
377	h0	1	0.7	0.7	0.727	1	1	1	0.786	0.933	26.12
378	h0	1	0.7	0.7	0.727	1	1	1	0.786	0.933	26.12
379	h0	1	0.7	0.7	0.715	1	1	1	0.749	0.631	16.56
380	h0	1	0.952	0.655	0.909	1	1	1	0.765	0.8	34.69
381	h0	1	1.0	0.7	0.909	1	1	1	0.786	0.8	40.01
382	h0	1	1.0	0.7	0.909	1	1	1	0.786	0.8	40.01
383	h0	1	1.0	0.609	0.909	1	1	1	0.675	0.586	21.9
384	h0	1	0.952	0.668	0.696	1	1	1	0.76	0.8	26.91
385	h0	1	1.0	0.7	0.727	1	1	1	0.786	0.8	32.0
386	h0	1	1.0	0.7	0.727	1	1	1	0.786	0.8	32.0
387	h0	1	1.0	0.7	0.727	1	1	1	0.786	0.588	23.52
388	h0	1	0.667	0.955	0.957	1	1	1	0.76	0.8	37.06
389	h0	1	0.7	1.0	1.0	1	1	1	0.786	0.8	44.02
390	h0	1	0.7	1.0	1.0	1	1	1	0.786	0.745	40.99
391	h0	1	0.7	1.0	1.0	1	1	1	0.412	0.392	11.31
428	h0	1	0.857	0.668	0.957	1	1	1	0.786	0.8	34.45
429	h0	1	0.9	0.7	1.0	1	1	1	0.786	0.8	39.61
430	h0	1	0.9	0.7	1.0	1	1	1	0.786	0.8	39.61
431	h0	1	0.9	0.7	1.0	1	1	1	0.786	0.747	36.99
432	h0	1	0.667	0.318	0.304	1	1	1	0.101	0.388	0.25
433	h0	1	0.762	0.955	0.696	1	1	1	0.786	0.8	31.85
434	h0	1	0.8	1.0	0.727	1	1	1	0.786	0.8	36.57
435	h0	1	0.8	1.0	0.727	1	1	1	0.786	0.8	36.57
436	h0	1	0.8	1.0	0.727	1	1	1	0.786	0.8	36.57
437	h0	1	0.533	0.455	0.221	1	1	1	0.101	0.518	0.28
438	h0	1	0.581	0.955	0.87	1	1	1	0.604	0.8	23.33
439	h0	1	0.7	1.0	0.909	1	1	1	0.786	0.8	40.01
440	h0	1	0.7	1.0	0.909	1	1	1	0.786	0.8	40.01
441	h0	1	0.7	1.0	0.909	1	1	1	0.786	0.8	40.01
442	h0	1	0.5	0.5	0.277	1	1	1	0.267	0.518	0.96
443	h0	1	0.667	0.764	0.696	1	1	1	0.786	0.8	22.3
444	h0	1	0.7	0.8	0.727	1	1	1	0.786	0.8	25.6
445	h0	1	0.7	0.8	0.727	1	1	1	0.786	0.8	25.6
446	h0	1	0.7	0.8	0.727	1	1	1	0.786	0.765	24.48
447	h0	1	0.467	0.364	0.221	1	1	1	0.101	0.431	0.16
800	h1	1	0.633	0.545	0.83	1	1	1	0.929	0.324	8.62
801	h1	1	0.7	0.6	0.909	1	1	1	0.929	0.333	11.81
802	h1	1	0.7	0.6	0.83	1	1	1	0.929	0.275	8.91
803	h1	1	0.724	0.727	0.747	1	1	1	0.899	0.776	27.43
804	h1	1	0.8	0.8	0.866	1	1	1	0.929	0.8	41.19
805	h1	1	0.8	0.8	0.791	1	1	1	0.929	0.659	30.99
806	h1	1	0.633	0.727	0.664	1	1	1	0.76	0.776	18.02
807	h1	1	0.7	0.8	0.727	1	1	1	0.786	0.8	25.6
808	h1	1	0.7	0.8	0.644	1	1	1	0.786	0.659	18.68
809	h1	1	0.905	0.636	0.498	1	1	1	0.415	0.324	3.85
810	h1	1	1.0	0.7	0.545	1	1	1	0.429	0.333	5.45
811	h1	1	1.0	0.7	0.474	1	1	1	0.429	0.275	3.91
824	h1	1	0.905	0.909	0.747	1	1	1	0.829	0.776	39.53
825	h1	1	1.0	1.0	0.775	1	1	1	0.857	0.8	53.13
826	h1	1	1.0	1.0	0.692	1	1	1	0.857	0.741	43.94
827	h1	1	1.0	1.0	0.455	1	1	1	0.138	0.357	2.24
828	h1	1	0.633	0.636	0.664	1	1	1	0.829	0.776	17.2
829	h1	1	0.662	0.6	0.727	1	1	1	0.857	0.8	19.8
830	h1	1	0.6	0.6	0.727	1	1	1	0.857	0.8	17.94
831	h1	1	0.686	0.6	0.727	1	1	1	0.857	0.612	15.69
832	h1	1	0.614	0.605	0.688	1	1	1	0.786	0.8	16.07
833	h1	1	0.7	0.7	0.727	1	1	1	0.786	0.8	22.4
834	h1	1	0.7	0.7	0.727	1	1	1	0.786	0.8	22.4
835	h1	1	0.643	0.7	0.466	1	1	1	0.74	0.541	8.4
836	h1	1	1.0	0.7	1.0	1	1	1	0.786	0.867	47.7
837	h1	1	1.0	0.7	1.0	1	1	1	0.786	0.867	47.7
838	h1	1	1.0	0.7	1.0	1	1	1	0.786	0.867	47.7
839	h1	1	1.0	0.7	1.0	1	1	1	0.77	0.561	30.24
840	h1	1	0.8	1.0	0.818	1	1	1	0.786	0.933	47.99
841	h1	1	0.8	1.0	0.818	1	1	1	0.786	0.933	47.99
842	h1	1	0.8	1.0	0.818	1	1	1	0.786	0.933	47.99
843	h1	1	0.8	1.0	0.818	1	1	1	0.781	0.631	32.25
844	h1	1	0.7	0.7	0.727	1	1	1	0.786	0.867	24.28
845	h1	1	0.7	0.7	0.727	1	1	1	0.786	0.867	24.28
846	h1	1	0.7	0.7	0.727	1	1	1	0.786	0.933	26.12
847	h1	1	0.7	0.7	0.727	1	1	1	0.765	0.604	16.46
848	h1	1	0.952	0.632	0.818	1	1	1	0.758	0.8	29.84
849	h1	1	1.0	0.7	0.818	1	1	1	0.786	0.8	36.01
850	h1	1	1.0	0.7	0.818	1	1	1	0.786	0.8	36.01
851	h1	1	1.0	0.618	0.818	1	1	1	0.675	0.541	18.46
852	h1	1	0.905	0.636	0.664	1	1	1	0.76	0.776	22.54
853	h1	1	1.0	0.7	0.727	1	1	1	0.786	0.8	32.0
854	h1	1	1.0	0.7	0.727	1	1	1	0.786	0.8	32.0
855	h1	1	1.0	0.7	0.727	1	1	1	0.786	0.588	23.52
856	h1	1	0.633	0.909	0.913	1	1	1	0.76	0.776	30.98
857	h1	1	0.7	1.0	1.0	1	1	1	0.786	0.8	44.02
858	h1	1	0.7	1.0	1.0	1	1	1	0.786	0.753	41.43
859	h1	1	0.7	1.0	1.0	1	1	1	0.426	0.408	12.17
896	h1	1	0.814	0.636	0.913	1	1	1	0.76	0.776	27.88
897	h1	1	0.943	0.7	1.0	1	1	1	0.786	0.8	41.51
898	h1	1	1.0	0.7	1.0	1	1	1	0.786	0.8	44.02
899	h1	1	0.919	0.7	1.0	1	1	1	0.786	0.769	38.88
900	h1	1	0.643	0.35	0.348	1	1	1	0.127	0.451	0.45
901	h1	1	0.814	0.909	0.664	1	1	1	0.76	0.776	28.98
902	h1	1	0.9	1.0	0.727	1	1	1	0.786	0.8	41.14
903	h1	1	0.9	1.0	0.727	1	1	1	0.786	0.8	41.14
904	h1	1	0.9	1.0	0.727	1	1	1	0.786	0.8	41.14
905	h1	1	0.6	0.5	0.253	1	1	1	0.127	0.541	0.52
906	h1	1	0.633	0.909	0.913	1	1	1	0.636	0.776	25.93
907	h1	1	0.7	1.0	1.0	1	1	1	0.786	0.8	44.02
908	h1	1	0.7	1.0	1.0	1	1	1	0.786	0.8	44.02
909	h1	1	0.7	1.0	1.0	1	1	1	0.786	0.8	44.02
910	h1	1	0.467	0.5	0.348	1	1	1	0.251	0.541	1.1
911	h1	1	0.633	0.727	0.664	1	1	1	0.76	0.776	18.02
912	h1	1	0.7	0.8	0.727	1	1	1	0.786	0.8	25.6
913	h1	1	0.7	0.8	0.727	1	1	1	0.786	0.8	25.6
914	h1	1	0.7	0.8	0.727	1	1	1	0.786	0.765	24.48
915	h1	1	0.467	0.4	0.253	1	1	1	0.127	0.451	0.27
