ChipID	Half	Layer0	Layer1	Layer2	Layer3	Layer4	Layer5	Layer6	Layer7	Layer8	Peff(%)
344	h0	0.76	1	1	1	1	0.957	1	0.786	0.867	19.83
345	h0	0.8	1	1	1	1	1.0	1	0.786	0.867	21.81
346	h0	0.8	1	1	1	1	0.783	1	0.786	0.735	11.83
347	h0	0.95	1	1	1	1	0.87	1	0.786	0.933	48.49
348	h0	1.0	1	1	1	1	0.909	1	0.786	0.933	53.33
349	h0	1.0	1	1	1	1	0.909	1	0.786	0.792	37.06
350	h0	0.76	1	1	1	1	0.957	1	0.786	0.8	36.59
351	h0	0.765	1	1	1	1	1.0	1	0.786	0.8	38.48
352	h0	0.7	1	1	1	1	1.0	1	0.786	0.679	24.47
353	h0	0.76	1	1	1	1	0.783	1	0.286	0.2	1.36
354	h0	0.84	1	1	1	1	0.818	1	0.286	0.2	1.57
355	h0	0.9	1	1	1	1	0.64	1	0.286	0.17	0.92
392	h0	0.665	1	1	1	1	0.696	1	0.786	0.933	27.15
393	h0	0.7	1	1	1	1	0.727	1	0.786	0.933	29.86
394	h0	0.7	1	1	1	1	0.727	1	0.786	0.933	28.51
395	h0	0.7	1	1	1	1	0.727	1	0.25	0.735	4.25
396	h0	0.95	1	1	1	1	0.696	1	0.786	0.867	36.05
397	h0	1.0	1	1	1	1	0.727	1	0.786	0.867	39.63
398	h0	1.0	1	1	1	1	0.727	1	0.786	0.867	39.63
399	h0	1.0	1	1	1	1	0.727	1	0.786	0.683	23.65
400	h0	0.9	1	1	1	1	0.727	1	0.929	0.79	41.63
401	h0	1.0	1	1	1	1	0.727	1	0.857	0.8	43.21
402	h0	1.0	1	1	1	1	0.727	1	0.857	0.8	43.21
403	h0	1.0	1	1	1	1	0.727	1	0.857	0.529	19.91
404	h0	0.7	1	1	1	1	0.818	1	0.929	0.8	39.7
405	h0	0.7	1	1	1	1	0.818	1	0.929	0.8	39.7
406	h0	0.7	1	1	1	1	0.818	1	0.929	0.8	39.7
407	h0	0.7	1	1	1	1	0.711	1	0.929	0.566	17.04
408	h0	0.8	1	1	1	1	1.0	1	1.0	0.8	59.71
409	h0	0.8	1	1	1	1	1.0	1	1.0	0.8	59.71
410	h0	0.8	1	1	1	1	1.0	1	1.0	0.8	59.71
411	h0	0.8	1	1	1	1	0.87	1	1.0	0.606	27.46
412	h0	0.9	1	1	1	1	0.727	1	0.929	0.8	42.16
413	h0	0.9	1	1	1	1	0.727	1	0.929	0.8	42.16
414	h0	0.9	1	1	1	1	0.727	1	0.929	0.8	42.16
415	h0	0.9	1	1	1	1	0.609	1	0.929	0.566	17.41
416	h0	0.58	1	1	1	1	0.708	1	0.857	0.752	21.17
417	h0	0.7	1	1	1	1	0.727	1	0.857	0.8	27.91
418	h0	0.7	1	1	1	1	0.727	1	0.857	0.8	27.91
419	h0	0.7	1	1	1	1	0.727	1	0.857	0.723	17.59
420	h0	0.665	1	1	1	1	0.696	1	0.786	0.8	23.28
421	h0	0.7	1	1	1	1	0.727	1	0.786	0.8	25.6
422	h0	0.7	1	1	1	1	0.727	1	0.786	0.8	25.6
423	h0	0.7	1	1	1	1	0.727	1	0.786	0.63	15.27
424	h0	0.95	1	1	1	1	0.696	1	0.786	0.8	33.26
425	h0	1.0	1	1	1	1	0.727	1	0.786	0.8	36.57
426	h0	1.0	1	1	1	1	0.727	1	0.786	0.719	30.9
427	h0	1.0	1	1	1	1	0.727	1	0.25	0.21	1.54
448	h0	0.76	1	1	1	1	0.957	1	0.786	0.8	36.59
449	h0	0.8	1	1	1	1	1.0	1	0.786	0.8	40.24
450	h0	0.8	1	1	1	1	1.0	1	0.786	0.8	40.24
451	h0	0.8	1	1	1	1	1.0	1	0.786	0.8	39.44
452	h0	0.68	1	1	1	1	1.0	1	0.157	0.657	3.58
453	h0	0.575	1	1	1	1	0.783	1	0.857	0.8	24.69
454	h0	0.7	1	1	1	1	0.818	1	0.857	0.8	31.41
455	h0	0.7	1	1	1	1	0.818	1	0.857	0.8	31.41
456	h0	0.7	1	1	1	1	0.818	1	0.857	0.8	31.41
457	h0	0.61	1	1	1	1	0.818	1	0.2	0.606	3.37
458	h0	0.95	1	1	1	1	0.87	1	0.857	0.8	45.33
459	h0	1.0	1	1	1	1	0.909	1	0.786	0.8	45.73
460	h0	1.0	1	1	1	1	0.909	1	0.786	0.8	45.73
461	h0	1.0	1	1	1	1	0.909	1	0.786	0.8	45.73
462	h0	0.85	1	1	1	1	0.909	1	0.2	0.606	5.23
463	h0	0.665	1	1	1	1	0.957	1	0.786	0.8	32.01
464	h0	0.7	1	1	1	1	1.0	1	0.786	0.8	35.21
465	h0	0.7	1	1	1	1	1.0	1	0.786	0.8	35.21
466	h0	0.7	1	1	1	1	1.0	1	0.786	0.715	30.21
467	h0	0.595	1	1	1	1	1.0	1	0.183	0.303	1.53
812	h1	0.665	1	1	1	1	0.87	1	0.776	0.905	18.97
813	h1	0.7	1	1	1	1	0.909	1	0.786	0.933	21.79
814	h1	0.7	1	1	1	1	0.711	1	0.786	0.82	12.25
815	h1	0.95	1	1	1	1	0.87	1	0.76	0.905	45.48
816	h1	1.0	1	1	1	1	0.909	1	0.786	0.933	53.33
817	h1	1.0	1	1	1	1	0.909	1	0.786	0.82	38.37
818	h1	0.76	1	1	1	1	0.957	1	0.76	0.776	34.32
819	h1	0.77	1	1	1	1	1.0	1	0.786	0.8	38.73
820	h1	0.7	1	1	1	1	1.0	1	0.786	0.703	25.33
821	h1	0.665	1	1	1	1	0.87	1	0.207	0.129	0.62
822	h1	0.735	1	1	1	1	0.909	1	0.214	0.133	0.63
823	h1	0.8	1	1	1	1	0.711	1	0.214	0.117	0.39
860	h1	0.665	1	1	1	1	0.696	1	0.76	0.905	25.47
861	h1	0.7	1	1	1	1	0.727	1	0.786	0.933	29.86
862	h1	0.7	1	1	1	1	0.727	1	0.786	0.933	28.51
863	h1	0.7	1	1	1	1	0.727	1	0.271	0.764	4.79
864	h1	0.855	1	1	1	1	0.696	1	0.76	0.84	30.39
865	h1	0.9	1	1	1	1	0.727	1	0.786	0.867	35.67
866	h1	0.9	1	1	1	1	0.727	1	0.786	0.867	35.67
867	h1	0.9	1	1	1	1	0.727	1	0.786	0.709	22.1
868	h1	0.9	1	1	1	1	0.727	1	0.857	0.78	37.92
869	h1	1.0	1	1	1	1	0.727	1	0.857	0.8	43.21
870	h1	1.0	1	1	1	1	0.727	1	0.857	0.8	43.21
871	h1	1.0	1	1	1	1	0.727	1	0.857	0.549	20.66
872	h1	0.7	1	1	1	1	0.727	1	0.929	0.8	35.29
873	h1	0.7	1	1	1	1	0.727	1	0.929	0.8	35.29
874	h1	0.7	1	1	1	1	0.727	1	0.929	0.8	35.29
875	h1	0.7	1	1	1	1	0.632	1	0.929	0.59	15.79
876	h1	0.7	1	1	1	1	1.0	1	1.0	0.8	52.25
877	h1	0.7	1	1	1	1	1.0	1	1.0	0.8	52.25
878	h1	0.7	1	1	1	1	1.0	1	1.0	0.8	52.25
879	h1	0.7	1	1	1	1	0.87	1	0.929	0.6	22.1
880	h1	1.0	1	1	1	1	0.727	1	1.0	0.8	50.42
881	h1	1.0	1	1	1	1	0.727	1	1.0	0.8	50.42
882	h1	1.0	1	1	1	1	0.727	1	1.0	0.8	50.42
883	h1	1.0	1	1	1	1	0.601	1	1.0	0.574	20.84
884	h1	0.61	1	1	1	1	0.708	1	0.929	0.758	24.33
885	h1	0.7	1	1	1	1	0.727	1	0.929	0.8	30.26
886	h1	0.7	1	1	1	1	0.727	1	0.929	0.8	30.26
887	h1	0.7	1	1	1	1	0.727	1	0.929	0.723	19.07
888	h1	0.665	1	1	1	1	0.696	1	0.76	0.776	21.84
889	h1	0.7	1	1	1	1	0.727	1	0.786	0.8	25.6
890	h1	0.7	1	1	1	1	0.727	1	0.786	0.8	25.6
891	h1	0.7	1	1	1	1	0.727	1	0.786	0.655	15.88
892	h1	0.95	1	1	1	1	0.696	1	0.76	0.776	31.2
893	h1	1.0	1	1	1	1	0.727	1	0.786	0.8	36.57
894	h1	1.0	1	1	1	1	0.727	1	0.786	0.735	31.58
895	h1	1.0	1	1	1	1	0.727	1	0.214	0.218	1.2
916	h1	0.76	1	1	1	1	0.957	1	0.76	0.776	34.32
917	h1	0.8	1	1	1	1	1.0	1	0.786	0.8	40.24
918	h1	0.8	1	1	1	1	1.0	1	0.786	0.8	40.24
919	h1	0.8	1	1	1	1	1.0	1	0.786	0.8	39.44
920	h1	0.68	1	1	1	1	1.0	1	0.183	0.606	3.85
921	h1	0.485	1	1	1	1	0.783	1	0.76	0.727	16.79
922	h1	0.69	1	1	1	1	0.818	1	0.786	0.8	28.39
923	h1	0.7	1	1	1	1	0.818	1	0.786	0.8	28.8
924	h1	0.7	1	1	1	1	0.818	1	0.786	0.8	28.8
925	h1	0.625	1	1	1	1	0.818	1	0.183	0.594	3.1
926	h1	0.95	1	1	1	1	0.783	1	0.829	0.776	38.28
927	h1	1.0	1	1	1	1	0.818	1	0.857	0.8	44.87
928	h1	1.0	1	1	1	1	0.818	1	0.857	0.8	44.87
929	h1	1.0	1	1	1	1	0.818	1	0.857	0.8	44.87
930	h1	0.85	1	1	1	1	0.818	1	0.2	0.606	4.7
931	h1	0.76	1	1	1	1	0.957	1	0.76	0.776	34.32
932	h1	0.8	1	1	1	1	1.0	1	0.786	0.8	40.24
933	h1	0.8	1	1	1	1	1.0	1	0.786	0.8	40.24
934	h1	0.8	1	1	1	1	1.0	1	0.786	0.727	35.11
935	h1	0.68	1	1	1	1	1.0	1	0.183	0.303	1.75
