 ChipID Half   Layer0   Layer1  Layer2   Layer3  Layer4   Layer5   Layer6   Layer7   Layer8  Pseaudo_Eff
    344   h0 0.631579 0.842105       1 0.761905       1 0.668182 0.740741 0.846154 0.785714     0.133343
    345   h0 0.666667 0.888889       1 0.800000       1 0.700000 0.769231 0.846154 0.785714     0.169713
    346   h0 0.666667 0.888889       1 0.800000       1 0.700000 0.769231 0.846154 0.785714     0.169713
    347   h0 0.842105 0.842105       1 0.666667       1 0.859091 0.740741 0.769231 0.714286     0.165301
    348   h0 0.888889 0.888889       1 0.700000       1 0.900000 0.769231 0.769231 0.714286     0.210388
    349   h0 0.888889 0.888889       1 0.700000       1 0.900000 0.769231 0.769231 0.783410     0.230748
    350   h0 0.631579 0.947368       1 0.666667       1 0.727273 0.740741 0.769231 0.785714     0.129879
    351   h0 0.666667 1.000000       1 0.700000       1 0.800000 0.769231 0.769231 0.785714     0.173570
    352   h0 0.666667 1.000000       1 0.700000       1 0.800000 0.769231 0.769231 0.785714     0.173570
    353   h0 0.947368 0.631579       1 0.952381       1 0.645455 0.740741 0.923077 0.857143     0.215566
    354   h0 1.000000 0.666667       1 1.000000       1 0.700000 0.769231 0.923077 0.785714     0.260355
    355   h0 1.000000 0.666667       1 1.000000       1 0.700000 0.769231 0.923077 0.785714     0.260355
    392   h0 0.842105 0.631579       1 0.952381       1 0.954545 0.814815 0.769231 0.857143     0.259759
    393   h0 0.888889 0.666667       1 1.000000       1 1.000000 0.846154 0.769231 0.857143     0.330610
    394   h0 0.888889 0.666667       1 1.000000       1 1.000000 0.846154 0.769231 0.790323     0.304836
    395   h0 0.888889 0.666667       1 1.000000       1 1.000000 0.846154 0.675824 0.785714     0.266259
    396   h0 0.631579 0.947368       1 0.666667       1 0.668182 0.962963 0.769231 0.785714     0.155125
    397   h0 0.666667 1.000000       1 0.700000       1 0.700000 1.000000 0.769231 0.785714     0.197436
    398   h0 0.666667 1.000000       1 0.700000       1 0.700000 1.000000 0.769231 0.785714     0.197436
    399   h0 0.666667 1.000000       1 0.700000       1 0.700000 1.000000 0.769231 0.785714     0.197436
    400   h0 0.789474 0.614035       1 0.614286       1 0.654545 0.649573 0.769231 0.721198     0.070239
    401   h0 1.000000 0.777778       1 0.700000       1 0.700000 0.769231 0.769231 0.785714     0.177186
    402   h0 1.000000 0.777778       1 0.700000       1 0.700000 0.769231 0.769231 0.785714     0.177186
    403   h0 1.000000 0.777778       1 0.676190       1 0.700000 0.769231 0.769231 0.769585     0.167646
    404   h0 0.736842 0.666667       1 0.700000       1 0.700000 0.746439 0.923077 0.767281     0.127252
    405   h0 0.777778 0.666667       1 0.700000       1 0.700000 0.769231 0.923077 0.785714     0.141749
    406   h0 0.777778 0.666667       1 0.700000       1 0.700000 0.769231 0.923077 0.785714     0.141749
    407   h0 0.777778 0.666667       1 0.700000       1 0.700000 0.769231 0.923077 0.785714     0.141749
    408   h0 0.736842 0.947368       1 1.000000       1 1.000000 0.746439 1.000000 0.767281     0.399799
    409   h0 0.777778 1.000000       1 1.000000       1 1.000000 0.769231 1.000000 0.785714     0.470085
    410   h0 0.777778 1.000000       1 1.000000       1 1.000000 0.769231 1.000000 0.785714     0.470085
    411   h0 0.777778 1.000000       1 1.000000       1 1.000000 0.769231 1.000000 0.785714     0.470085
    412   h0 0.947368 0.654971       1 0.700000       1 0.700000 0.712251 0.923077 0.767281     0.153378
    413   h0 1.000000 0.666667       1 0.700000       1 0.700000 0.769231 0.923077 0.785714     0.182249
    414   h0 1.000000 0.666667       1 0.700000       1 0.700000 0.769231 0.923077 0.785714     0.182249
    415   h0 1.000000 0.666667       1 0.700000       1 0.700000 0.769231 0.923077 0.758065     0.175835
    416   h0 0.502924 0.684211       1 0.647619       1 0.618182 0.888889 0.769231 0.682028     0.064244
    417   h0 0.666667 1.000000       1 0.800000       1 0.700000 0.923077 0.769231 0.785714     0.208284
    418   h0 0.666667 1.000000       1 0.800000       1 0.700000 0.923077 0.769231 0.785714     0.208284
    419   h0 0.666667 1.000000       1 0.800000       1 0.700000 0.923077 0.769231 0.785714     0.208284
    420   h0 0.842105 0.947368       1 0.857143       1 0.659091 0.740741 0.769231 0.785714     0.201777
    421   h0 0.888889 1.000000       1 0.900000       1 0.700000 0.769231 0.769231 0.785714     0.260355
    422   h0 0.888889 1.000000       1 0.900000       1 0.700000 0.769231 0.769231 0.785714     0.260355
    423   h0 0.888889 1.000000       1 0.900000       1 0.700000 0.769231 0.769231 0.852535     0.282497
    424   h0 0.842105 0.631579       1 0.857143       1 0.909091 0.740741 0.769231 0.785714     0.185542
    425   h0 0.888889 0.666667       1 0.900000       1 1.000000 0.769231 0.769231 0.785714     0.247957
    426   h0 0.888889 0.666667       1 0.900000       1 1.000000 0.769231 0.769231 0.785714     0.247957
    427   h0 0.888889 0.666667       1 0.900000       1 1.000000 0.569801 0.675824 0.721198     0.148119
    448   h0 0.947368 0.631579       1 0.666667       1 0.763636 0.814815 0.769231 0.785714     0.150011
    449   h0 1.000000 0.666667       1 0.700000       1 0.800000 0.846154 0.769231 0.785714     0.190927
    450   h0 1.000000 0.666667       1 0.700000       1 0.800000 0.846154 0.769231 0.785714     0.190927
    451   h0 1.000000 0.666667       1 0.700000       1 0.800000 0.846154 0.769231 0.785714     0.190927
    452   h0 1.000000 0.666667       1 0.500000       1 0.800000 0.532764 0.384615 0.785714     0.042933
    453   h0 0.210526 0.947368       1 0.952381       1 0.954545 0.279202 0.642857 0.564516     0.018371
    454   h0 0.619883 1.000000       1 1.000000       1 1.000000 0.769231 0.769231 0.785714     0.288196
    455   h0 0.666667 1.000000       1 1.000000       1 1.000000 0.769231 0.769231 0.785714     0.309946
    456   h0 0.666667 1.000000       1 1.000000       1 1.000000 0.769231 0.769231 0.785714     0.309946
    457   h0 0.666667 1.000000       1 0.714286       1 1.000000 0.740741 0.461538 0.758065     0.123413
    458   h0 0.947368 0.736842       1 0.952381       1 0.954545 0.923077 0.670330 0.714286     0.280478
    459   h0 1.000000 0.777778       1 1.000000       1 1.000000 0.923077 0.769231 0.714286     0.394477
    460   h0 1.000000 0.777778       1 1.000000       1 1.000000 0.923077 0.769231 0.714286     0.394477
    461   h0 1.000000 0.777778       1 1.000000       1 1.000000 0.923077 0.769231 0.714286     0.394477
    462   h0 1.000000 0.777778       1 0.714286       1 1.000000 0.581197 0.461538 0.778802     0.116061
    463   h0 0.631579 0.631579       1 0.666667       1 0.668182 0.740741 0.769231 0.785714     0.079551
    464   h0 0.666667 0.666667       1 0.700000       1 0.700000 0.769231 0.769231 0.785714     0.101249
    465   h0 0.666667 0.666667       1 0.700000       1 0.700000 0.769231 0.769231 0.785714     0.101249
    466   h0 0.666667 0.666667       1 0.700000       1 0.700000 0.769231 0.769231 0.785714     0.101249
    467   h0 0.666667 0.666667       1 0.500000       1 0.700000 0.484330 0.384615 0.656682     0.019029
    812   h1 0.596491 0.947368       1 0.723810       1 0.800000 0.769231 0.846154 0.785714     0.167343
    813   h1 0.666667 1.000000       1 0.800000       1 0.750000 0.769231 0.846154 0.785714     0.204565
    814   h1 0.666667 1.000000       1 0.800000       1 0.686364 0.769231 0.846154 0.785714     0.187208
    815   h1 0.795322 0.736842       1 0.642857       1 0.900000 0.769231 0.769231 0.785714     0.157635
    816   h1 0.888889 0.777778       1 0.700000       1 0.900000 0.769231 0.769231 0.785714     0.202498
    817   h1 0.888889 0.777778       1 0.700000       1 0.900000 0.769231 0.769231 0.785714     0.202498
    818   h1 0.596491 0.947368       1 0.666667       1 0.800000 0.769231 0.769231 0.857143     0.152858
    819   h1 0.666667 1.000000       1 0.700000       1 0.800000 0.769231 0.769231 0.857143     0.189349
    820   h1 0.666667 1.000000       1 0.700000       1 0.800000 0.769231 0.769231 0.857143     0.189349
    821   h1 0.894737 0.631579       1 0.952381       1 0.700000 0.769231 0.923077 0.857143     0.229287
    822   h1 1.000000 0.666667       1 1.000000       1 0.650000 0.769231 0.923077 0.788018     0.242467
    823   h1 1.000000 0.666667       1 1.000000       1 0.595455 0.769231 0.923077 0.785714     0.221471
    860   h1 0.795322 0.631579       1 0.952381       1 1.000000 0.846154 0.769231 0.785714     0.244654
    861   h1 0.888889 0.666667       1 1.000000       1 1.000000 0.846154 0.769231 0.785714     0.303059
    862   h1 0.888889 0.666667       1 1.000000       1 1.000000 0.846154 0.769231 0.785714     0.303059
    863   h1 0.888889 0.666667       1 1.000000       1 1.000000 0.846154 0.620879 0.785714     0.244612
    864   h1 0.596491 0.947368       1 0.666667       1 0.700000 1.000000 0.769231 0.785714     0.159386
    865   h1 0.666667 1.000000       1 0.700000       1 0.700000 1.000000 0.769231 0.785714     0.197436
    866   h1 0.666667 1.000000       1 0.700000       1 0.700000 1.000000 0.769231 0.785714     0.197436
    867   h1 0.666667 1.000000       1 0.700000       1 0.700000 1.000000 0.769231 0.785714     0.197436
    868   h1 0.842105 0.573099       1 0.642857       1 0.677273 0.683761 0.846154 0.737327     0.089637
    869   h1 1.000000 0.777778       1 0.700000       1 0.700000 0.769231 0.846154 0.785714     0.194905
    870   h1 1.000000 0.777778       1 0.700000       1 0.700000 0.769231 0.769231 0.785714     0.177186
    871   h1 1.000000 0.777778       1 0.676190       1 0.700000 0.769231 0.846154 0.767281     0.183858
    872   h1 0.596491 0.666667       1 0.700000       1 0.700000 0.757835 0.923077 0.778802     0.106157
    873   h1 0.666667 0.666667       1 0.700000       1 0.700000 0.769231 0.923077 0.785714     0.121499
    874   h1 0.666667 0.666667       1 0.700000       1 0.700000 0.769231 0.923077 0.785714     0.121499
    875   h1 0.666667 0.666667       1 0.700000       1 0.700000 0.769231 0.923077 0.785714     0.121499
    876   h1 0.695906 1.000000       1 1.000000       1 1.000000 0.769231 1.000000 0.760369     0.407035
    877   h1 0.777778 1.000000       1 1.000000       1 1.000000 0.769231 1.000000 0.785714     0.470085
    878   h1 0.777778 1.000000       1 1.000000       1 1.000000 0.769231 1.000000 0.785714     0.470085
    879   h1 0.777778 1.000000       1 1.000000       1 1.000000 0.769231 1.000000 0.785714     0.470085
    880   h1 0.894737 0.649123       1 0.700000       1 0.700000 0.814815 0.846154 0.744240     0.146029
    881   h1 1.000000 0.666667       1 0.700000       1 0.700000 0.846154 0.846154 0.785714     0.183767
    882   h1 1.000000 0.666667       1 0.700000       1 0.700000 0.769231 0.846154 0.785714     0.167061
    883   h1 1.000000 0.666667       1 0.700000       1 0.700000 0.769231 0.846154 0.767281     0.163142
    884   h1 0.479532 0.736842       1 0.647619       1 0.618182 0.925926 0.747253 0.702765     0.068783
    885   h1 0.666667 1.000000       1 0.800000       1 0.700000 1.000000 0.769231 0.785714     0.225641
    886   h1 0.666667 1.000000       1 0.800000       1 0.700000 1.000000 0.769231 0.785714     0.225641
    887   h1 0.666667 1.000000       1 0.800000       1 0.700000 1.000000 0.769231 0.785714     0.225641
    888   h1 0.947368 0.947368       1 0.952381       1 0.600000 0.769231 0.769231 0.785714     0.238439
    889   h1 1.000000 1.000000       1 1.000000       1 0.650000 0.769231 0.769231 0.788018     0.303084
    890   h1 1.000000 1.000000       1 1.000000       1 0.695455 0.769231 0.769231 0.788018     0.324279
    891   h1 1.000000 1.000000       1 1.000000       1 0.600000 0.769231 0.769231 0.785714     0.278952
    892   h1 0.695906 0.631579       1 0.761905       1 1.000000 0.769231 0.769231 0.857143     0.169842
    893   h1 0.777778 0.666667       1 0.800000       1 1.000000 0.769231 0.769231 0.857143     0.210388
    894   h1 0.777778 0.666667       1 0.800000       1 1.000000 0.769231 0.769231 0.790323     0.193987
    895   h1 0.777778 0.666667       1 0.900000       1 1.000000 0.555556 0.670330 0.714286     0.124135
    916   h1 0.894737 0.631579       1 0.661905       1 0.800000 0.846154 0.769231 0.785714     0.153031
    917   h1 1.000000 0.666667       1 0.700000       1 0.800000 0.846154 0.769231 0.785714     0.190927
    918   h1 1.000000 0.666667       1 0.700000       1 0.800000 0.846154 0.769231 0.785714     0.190927
    919   h1 1.000000 0.666667       1 0.700000       1 0.800000 0.846154 0.769231 0.785714     0.190927
    920   h1 1.000000 0.666667       1 0.500000       1 0.800000 0.532764 0.376374 0.785714     0.042013
    921   h1 0.298246 0.947368       1 0.904762       1 1.000000 0.307692 0.706044 0.619816     0.034422
    922   h1 0.631579 1.000000       1 1.000000       1 1.000000 0.769231 0.769231 0.785714     0.293633
    923   h1 0.666667 1.000000       1 1.000000       1 1.000000 0.769231 0.769231 0.785714     0.309946
    924   h1 0.666667 1.000000       1 1.000000       1 1.000000 0.769231 0.769231 0.785714     0.309946
    925   h1 0.666667 1.000000       1 0.714286       1 1.000000 0.740741 0.398352 0.764977     0.107488
    926   h1 0.894737 0.631579       1 0.900000       1 1.000000 0.923077 0.620879 0.714286     0.208201
    927   h1 1.000000 0.666667       1 0.900000       1 1.000000 0.923077 0.769231 0.714286     0.304311
    928   h1 1.000000 0.666667       1 1.000000       1 1.000000 0.923077 0.769231 0.714286     0.338123
    929   h1 1.000000 0.666667       1 1.000000       1 1.000000 0.923077 0.769231 0.781106     0.369754
    930   h1 1.000000 0.666667       1 0.714286       1 1.000000 0.547009 0.500000 0.785714     0.102332
    931   h1 0.619883 0.736842       1 0.700000       1 0.700000 0.769231 0.769231 0.785714     0.104054
    932   h1 0.666667 0.777778       1 0.700000       1 0.700000 0.769231 0.769231 0.788018     0.118470
    933   h1 0.666667 0.777778       1 0.700000       1 0.700000 0.769231 0.769231 0.854839     0.128516
    934   h1 0.666667 0.777778       1 0.700000       1 0.700000 0.769231 0.769231 0.790323     0.118817
    935   h1 0.666667 0.777778       1 0.500000       1 0.700000 0.455840 0.370879 0.721198     0.022127