 ChipID Half  Layer0   Layer1  Layer2   Layer3   Layer4   Layer5  Layer6   Layer7  Layer8  Pseaudo_Eff
    332   h0       1 0.705882       1 0.629630 0.631579 0.947368       1 0.696970       1     0.185344
    333   h0       1 0.750000       1 0.666667 0.666667 1.000000       1 0.727273       1     0.242424
    334   h0       1 0.750000       1 0.666667 0.666667 1.000000       1 0.727273       1     0.242424
    335   h0       1 0.823529       1 0.944444 0.947368 0.631579       1 0.696970       1     0.324352
    336   h0       1 0.875000       1 1.000000 1.000000 0.666667       1 0.727273       1     0.424242
    337   h0       1 0.875000       1 1.000000 1.000000 0.666667       1 0.727273       1     0.424242
    338   h0       1 0.705882       1 0.629630 0.947368 0.894737       1 0.958333       1     0.361034
    339   h0       1 0.750000       1 0.666667 1.000000 1.000000       1 1.000000       1     0.500000
    340   h0       1 0.750000       1 0.666667 1.000000 1.000000       1 1.000000       1     0.500000
    341   h0       1 0.941176       1 0.944444 0.631579 0.596491       1 0.784091       1     0.262570
    342   h0       1 1.000000       1 1.000000 0.666667 0.666667       1 0.818182       1     0.363636
    343   h0       1 1.000000       1 1.000000 0.666667 0.666667       1 0.818182       1     0.363636
    356   h0       1 0.705882       1 0.629630 0.631579 0.736842       1 0.784091       1     0.162176
    357   h0       1 0.750000       1 0.666667 0.666667 0.777778       1 0.818182       1     0.212121
    358   h0       1 0.750000       1 0.666667 0.666667 0.777778       1 0.818182       1     0.212121
    359   h0       1 0.750000       1 0.666667 0.666667 0.777778       1 0.818182       1     0.212121
    360   h0       1 0.823529       1 0.944444 0.736842 0.947368       1 0.958333       1     0.520314
    361   h0       1 0.875000       1 1.000000 0.777778 1.000000       1 1.000000       1     0.680556
    362   h0       1 0.875000       1 1.000000 0.777778 1.000000       1 1.000000       1     0.680556
    363   h0       1 0.875000       1 1.000000 0.777778 1.000000       1 1.000000       1     0.680556
    364   h0       1 0.411765       1 0.419753 0.684211 0.502924       1 0.647727       1     0.038524
    365   h0       1 0.875000       1 0.666667 1.000000 0.666667       1 0.818182       1     0.318182
    366   h0       1 0.875000       1 0.666667 1.000000 0.666667       1 0.818182       1     0.318182
    367   h0       1 0.875000       1 0.666667 1.000000 0.666667       1 0.818182       1     0.318182
    368   h0       1 0.669118       1 0.790123 0.619883 0.947368       1 0.750000       1     0.232856
    369   h0       1 0.875000       1 0.888889 0.666667 1.000000       1 1.000000       1     0.518519
    370   h0       1 0.875000       1 0.888889 0.666667 1.000000       1 1.000000       1     0.518519
    371   h0       1 0.875000       1 0.888889 0.666667 1.000000       1 1.000000       1     0.518519
    372   h0       1 0.669118       1 0.691358 0.894737 0.736842       1 0.545455       1     0.166354
    373   h0       1 0.875000       1 0.777778 1.000000 0.777778       1 0.727273       1     0.384961
    374   h0       1 0.875000       1 0.777778 1.000000 0.777778       1 0.727273       1     0.384961
    375   h0       1 0.875000       1 0.777778 1.000000 0.777778       1 0.727273       1     0.384961
    376   h0       1 0.573529       1 0.648148 0.631579 0.631579       1 0.575758       1     0.085374
    377   h0       1 0.750000       1 0.777778 0.666667 0.666667       1 0.727273       1     0.188552
    378   h0       1 0.750000       1 0.777778 0.666667 0.666667       1 0.727273       1     0.188552
    379   h0       1 0.750000       1 0.777778 0.666667 0.666667       1 0.727273       1     0.188552
    380   h0       1 0.566176       1 0.722222 0.573099 0.789474       1 0.424242       1     0.078488
    381   h0       1 0.875000       1 1.000000 0.777778 1.000000       1 0.727273       1     0.494949
    382   h0       1 0.875000       1 1.000000 0.777778 1.000000       1 0.727273       1     0.494949
    383   h0       1 0.875000       1 1.000000 0.777778 1.000000       1 0.727273       1     0.494949
    384   h0       1 0.705882       1 0.629630 0.947368 0.631579       1 0.696970       1     0.185344
    385   h0       1 0.750000       1 0.666667 1.000000 0.666667       1 0.727273       1     0.242424
    386   h0       1 0.750000       1 0.666667 1.000000 0.666667       1 0.727273       1     0.242424
    387   h0       1 0.750000       1 0.666667 1.000000 0.666667       1 0.727273       1     0.242424
    388   h0       1 0.941176       1 0.944444 0.631579 0.736842       1 0.696970       1     0.288312
    389   h0       1 1.000000       1 1.000000 0.666667 0.777778       1 0.727273       1     0.377104
    390   h0       1 1.000000       1 1.000000 0.666667 0.777778       1 0.727273       1     0.377104
    391   h0       1 0.875000       1 1.000000 0.666667 0.777778       1 0.727273       1     0.329966
    428   h0       1 0.823529       1 0.629630 0.842105 0.631579       1 0.696970       1     0.192208
    429   h0       1 0.875000       1 0.666667 0.888889 0.666667       1 0.727273       1     0.251403
    430   h0       1 0.875000       1 0.666667 0.888889 0.666667       1 0.727273       1     0.251403
    431   h0       1 0.875000       1 0.666667 0.888889 0.666667       1 0.727273       1     0.251403
    432   h0       1 0.875000       1 0.666667 0.888889 0.666667       1 0.727273       1     0.251403
    433   h0       1 0.823529       1 0.944444 0.526316 0.947368       1 0.435606       1     0.168933
    434   h0       1 0.875000       1 1.000000 0.649123 1.000000       1 0.715909       1     0.406624
    435   h0       1 0.875000       1 1.000000 0.666667 1.000000       1 0.727273       1     0.424242
    436   h0       1 0.875000       1 1.000000 0.666667 1.000000       1 0.727273       1     0.424242
    437   h0       1 0.875000       1 1.000000 0.666667 1.000000       1 0.727273       1     0.424242
    438   h0       1 0.000000       1 0.104938 0.842105 0.315789       1 0.208333       1     0.000000
    439   h0       1 0.529412       1 0.543210 0.888889 0.614035       1 1.000000       1     0.156965
    440   h0       1 0.750000       1 0.666667 0.888889 0.666667       1 1.000000       1     0.296296
    441   h0       1 0.750000       1 0.666667 0.888889 0.666667       1 1.000000       1     0.296296
    442   h0       1 0.750000       1 0.666667 0.888889 0.666667       1 1.000000       1     0.296296
    443   h0       1 0.823529       1 0.944444 0.631579 0.947368       1 0.784091       1     0.364895
    444   h0       1 0.875000       1 1.000000 0.666667 1.000000       1 0.818182       1     0.477273
    445   h0       1 0.875000       1 1.000000 0.666667 1.000000       1 0.818182       1     0.477273
    446   h0       1 0.875000       1 1.000000 0.666667 1.000000       1 0.818182       1     0.477273
    447   h0       1 0.875000       1 1.000000 0.666667 1.000000       1 0.727273       1     0.424242
    800   h1       1 0.661765       1 0.592593 0.631579 0.947368       1 0.727273       1     0.170649
    801   h1       1 0.750000       1 0.666667 0.666667 1.000000       1 0.727273       1     0.242424
    802   h1       1 0.750000       1 0.666667 0.666667 1.000000       1 0.727273       1     0.242424
    803   h1       1 0.882353       1 0.944444 0.947368 0.631579       1 0.727273       1     0.362629
    804   h1       1 1.000000       1 1.000000 1.000000 0.666667       1 0.727273       1     0.484848
    805   h1       1 1.000000       1 1.000000 1.000000 0.666667       1 0.727273       1     0.484848
    806   h1       1 0.661765       1 0.629630 0.947368 0.842105       1 1.000000       1     0.332410
    807   h1       1 0.750000       1 0.666667 1.000000 0.918129       1 1.000000       1     0.459064
    808   h1       1 0.750000       1 0.666667 1.000000 1.000000       1 1.000000       1     0.500000
    809   h1       1 0.772059       1 0.944444 0.631579 0.736842       1 0.727273       1     0.246789
    810   h1       1 0.875000       1 1.000000 0.666667 0.748538       1 0.727273       1     0.317562
    811   h1       1 0.875000       1 1.000000 0.666667 0.666667       1 0.727273       1     0.282828
    824   h1       1 0.661765       1 0.629630 0.631579 0.736842       1 0.909091       1     0.176278
    825   h1       1 0.750000       1 0.666667 0.666667 0.777778       1 0.909091       1     0.235690
    826   h1       1 0.750000       1 0.666667 0.666667 0.777778       1 0.909091       1     0.235690
    827   h1       1 0.750000       1 0.666667 0.666667 0.777778       1 0.909091       1     0.235690
    828   h1       1 0.772059       1 0.944444 0.842105 0.947368       1 1.000000       1     0.581717
    829   h1       1 1.000000       1 1.000000 0.888889 1.000000       1 1.000000       1     0.888889
    830   h1       1 1.000000       1 1.000000 0.888889 1.000000       1 1.000000       1     0.888889
    831   h1       1 1.000000       1 1.000000 0.888889 1.000000       1 1.000000       1     0.888889
    832   h1       1 0.308824       1 0.450617 0.684211 0.461988       1 0.719697       1     0.031658
    833   h1       1 0.750000       1 0.666667 1.000000 0.666667       1 0.909091       1     0.303030
    834   h1       1 0.750000       1 0.666667 1.000000 0.666667       1 0.909091       1     0.303030
    835   h1       1 0.750000       1 0.666667 1.000000 0.666667       1 0.909091       1     0.303030
    836   h1       1 0.617647       1 0.790123 0.631579 0.842105       1 0.791667       1     0.205481
    837   h1       1 0.875000       1 0.888889 0.666667 0.888889       1 1.000000       1     0.460905
    838   h1       1 0.875000       1 0.888889 0.666667 0.888889       1 1.000000       1     0.460905
    839   h1       1 0.875000       1 0.888889 0.666667 0.888889       1 1.000000       1     0.460905
    840   h1       1 0.573529       1 0.691358 0.947368 0.842105       1 0.579545       1     0.183329
    841   h1       1 0.750000       1 0.777778 1.000000 0.888889       1 0.727273       1     0.377104
    842   h1       1 0.750000       1 0.777778 1.000000 0.888889       1 0.727273       1     0.377104
    843   h1       1 0.750000       1 0.777778 1.000000 0.888889       1 0.727273       1     0.377104
    844   h1       1 0.669118       1 0.691358 0.631579 0.637427       1 0.598485       1     0.111459
    845   h1       1 0.875000       1 0.777778 0.666667 0.666667       1 0.727273       1     0.219978
    846   h1       1 0.875000       1 0.777778 0.666667 0.666667       1 0.727273       1     0.219978
    847   h1       1 0.875000       1 0.777778 0.666667 0.666667       1 0.727273       1     0.219978
    848   h1       1 0.566176       1 0.777778 0.654971 0.842105       1 0.511364       1     0.124201
    849   h1       1 0.875000       1 1.000000 0.888889 1.000000       1 0.818182       1     0.636364
    850   h1       1 0.875000       1 1.000000 0.888889 1.000000       1 0.818182       1     0.636364
    851   h1       1 0.875000       1 1.000000 0.888889 1.000000       1 0.818182       1     0.636364
    852   h1       1 0.772059       1 0.629630 0.947368 0.631579       1 0.727273       1     0.211534
    853   h1       1 0.875000       1 0.666667 1.000000 0.666667       1 0.727273       1     0.282828
    854   h1       1 0.875000       1 0.666667 1.000000 0.666667       1 0.727273       1     0.282828
    855   h1       1 0.875000       1 0.666667 1.000000 0.666667       1 0.727273       1     0.282828
    856   h1       1 0.772059       1 0.944444 0.631579 0.736842       1 0.727273       1     0.246789
    857   h1       1 0.875000       1 1.000000 0.666667 0.777778       1 0.818182       1     0.371212
    858   h1       1 0.875000       1 1.000000 0.666667 0.777778       1 0.818182       1     0.371212
    859   h1       1 0.875000       1 1.000000 0.666667 0.777778       1 0.818182       1     0.371212
    896   h1       1 0.661765       1 0.604938 0.842105 0.631579       1 0.727273       1     0.154848
    897   h1       1 0.750000       1 0.666667 0.888889 0.666667       1 0.727273       1     0.215488
    898   h1       1 0.750000       1 0.666667 0.888889 0.666667       1 0.727273       1     0.215488
    899   h1       1 0.750000       1 0.666667 0.888889 0.666667       1 0.727273       1     0.215488
    900   h1       1 0.750000       1 0.666667 0.888889 0.666667       1 0.727273       1     0.215488
    901   h1       1 0.772059       1 0.888889 0.526316 0.947368       1 0.465909       1     0.159428
    902   h1       1 0.875000       1 1.000000 0.649123 1.000000       1 0.727273       1     0.413078
    903   h1       1 0.875000       1 1.000000 0.666667 1.000000       1 0.727273       1     0.424242
    904   h1       1 0.875000       1 1.000000 0.666667 1.000000       1 0.727273       1     0.424242
    905   h1       1 0.875000       1 1.000000 0.666667 1.000000       1 0.727273       1     0.424242
    906   h1       1 0.000000       1 0.104938 0.842105 0.315789       1 0.250000       1     0.000000
    907   h1       1 0.617647       1 0.574074 0.888889 0.631579       1 1.000000       1     0.199060
    908   h1       1 0.875000       1 0.666667 0.888889 0.666667       1 1.000000       1     0.345679
    909   h1       1 0.875000       1 0.666667 0.888889 0.666667       1 1.000000       1     0.345679
    910   h1       1 0.875000       1 0.666667 0.888889 0.666667       1 1.000000       1     0.345679
    911   h1       1 0.772059       1 0.944444 0.631579 0.947368       1 0.727273       1     0.317300
    912   h1       1 0.875000       1 1.000000 0.666667 1.000000       1 0.727273       1     0.424242
    913   h1       1 0.875000       1 1.000000 0.666667 1.000000       1 0.727273       1     0.424242
    914   h1       1 0.875000       1 1.000000 0.666667 1.000000       1 0.727273       1     0.424242
    915   h1       1 0.875000       1 1.000000 0.666667 1.000000       1 0.727273       1     0.424242