 ChipID Half  Layer0   Layer1  Layer2   Layer3  Layer4   Layer5   Layer6   Layer7  Layer8  Pseaudo_Eff
    332   h0       1 0.705882       1 0.629630       1 0.947368 0.784091 0.696970       1     0.230100
    333   h0       1 0.750000       1 0.666667       1 1.000000 0.818182 0.727273       1     0.297521
    334   h0       1 0.750000       1 0.666667       1 1.000000 0.818182 0.727273       1     0.297521
    335   h0       1 0.823529       1 0.944444       1 0.631579 0.958333 0.696970       1     0.328106
    336   h0       1 0.875000       1 1.000000       1 0.666667 1.000000 0.727273       1     0.424242
    337   h0       1 0.875000       1 1.000000       1 0.666667 1.000000 0.727273       1     0.424242
    338   h0       1 0.705882       1 0.629630       1 0.894737 0.696970 0.958333       1     0.265609
    339   h0       1 0.750000       1 0.666667       1 1.000000 0.727273 1.000000       1     0.363636
    340   h0       1 0.750000       1 0.666667       1 1.000000 0.818182 1.000000       1     0.409091
    341   h0       1 0.941176       1 0.944444       1 0.596491 0.958333 0.784091       1     0.398414
    342   h0       1 1.000000       1 1.000000       1 0.666667 1.000000 0.818182       1     0.545455
    343   h0       1 1.000000       1 1.000000       1 0.666667 1.000000 0.818182       1     0.545455
    356   h0       1 0.705882       1 0.629630       1 0.736842 0.696970 0.784091       1     0.178967
    357   h0       1 0.750000       1 0.666667       1 0.777778 0.727273 0.818182       1     0.231405
    358   h0       1 0.750000       1 0.666667       1 0.777778 0.727273 0.818182       1     0.231405
    359   h0       1 0.750000       1 0.666667       1 0.777778 0.727273 0.818182       1     0.231405
    360   h0       1 0.823529       1 0.944444       1 0.947368 0.696970 0.958333       1     0.492158
    361   h0       1 0.875000       1 1.000000       1 1.000000 0.727273 1.000000       1     0.636364
    362   h0       1 0.875000       1 1.000000       1 1.000000 0.727273 1.000000       1     0.636364
    363   h0       1 0.875000       1 1.000000       1 1.000000 0.727273 1.000000       1     0.636364
    364   h0       1 0.411765       1 0.419753       1 0.502924 0.424242 0.647727       1     0.023886
    365   h0       1 0.875000       1 0.666667       1 0.666667 0.727273 0.818182       1     0.231405
    366   h0       1 0.875000       1 0.666667       1 0.666667 0.727273 0.818182       1     0.231405
    367   h0       1 0.875000       1 0.666667       1 0.666667 0.727273 0.818182       1     0.231405
    368   h0       1 0.669118       1 0.790123       1 0.947368 0.537879 0.750000       1     0.202051
    369   h0       1 0.875000       1 0.888889       1 1.000000 0.727273 1.000000       1     0.565657
    370   h0       1 0.875000       1 0.888889       1 1.000000 0.727273 1.000000       1     0.565657
    371   h0       1 0.875000       1 0.888889       1 1.000000 0.727273 1.000000       1     0.565657
    372   h0       1 0.669118       1 0.691358       1 0.736842 0.750000 0.545455       1     0.139444
    373   h0       1 0.875000       1 0.777778       1 0.777778 1.000000 0.727273       1     0.384961
    374   h0       1 0.875000       1 0.777778       1 0.777778 1.000000 0.727273       1     0.384961
    375   h0       1 0.875000       1 0.777778       1 0.777778 1.000000 0.727273       1     0.384961
    376   h0       1 0.573529       1 0.648148       1 0.631579 0.613636 0.575758       1     0.082948
    377   h0       1 0.750000       1 0.777778       1 0.666667 0.818182 0.727273       1     0.231405
    378   h0       1 0.750000       1 0.777778       1 0.666667 0.818182 0.727273       1     0.231405
    379   h0       1 0.750000       1 0.777778       1 0.666667 0.818182 0.727273       1     0.231405
    380   h0       1 0.566176       1 0.722222       1 0.789474 0.545455 0.424242       1     0.074702
    381   h0       1 0.875000       1 1.000000       1 1.000000 0.727273 0.727273       1     0.462810
    382   h0       1 0.875000       1 1.000000       1 1.000000 0.727273 0.727273       1     0.462810
    383   h0       1 0.875000       1 1.000000       1 1.000000 0.727273 0.727273       1     0.462810
    384   h0       1 0.705882       1 0.629630       1 0.631579 0.784091 0.696970       1     0.153400
    385   h0       1 0.750000       1 0.666667       1 0.666667 0.727273 0.727273       1     0.176309
    386   h0       1 0.750000       1 0.666667       1 0.666667 0.727273 0.727273       1     0.176309
    387   h0       1 0.750000       1 0.666667       1 0.666667 0.727273 0.727273       1     0.176309
    388   h0       1 0.941176       1 0.944444       1 0.736842 0.696970 0.696970       1     0.318163
    389   h0       1 1.000000       1 1.000000       1 0.777778 0.727273 0.727273       1     0.411387
    390   h0       1 1.000000       1 1.000000       1 0.777778 0.727273 0.727273       1     0.411387
    391   h0       1 0.875000       1 1.000000       1 0.777778 0.727273 0.727273       1     0.359963
    428   h0       1 0.823529       1 0.629630       1 0.631579 0.871212 0.696970       1     0.198852
    429   h0       1 0.875000       1 0.666667       1 0.666667 0.909091 0.727273       1     0.257117
    430   h0       1 0.875000       1 0.666667       1 0.666667 0.909091 0.727273       1     0.257117
    431   h0       1 0.875000       1 0.666667       1 0.666667 0.909091 0.727273       1     0.257117
    432   h0       1 0.875000       1 0.666667       1 0.666667 0.909091 0.727273       1     0.257117
    433   h0       1 0.823529       1 0.944444       1 0.947368 0.189394 0.435606       1     0.060790
    434   h0       1 0.875000       1 1.000000       1 1.000000 0.909091 0.715909       1     0.569473
    435   h0       1 0.875000       1 1.000000       1 1.000000 0.909091 0.727273       1     0.578512
    436   h0       1 0.875000       1 1.000000       1 1.000000 0.909091 0.727273       1     0.578512
    437   h0       1 0.875000       1 1.000000       1 1.000000 0.909091 0.727273       1     0.578512
    438   h0       1 0.000000       1 0.104938       1 0.315789 0.000000 0.208333       1     0.000000
    439   h0       1 0.529412       1 0.543210       1 0.614035 0.666667 1.000000       1     0.117724
    440   h0       1 0.750000       1 0.666667       1 0.666667 0.727273 1.000000       1     0.242424
    441   h0       1 0.750000       1 0.666667       1 0.666667 0.727273 1.000000       1     0.242424
    442   h0       1 0.750000       1 0.666667       1 0.666667 0.727273 1.000000       1     0.242424
    443   h0       1 0.823529       1 0.944444       1 0.947368 0.958333 0.784091       1     0.553678
    444   h0       1 0.875000       1 1.000000       1 1.000000 1.000000 0.818182       1     0.715909
    445   h0       1 0.875000       1 1.000000       1 1.000000 1.000000 0.818182       1     0.715909
    446   h0       1 0.875000       1 1.000000       1 1.000000 1.000000 0.818182       1     0.715909
    447   h0       1 0.875000       1 1.000000       1 1.000000 1.000000 0.727273       1     0.636364
    800   h1       1 0.661765       1 0.592593       1 0.947368 0.871212 0.727273       1     0.235396
    801   h1       1 0.750000       1 0.666667       1 1.000000 0.909091 0.727273       1     0.330579
    802   h1       1 0.750000       1 0.666667       1 1.000000 0.909091 0.727273       1     0.330579
    803   h1       1 0.882353       1 0.944444       1 0.631579 0.958333 0.727273       1     0.366826
    804   h1       1 1.000000       1 1.000000       1 0.666667 1.000000 0.727273       1     0.484848
    805   h1       1 1.000000       1 1.000000       1 0.666667 1.000000 0.727273       1     0.484848
    806   h1       1 0.661765       1 0.629630       1 0.842105 0.784091 1.000000       1     0.275120
    807   h1       1 0.750000       1 0.666667       1 0.918129 0.818182 1.000000       1     0.375598
    808   h1       1 0.750000       1 0.666667       1 1.000000 0.818182 1.000000       1     0.409091
    809   h1       1 0.772059       1 0.944444       1 0.736842 0.958333 0.727273       1     0.374468
    810   h1       1 0.875000       1 1.000000       1 0.748538 1.000000 0.727273       1     0.476342
    811   h1       1 0.875000       1 1.000000       1 0.666667 1.000000 0.727273       1     0.424242
    824   h1       1 0.661765       1 0.629630       1 0.736842 0.696970 0.909091       1     0.194529
    825   h1       1 0.750000       1 0.666667       1 0.777778 0.727273 0.909091       1     0.257117
    826   h1       1 0.750000       1 0.666667       1 0.777778 0.727273 0.909091       1     0.257117
    827   h1       1 0.750000       1 0.666667       1 0.777778 0.727273 0.909091       1     0.257117
    828   h1       1 0.772059       1 0.944444       1 0.947368 0.696970 1.000000       1     0.481459
    829   h1       1 1.000000       1 1.000000       1 1.000000 0.727273 1.000000       1     0.727273
    830   h1       1 1.000000       1 1.000000       1 1.000000 0.727273 1.000000       1     0.727273
    831   h1       1 1.000000       1 1.000000       1 1.000000 0.727273 1.000000       1     0.727273
    832   h1       1 0.308824       1 0.450617       1 0.461988 0.469697 0.719697       1     0.021733
    833   h1       1 0.750000       1 0.666667       1 0.666667 0.727273 0.909091       1     0.220386
    834   h1       1 0.750000       1 0.666667       1 0.666667 0.727273 0.909091       1     0.220386
    835   h1       1 0.750000       1 0.666667       1 0.666667 0.727273 0.909091       1     0.220386
    836   h1       1 0.617647       1 0.790123       1 0.842105 0.568182 0.791667       1     0.184855
    837   h1       1 0.875000       1 0.888889       1 0.888889 0.727273 1.000000       1     0.502806
    838   h1       1 0.875000       1 0.888889       1 0.888889 0.727273 1.000000       1     0.502806
    839   h1       1 0.875000       1 0.888889       1 0.888889 0.727273 1.000000       1     0.502806
    840   h1       1 0.573529       1 0.691358       1 0.842105 0.750000 0.579545       1     0.145136
    841   h1       1 0.750000       1 0.777778       1 0.888889 1.000000 0.727273       1     0.377104
    842   h1       1 0.750000       1 0.777778       1 0.888889 1.000000 0.727273       1     0.377104
    843   h1       1 0.750000       1 0.777778       1 0.888889 1.000000 0.727273       1     0.377104
    844   h1       1 0.669118       1 0.691358       1 0.637427 0.613636 0.598485       1     0.108293
    845   h1       1 0.875000       1 0.777778       1 0.666667 0.818182 0.727273       1     0.269972
    846   h1       1 0.875000       1 0.777778       1 0.666667 0.818182 0.727273       1     0.269972
    847   h1       1 0.875000       1 0.777778       1 0.666667 0.818182 0.727273       1     0.269972
    848   h1       1 0.566176       1 0.777778       1 0.842105 0.515152 0.511364       1     0.097687
    849   h1       1 0.875000       1 1.000000       1 1.000000 0.727273 0.818182       1     0.520661
    850   h1       1 0.875000       1 1.000000       1 1.000000 0.727273 0.818182       1     0.520661
    851   h1       1 0.875000       1 1.000000       1 1.000000 0.727273 0.818182       1     0.520661
    852   h1       1 0.772059       1 0.629630       1 0.631579 0.696970 0.727273       1     0.155623
    853   h1       1 0.875000       1 0.666667       1 0.666667 0.727273 0.727273       1     0.205693
    854   h1       1 0.875000       1 0.666667       1 0.666667 0.727273 0.727273       1     0.205693
    855   h1       1 0.875000       1 0.666667       1 0.666667 0.727273 0.727273       1     0.205693
    856   h1       1 0.772059       1 0.944444       1 0.736842 0.696970 0.727273       1     0.272341
    857   h1       1 0.875000       1 1.000000       1 0.777778 0.727273 0.818182       1     0.404959
    858   h1       1 0.875000       1 1.000000       1 0.777778 0.727273 0.818182       1     0.404959
    859   h1       1 0.875000       1 1.000000       1 0.777778 0.727273 0.818182       1     0.404959
    896   h1       1 0.661765       1 0.604938       1 0.631579 0.958333 0.727273       1     0.176220
    897   h1       1 0.750000       1 0.666667       1 0.666667 1.000000 0.727273       1     0.242424
    898   h1       1 0.750000       1 0.666667       1 0.666667 1.000000 0.727273       1     0.242424
    899   h1       1 0.750000       1 0.666667       1 0.666667 1.000000 0.727273       1     0.242424
    900   h1       1 0.750000       1 0.666667       1 0.666667 1.000000 0.727273       1     0.242424
    901   h1       1 0.772059       1 0.888889       1 0.947368 0.189394 0.465909       1     0.057370
    902   h1       1 0.875000       1 1.000000       1 1.000000 0.909091 0.727273       1     0.578512
    903   h1       1 0.875000       1 1.000000       1 1.000000 0.909091 0.727273       1     0.578512
    904   h1       1 0.875000       1 1.000000       1 1.000000 0.909091 0.727273       1     0.578512
    905   h1       1 0.875000       1 1.000000       1 1.000000 0.909091 0.727273       1     0.578512
    906   h1       1 0.000000       1 0.104938       1 0.315789 0.000000 0.250000       1     0.000000
    907   h1       1 0.617647       1 0.574074       1 0.631579 0.666667 1.000000       1     0.149295
    908   h1       1 0.875000       1 0.666667       1 0.666667 0.727273 1.000000       1     0.282828
    909   h1       1 0.875000       1 0.666667       1 0.666667 0.727273 1.000000       1     0.282828
    910   h1       1 0.875000       1 0.666667       1 0.666667 0.727273 1.000000       1     0.282828
    911   h1       1 0.772059       1 0.944444       1 0.947368 0.958333 0.727273       1     0.481459
    912   h1       1 0.875000       1 1.000000       1 1.000000 1.000000 0.727273       1     0.636364
    913   h1       1 0.875000       1 1.000000       1 1.000000 1.000000 0.727273       1     0.636364
    914   h1       1 0.875000       1 1.000000       1 1.000000 1.000000 0.727273       1     0.636364
    915   h1       1 0.875000       1 1.000000       1 1.000000 1.000000 0.727273       1     0.636364