 ChipID Half  Layer0   Layer1   Layer2   Layer3  Layer4   Layer5  Layer6  Layer7   Layer8  Pseaudo_Eff
    344   h0       1 0.937500 0.941176 0.629630       1 0.631579       1       1 0.641026     0.224921
    345   h0       1 1.000000 1.000000 0.666667       1 0.666667       1       1 0.666667     0.296296
    346   h0       1 1.000000 1.000000 0.666667       1 0.666667       1       1 0.714744     0.317664
    347   h0       1 0.585938 0.588235 0.944444       1 0.947368       1       1 0.801282     0.247106
    348   h0       1 0.625000 0.625000 1.000000       1 1.000000       1       1 0.833333     0.325521
    349   h0       1 0.625000 0.625000 1.000000       1 1.000000       1       1 0.788462     0.307993
    350   h0       1 0.585938 0.941176 0.629630       1 0.894737       1       1 0.961538     0.298724
    351   h0       1 0.625000 1.000000 0.666667       1 1.000000       1       1 1.000000     0.416667
    352   h0       1 0.625000 1.000000 0.666667       1 1.000000       1       1 1.000000     0.416667
    353   h0       1 0.937500 0.588235 0.734568       1 0.596491       1       1 0.801282     0.193617
    354   h0       1 1.000000 0.625000 0.777778       1 0.666667       1       1 0.833333     0.270062
    355   h0       1 1.000000 0.625000 0.777778       1 0.666667       1       1 0.833333     0.270062
    392   h0       1 0.937500 0.941176 0.629630       1 0.631579       1       1 0.721154     0.253036
    393   h0       1 1.000000 1.000000 0.666667       1 0.666667       1       1 0.750000     0.333333
    394   h0       1 1.000000 1.000000 0.666667       1 0.666667       1       1 0.750000     0.333333
    395   h0       1 1.000000 1.000000 0.666667       1 0.666667       1       1 0.750000     0.333333
    396   h0       1 0.585938 0.705882 0.839506       1 0.947368       1       1 0.721154     0.237222
    397   h0       1 0.625000 0.750000 0.888889       1 1.000000       1       1 0.750000     0.312500
    398   h0       1 0.625000 0.750000 0.888889       1 1.000000       1       1 0.750000     0.312500
    399   h0       1 0.625000 0.750000 0.888889       1 1.000000       1       1 0.750000     0.312500
    400   h0       1 0.562500 0.566176 0.666667       1 0.654971       1       1 0.435897     0.060616
    401   h0       1 1.000000 0.875000 1.000000       1 0.888889       1       1 0.750000     0.583333
    402   h0       1 1.000000 0.875000 1.000000       1 0.888889       1       1 0.750000     0.583333
    403   h0       1 1.000000 0.875000 1.000000       1 0.888889       1       1 0.750000     0.583333
    404   h0       1 0.460938 0.669118 0.586420       1 0.625731       1       1 0.544872     0.061664
    405   h0       1 0.625000 0.875000 0.666667       1 0.666667       1       1 0.750000     0.182292
    406   h0       1 0.625000 0.875000 0.666667       1 0.666667       1       1 0.750000     0.182292
    407   h0       1 0.625000 0.875000 0.666667       1 0.666667       1       1 0.750000     0.182292
    408   h0       1 0.750000 0.617647 0.833333       1 0.947368       1       1 0.554487     0.202783
    409   h0       1 1.000000 0.750000 1.000000       1 1.000000       1       1 0.750000     0.562500
    410   h0       1 1.000000 0.750000 1.000000       1 1.000000       1       1 0.750000     0.562500
    411   h0       1 1.000000 0.750000 1.000000       1 1.000000       1       1 0.750000     0.562500
    412   h0       1 0.445312 0.823529 0.580247       1 0.631579       1       1 0.608974     0.081843
    413   h0       1 0.625000 1.000000 0.666667       1 0.666667       1       1 0.833333     0.231481
    414   h0       1 0.625000 1.000000 0.666667       1 0.666667       1       1 0.833333     0.231481
    415   h0       1 0.625000 1.000000 0.666667       1 0.666667       1       1 0.833333     0.231481
    416   h0       1 0.500000 0.352941 0.611111       1 0.684211       1       1 0.653846     0.048246
    417   h0       1 1.000000 0.625000 1.000000       1 1.000000       1       1 1.000000     0.625000
    418   h0       1 1.000000 0.625000 1.000000       1 1.000000       1       1 1.000000     0.625000
    419   h0       1 1.000000 0.625000 1.000000       1 1.000000       1       1 1.000000     0.625000
    420   h0       1 0.585938 0.941176 0.629630       1 0.842105       1       1 0.721154     0.210864
    421   h0       1 0.625000 1.000000 0.666667       1 0.888889       1       1 0.750000     0.277778
    422   h0       1 0.625000 1.000000 0.666667       1 0.888889       1       1 0.750000     0.277778
    423   h0       1 0.625000 1.000000 0.666667       1 0.888889       1       1 0.750000     0.277778
    424   h0       1 0.937500 0.588235 0.944444       1 0.625731       1       1 0.801282     0.261139
    425   h0       1 1.000000 0.625000 1.000000       1 0.666667       1       1 0.833333     0.347222
    426   h0       1 1.000000 0.625000 1.000000       1 0.666667       1       1 0.750000     0.312500
    427   h0       1 1.000000 0.625000 1.000000       1 0.666667       1       1 0.782051     0.325855
    448   h0       1 0.937500 0.823529 0.734568       1 0.631579       1       1 0.961538     0.344411
    449   h0       1 1.000000 0.875000 0.777778       1 0.666667       1       1 1.000000     0.453704
    450   h0       1 1.000000 0.875000 0.777778       1 0.666667       1       1 1.000000     0.453704
    451   h0       1 1.000000 0.875000 0.777778       1 0.666667       1       1 1.000000     0.453704
    452   h0       1 1.000000 0.875000 0.777778       1 0.666667       1       1 1.000000     0.453704
    453   h0       1 0.468750 0.000000 0.629630       1 0.842105       1       1 0.035256     0.000000
    454   h0       1 0.578125 0.573529 0.666667       1 0.888889       1       1 0.916667     0.180113
    455   h0       1 0.625000 0.750000 0.666667       1 0.888889       1       1 0.916667     0.254630
    456   h0       1 0.625000 0.750000 0.666667       1 0.888889       1       1 0.916667     0.254630
    457   h0       1 0.625000 0.750000 0.666667       1 0.888889       1       1 0.916667     0.254630
    458   h0       1 0.117188 0.941176 0.419753       1 0.631579       1       1 0.801282     0.023429
    459   h0       1 0.468750 1.000000 0.617284       1 0.666667       1       1 0.833333     0.160751
    460   h0       1 0.625000 1.000000 0.666667       1 0.666667       1       1 0.833333     0.231481
    461   h0       1 0.625000 1.000000 0.666667       1 0.666667       1       1 0.833333     0.231481
    462   h0       1 0.625000 1.000000 0.666667       1 0.666667       1       1 0.833333     0.231481
    463   h0       1 0.937500 0.588235 0.944444       1 0.842105       1       1 0.641026     0.281152
    464   h0       1 1.000000 0.625000 1.000000       1 0.888889       1       1 0.666667     0.370370
    465   h0       1 1.000000 0.625000 1.000000       1 0.888889       1       1 0.666667     0.370370
    466   h0       1 1.000000 0.625000 1.000000       1 0.888889       1       1 0.666667     0.370370
    467   h0       1 1.000000 0.625000 1.000000       1 0.888889       1       1 0.676282     0.375712
    812   h1       1 0.937500 0.882353 0.623457       1 0.631579       1       1 0.750000     0.244292
    813   h1       1 1.000000 1.000000 0.666667       1 0.666667       1       1 0.750000     0.333333
    814   h1       1 1.000000 1.000000 0.666667       1 0.666667       1       1 0.750000     0.333333
    815   h1       1 0.585938 0.551471 0.944444       1 0.947368       1       1 0.750000     0.216835
    816   h1       1 0.625000 0.625000 1.000000       1 1.000000       1       1 0.750000     0.292969
    817   h1       1 0.625000 0.625000 1.000000       1 1.000000       1       1 0.750000     0.292969
    818   h1       1 0.585938 0.941176 0.629630       1 0.947368       1       1 1.000000     0.328947
    819   h1       1 0.625000 1.000000 0.666667       1 1.000000       1       1 1.000000     0.416667
    820   h1       1 0.625000 1.000000 0.666667       1 1.000000       1       1 1.000000     0.416667
    821   h1       1 0.937500 0.588235 0.839506       1 0.736842       1       1 0.833333     0.284276
    822   h1       1 1.000000 0.625000 0.777778       1 0.754386       1       1 0.833333     0.305596
    823   h1       1 1.000000 0.625000 0.777778       1 0.666667       1       1 0.833333     0.270062
    860   h1       1 0.937500 0.882353 0.629630       1 0.631579       1       1 0.750000     0.246711
    861   h1       1 1.000000 1.000000 0.666667       1 0.666667       1       1 0.750000     0.333333
    862   h1       1 1.000000 1.000000 0.666667       1 0.666667       1       1 0.750000     0.333333
    863   h1       1 1.000000 1.000000 0.666667       1 0.666667       1       1 0.750000     0.333333
    864   h1       1 0.585938 0.588235 0.839506       1 0.947368       1       1 0.833333     0.228436
    865   h1       1 0.625000 0.625000 0.888889       1 1.000000       1       1 0.833333     0.289352
    866   h1       1 0.625000 0.625000 0.888889       1 1.000000       1       1 0.833333     0.289352
    867   h1       1 0.625000 0.625000 0.888889       1 1.000000       1       1 0.833333     0.289352
    868   h1       1 0.562500 0.705882 0.666667       1 0.654971       1       1 0.474359     0.082242
    869   h1       1 1.000000 1.000000 1.000000       1 0.888889       1       1 0.750000     0.666667
    870   h1       1 1.000000 1.000000 1.000000       1 0.888889       1       1 0.750000     0.666667
    871   h1       1 1.000000 1.000000 1.000000       1 0.888889       1       1 0.750000     0.666667
    872   h1       1 0.468750 0.617647 0.586420       1 0.625731       1       1 0.564103     0.059929
    873   h1       1 0.625000 0.750000 0.666667       1 0.666667       1       1 0.750000     0.156250
    874   h1       1 0.625000 0.750000 0.666667       1 0.666667       1       1 0.750000     0.156250
    875   h1       1 0.625000 0.750000 0.666667       1 0.666667       1       1 0.750000     0.156250
    876   h1       1 0.812500 0.720588 0.888889       1 0.947368       1       1 0.576923     0.284443
    877   h1       1 1.000000 0.875000 1.000000       1 1.000000       1       1 0.750000     0.656250
    878   h1       1 1.000000 0.875000 1.000000       1 1.000000       1       1 0.750000     0.656250
    879   h1       1 1.000000 0.875000 1.000000       1 1.000000       1       1 0.750000     0.656250
    880   h1       1 0.484375 0.720588 0.580247       1 0.643275       1       1 0.634615     0.082678
    881   h1       1 0.625000 0.875000 0.666667       1 0.666667       1       1 0.916667     0.222801
    882   h1       1 0.625000 0.875000 0.666667       1 0.666667       1       1 0.916667     0.222801
    883   h1       1 0.625000 0.875000 0.666667       1 0.666667       1       1 0.916667     0.222801
    884   h1       1 0.562500 0.397059 0.611111       1 0.684211       1       1 0.692308     0.064653
    885   h1       1 1.000000 0.750000 1.000000       1 1.000000       1       1 1.000000     0.750000
    886   h1       1 1.000000 0.750000 1.000000       1 1.000000       1       1 1.000000     0.750000
    887   h1       1 1.000000 0.750000 1.000000       1 1.000000       1       1 1.000000     0.750000
    888   h1       1 0.585938 0.941176 0.629630       1 0.947368       1       1 0.750000     0.246711
    889   h1       1 0.625000 1.000000 0.666667       1 1.000000       1       1 0.750000     0.312500
    890   h1       1 0.625000 1.000000 0.666667       1 1.000000       1       1 0.801282     0.333868
    891   h1       1 0.625000 1.000000 0.666667       1 1.000000       1       1 0.804487     0.335203
    892   h1       1 0.937500 0.588235 0.944444       1 0.526316       1       1 0.833333     0.228436
    893   h1       1 1.000000 0.625000 1.000000       1 0.578947       1       1 0.833333     0.301535
    894   h1       1 1.000000 0.625000 1.000000       1 0.666667       1       1 0.785256     0.327190
    895   h1       1 1.000000 0.625000 1.000000       1 0.619883       1       1 0.750000     0.290570
    916   h1       1 0.937500 0.941176 0.691358       1 0.631579       1       1 1.000000     0.385277
    917   h1       1 1.000000 1.000000 0.777778       1 0.666667       1       1 1.000000     0.518519
    918   h1       1 1.000000 1.000000 0.777778       1 0.666667       1       1 1.000000     0.518519
    919   h1       1 1.000000 1.000000 0.777778       1 0.666667       1       1 1.000000     0.518519
    920   h1       1 1.000000 1.000000 0.777778       1 0.666667       1       1 1.000000     0.518519
    921   h1       1 0.468750 0.000000 0.691358       1 0.736842       1       1 0.064103     0.000000
    922   h1       1 0.578125 0.573529 0.777778       1 0.777778       1       1 0.833333     0.167150
    923   h1       1 0.625000 0.750000 0.777778       1 0.777778       1       1 0.833333     0.236304
    924   h1       1 0.625000 0.750000 0.777778       1 0.777778       1       1 0.833333     0.236304
    925   h1       1 0.625000 0.750000 0.777778       1 0.777778       1       1 0.833333     0.236304
    926   h1       1 0.000000 0.875000 0.419753       1 0.631579       1       1 0.750000     0.000000
    927   h1       1 0.500000 1.000000 0.617284       1 0.666667       1       1 0.750000     0.154321
    928   h1       1 0.625000 1.000000 0.666667       1 0.666667       1       1 0.750000     0.208333
    929   h1       1 0.625000 1.000000 0.666667       1 0.666667       1       1 0.750000     0.208333
    930   h1       1 0.625000 1.000000 0.666667       1 0.666667       1       1 0.750000     0.208333
    931   h1       1 0.937500 0.750000 0.944444       1 0.736842       1       1 0.666667     0.326206
    932   h1       1 1.000000 0.750000 1.000000       1 0.777778       1       1 0.666667     0.388889
    933   h1       1 1.000000 0.750000 1.000000       1 0.777778       1       1 0.666667     0.388889
    934   h1       1 1.000000 0.750000 1.000000       1 0.777778       1       1 0.695513     0.405716
    935   h1       1 1.000000 0.750000 1.000000       1 0.777778       1       1 0.750000     0.437500