 ChipID Half   Layer0  Layer1   Layer2   Layer3  Layer4  Layer5  Layer6   Layer7   Layer8  Pseaudo_Eff
    344   h0 0.585938       1 0.941176 0.629630       1       1       1 0.958333 0.641026     0.213304
    345   h0 0.625000       1 1.000000 0.666667       1       1       1 1.000000 0.666667     0.277778
    346   h0 0.625000       1 1.000000 0.666667       1       1       1 1.000000 0.714744     0.297810
    347   h0 0.937500       1 0.588235 0.944444       1       1       1 0.696970 0.801282     0.290869
    348   h0 1.000000       1 0.625000 1.000000       1       1       1 0.727273 0.833333     0.378788
    349   h0 1.000000       1 0.625000 1.000000       1       1       1 0.727273 0.788462     0.358392
    350   h0 0.585938       1 0.941176 0.629630       1       1       1 0.784091 0.961538     0.261782
    351   h0 0.625000       1 1.000000 0.666667       1       1       1 0.818182 1.000000     0.340909
    352   h0 0.625000       1 1.000000 0.666667       1       1       1 0.818182 1.000000     0.340909
    353   h0 0.937500       1 0.588235 0.734568       1       1       1 0.958333 0.801282     0.311069
    354   h0 1.000000       1 0.625000 0.777778       1       1       1 1.000000 0.833333     0.405093
    355   h0 1.000000       1 0.625000 0.777778       1       1       1 1.000000 0.833333     0.405093
    392   h0 0.585938       1 0.941176 0.629630       1       1       1 0.696970 0.721154     0.174522
    393   h0 0.625000       1 1.000000 0.666667       1       1       1 0.727273 0.750000     0.227273
    394   h0 0.625000       1 1.000000 0.666667       1       1       1 0.727273 0.750000     0.227273
    395   h0 0.625000       1 1.000000 0.666667       1       1       1 0.727273 0.750000     0.227273
    396   h0 0.937500       1 0.705882 0.839506       1       1       1 0.696970 0.721154     0.279235
    397   h0 1.000000       1 0.750000 0.888889       1       1       1 0.727273 0.750000     0.363636
    398   h0 1.000000       1 0.750000 0.888889       1       1       1 0.727273 0.750000     0.363636
    399   h0 1.000000       1 0.750000 0.888889       1       1       1 0.727273 0.750000     0.363636
    400   h0 0.421875       1 0.566176 0.666667       1       1       1 0.515152 0.435897     0.035757
    401   h0 0.750000       1 0.875000 1.000000       1       1       1 0.727273 0.750000     0.357955
    402   h0 0.750000       1 0.875000 1.000000       1       1       1 0.727273 0.750000     0.357955
    403   h0 0.750000       1 0.875000 1.000000       1       1       1 0.727273 0.750000     0.357955
    404   h0 0.601562       1 0.669118 0.586420       1       1       1 0.647727 0.544872     0.083306
    405   h0 0.875000       1 0.875000 0.666667       1       1       1 0.818182 0.750000     0.313210
    406   h0 0.875000       1 0.875000 0.666667       1       1       1 0.818182 0.750000     0.313210
    407   h0 0.875000       1 0.875000 0.666667       1       1       1 0.818182 0.750000     0.313210
    408   h0 0.515625       1 0.617647 0.833333       1       1       1 0.750000 0.554487     0.110369
    409   h0 0.750000       1 0.750000 1.000000       1       1       1 1.000000 0.750000     0.421875
    410   h0 0.750000       1 0.750000 1.000000       1       1       1 1.000000 0.750000     0.421875
    411   h0 0.750000       1 0.750000 1.000000       1       1       1 1.000000 0.750000     0.421875
    412   h0 0.656250       1 0.823529 0.580247       1       1       1 0.575758 0.608974     0.109951
    413   h0 0.875000       1 1.000000 0.666667       1       1       1 0.727273 0.833333     0.353535
    414   h0 0.875000       1 1.000000 0.666667       1       1       1 0.727273 0.833333     0.353535
    415   h0 0.875000       1 1.000000 0.666667       1       1       1 0.727273 0.833333     0.353535
    416   h0 0.382812       1 0.352941 0.611111       1       1       1 0.469697 0.653846     0.025357
    417   h0 0.875000       1 0.625000 1.000000       1       1       1 0.727273 1.000000     0.397727
    418   h0 0.875000       1 0.625000 1.000000       1       1       1 0.727273 1.000000     0.397727
    419   h0 0.875000       1 0.625000 1.000000       1       1       1 0.727273 1.000000     0.397727
    420   h0 0.703125       1 0.941176 0.629630       1       1       1 0.696970 0.721154     0.209426
    421   h0 0.750000       1 1.000000 0.666667       1       1       1 0.727273 0.750000     0.272727
    422   h0 0.750000       1 1.000000 0.666667       1       1       1 0.727273 0.750000     0.272727
    423   h0 0.750000       1 1.000000 0.666667       1       1       1 0.727273 0.750000     0.272727
    424   h0 0.937500       1 0.588235 0.944444       1       1       1 0.696970 0.801282     0.290869
    425   h0 1.000000       1 0.625000 1.000000       1       1       1 0.727273 0.833333     0.378788
    426   h0 1.000000       1 0.625000 1.000000       1       1       1 0.727273 0.750000     0.340909
    427   h0 1.000000       1 0.625000 1.000000       1       1       1 0.727273 0.782051     0.355478
    448   h0 0.703125       1 0.823529 0.734568       1       1       1 0.958333 0.961538     0.391947
    449   h0 0.750000       1 0.875000 0.777778       1       1       1 1.000000 1.000000     0.510417
    450   h0 0.750000       1 0.875000 0.777778       1       1       1 1.000000 1.000000     0.510417
    451   h0 0.750000       1 0.875000 0.777778       1       1       1 1.000000 1.000000     0.510417
    452   h0 0.750000       1 0.875000 0.777778       1       1       1 1.000000 1.000000     0.510417
    453   h0 0.000000       1 0.000000 0.629630       1       1       1 0.000000 0.035256     0.000000
    454   h0 0.687500       1 0.573529 0.666667       1       1       1 0.696970 0.916667     0.167943
    455   h0 1.000000       1 0.750000 0.666667       1       1       1 0.727273 0.916667     0.333333
    456   h0 1.000000       1 0.750000 0.666667       1       1       1 0.727273 0.916667     0.333333
    457   h0 1.000000       1 0.750000 0.666667       1       1       1 0.727273 0.916667     0.333333
    458   h0 0.703125       1 0.941176 0.419753       1       1       1 0.170455 0.801282     0.037939
    459   h0 0.750000       1 1.000000 0.617284       1       1       1 0.818182 0.833333     0.315657
    460   h0 0.750000       1 1.000000 0.666667       1       1       1 0.818182 0.833333     0.340909
    461   h0 0.750000       1 1.000000 0.666667       1       1       1 0.818182 0.833333     0.340909
    462   h0 0.750000       1 1.000000 0.666667       1       1       1 0.818182 0.833333     0.340909
    463   h0 0.820312       1 0.588235 0.944444       1       1       1 0.958333 0.641026     0.279962
    464   h0 0.875000       1 0.625000 1.000000       1       1       1 1.000000 0.666667     0.364583
    465   h0 0.875000       1 0.625000 1.000000       1       1       1 1.000000 0.666667     0.364583
    466   h0 0.875000       1 0.625000 1.000000       1       1       1 1.000000 0.666667     0.364583
    467   h0 0.875000       1 0.625000 1.000000       1       1       1 1.000000 0.676282     0.369842
    812   h1 0.546875       1 0.882353 0.623457       1       1       1 1.000000 0.750000     0.225631
    813   h1 0.625000       1 1.000000 0.666667       1       1       1 1.000000 0.750000     0.312500
    814   h1 0.625000       1 1.000000 0.666667       1       1       1 1.000000 0.750000     0.312500
    815   h1 0.875000       1 0.551471 0.944444       1       1       1 0.727273 0.750000     0.248580
    816   h1 1.000000       1 0.625000 1.000000       1       1       1 0.727273 0.750000     0.340909
    817   h1 1.000000       1 0.625000 1.000000       1       1       1 0.727273 0.750000     0.340909
    818   h1 0.546875       1 0.941176 0.629630       1       1       1 0.909091 1.000000     0.294613
    819   h1 0.625000       1 1.000000 0.666667       1       1       1 0.909091 1.000000     0.378788
    820   h1 0.625000       1 1.000000 0.666667       1       1       1 0.909091 1.000000     0.378788
    821   h1 0.875000       1 0.588235 0.839506       1       1       1 1.000000 0.833333     0.360082
    822   h1 1.000000       1 0.625000 0.777778       1       1       1 1.000000 0.833333     0.405093
    823   h1 1.000000       1 0.625000 0.777778       1       1       1 1.000000 0.833333     0.405093
    860   h1 0.546875       1 0.882353 0.629630       1       1       1 0.727273 0.750000     0.165720
    861   h1 0.625000       1 1.000000 0.666667       1       1       1 0.727273 0.750000     0.227273
    862   h1 0.625000       1 1.000000 0.666667       1       1       1 0.727273 0.750000     0.227273
    863   h1 0.625000       1 1.000000 0.666667       1       1       1 0.727273 0.750000     0.227273
    864   h1 0.875000       1 0.588235 0.839506       1       1       1 0.818182 0.833333     0.294613
    865   h1 1.000000       1 0.625000 0.888889       1       1       1 0.818182 0.833333     0.378788
    866   h1 1.000000       1 0.625000 0.888889       1       1       1 0.818182 0.833333     0.378788
    867   h1 1.000000       1 0.625000 0.888889       1       1       1 0.818182 0.833333     0.378788
    868   h1 0.468750       1 0.705882 0.666667       1       1       1 0.575758 0.474359     0.060246
    869   h1 0.750000       1 1.000000 1.000000       1       1       1 0.727273 0.750000     0.409091
    870   h1 0.750000       1 1.000000 1.000000       1       1       1 0.727273 0.750000     0.409091
    871   h1 0.750000       1 1.000000 1.000000       1       1       1 0.727273 0.750000     0.409091
    872   h1 0.601562       1 0.617647 0.586420       1       1       1 0.647727 0.564103     0.079612
    873   h1 0.875000       1 0.750000 0.666667       1       1       1 0.818182 0.750000     0.268466
    874   h1 0.875000       1 0.750000 0.666667       1       1       1 0.818182 0.750000     0.268466
    875   h1 0.875000       1 0.750000 0.666667       1       1       1 0.818182 0.750000     0.268466
    876   h1 0.601562       1 0.720588 0.888889       1       1       1 0.791667 0.576923     0.175985
    877   h1 0.875000       1 0.875000 1.000000       1       1       1 1.000000 0.750000     0.574219
    878   h1 0.875000       1 0.875000 1.000000       1       1       1 1.000000 0.750000     0.574219
    879   h1 0.875000       1 0.875000 1.000000       1       1       1 1.000000 0.750000     0.574219
    880   h1 0.515625       1 0.720588 0.580247       1       1       1 0.568182 0.634615     0.077738
    881   h1 0.750000       1 0.875000 0.666667       1       1       1 0.727273 0.916667     0.291667
    882   h1 0.750000       1 0.875000 0.666667       1       1       1 0.727273 0.916667     0.291667
    883   h1 0.750000       1 0.875000 0.666667       1       1       1 0.727273 0.916667     0.291667
    884   h1 0.328125       1 0.397059 0.611111       1       1       1 0.500000 0.692308     0.027560
    885   h1 0.875000       1 0.750000 1.000000       1       1       1 0.727273 1.000000     0.477273
    886   h1 0.875000       1 0.750000 1.000000       1       1       1 0.727273 1.000000     0.477273
    887   h1 0.875000       1 0.750000 1.000000       1       1       1 0.727273 1.000000     0.477273
    888   h1 0.703125       1 0.941176 0.629630       1       1       1 0.727273 0.750000     0.227273
    889   h1 0.750000       1 1.000000 0.666667       1       1       1 0.727273 0.750000     0.272727
    890   h1 0.750000       1 1.000000 0.666667       1       1       1 0.727273 0.801282     0.291375
    891   h1 0.750000       1 1.000000 0.666667       1       1       1 0.727273 0.804487     0.292541
    892   h1 0.937500       1 0.588235 0.944444       1       1       1 0.727273 0.833333     0.315657
    893   h1 1.000000       1 0.625000 1.000000       1       1       1 0.727273 0.833333     0.378788
    894   h1 1.000000       1 0.625000 1.000000       1       1       1 0.727273 0.785256     0.356935
    895   h1 1.000000       1 0.625000 1.000000       1       1       1 0.727273 0.750000     0.340909
    916   h1 0.656250       1 0.941176 0.691358       1       1       1 1.000000 1.000000     0.427015
    917   h1 0.750000       1 1.000000 0.777778       1       1       1 1.000000 1.000000     0.583333
    918   h1 0.750000       1 1.000000 0.777778       1       1       1 1.000000 1.000000     0.583333
    919   h1 0.750000       1 1.000000 0.777778       1       1       1 1.000000 1.000000     0.583333
    920   h1 0.750000       1 1.000000 0.777778       1       1       1 1.000000 1.000000     0.583333
    921   h1 0.000000       1 0.000000 0.691358       1       1       1 0.117424 0.064103     0.000000
    922   h1 0.601562       1 0.573529 0.777778       1       1       1 0.700758 0.833333     0.156703
    923   h1 0.875000       1 0.750000 0.777778       1       1       1 0.727273 0.833333     0.309343
    924   h1 0.875000       1 0.750000 0.777778       1       1       1 0.727273 0.833333     0.309343
    925   h1 0.875000       1 0.750000 0.777778       1       1       1 0.727273 0.833333     0.309343
    926   h1 0.656250       1 0.875000 0.419753       1       1       1 0.227273 0.750000     0.041085
    927   h1 0.750000       1 1.000000 0.617284       1       1       1 0.909091 0.750000     0.315657
    928   h1 0.750000       1 1.000000 0.666667       1       1       1 0.909091 0.750000     0.340909
    929   h1 0.750000       1 1.000000 0.666667       1       1       1 0.909091 0.750000     0.340909
    930   h1 0.750000       1 1.000000 0.666667       1       1       1 0.909091 0.750000     0.340909
    931   h1 0.875000       1 0.750000 0.944444       1       1       1 1.000000 0.666667     0.413194
    932   h1 1.000000       1 0.750000 1.000000       1       1       1 1.000000 0.666667     0.500000
    933   h1 1.000000       1 0.750000 1.000000       1       1       1 1.000000 0.666667     0.500000
    934   h1 1.000000       1 0.750000 1.000000       1       1       1 1.000000 0.695513     0.521635
    935   h1 1.000000       1 0.750000 1.000000       1       1       1 1.000000 0.750000     0.562500