 ChipID Half  Layer0   Layer1   Layer2   Layer3   Layer4  Layer5  Layer6  Layer7   Layer8  Pseaudo_Eff
    344   h0       1 0.937500 0.941176 0.629630 0.839506       1       1       1 0.641026     0.298969
    345   h0       1 1.000000 1.000000 0.666667 0.888889       1       1       1 0.666667     0.395062
    346   h0       1 1.000000 1.000000 0.666667 0.888889       1       1       1 0.714744     0.423552
    347   h0       1 0.585938 0.588235 0.944444 0.629630       1       1       1 0.801282     0.164229
    348   h0       1 0.625000 0.625000 1.000000 0.666667       1       1       1 0.833333     0.217014
    349   h0       1 0.625000 0.625000 1.000000 0.666667       1       1       1 0.788462     0.205329
    350   h0       1 0.585938 0.941176 0.629630 0.839506       1       1       1 0.961538     0.280284
    351   h0       1 0.625000 1.000000 0.666667 0.888889       1       1       1 1.000000     0.370370
    352   h0       1 0.625000 1.000000 0.666667 0.888889       1       1       1 1.000000     0.370370
    353   h0       1 0.937500 0.588235 0.734568 0.839506       1       1       1 0.801282     0.272498
    354   h0       1 1.000000 0.625000 0.777778 0.888889       1       1       1 0.833333     0.360082
    355   h0       1 1.000000 0.625000 0.777778 0.888889       1       1       1 0.833333     0.360082
    392   h0       1 0.937500 0.941176 0.629630 0.944444       1       1       1 0.721154     0.378383
    393   h0       1 1.000000 1.000000 0.666667 1.000000       1       1       1 0.750000     0.500000
    394   h0       1 1.000000 1.000000 0.666667 1.000000       1       1       1 0.750000     0.500000
    395   h0       1 1.000000 1.000000 0.666667 1.000000       1       1       1 0.750000     0.500000
    396   h0       1 0.585938 0.705882 0.839506 0.629630       1       1       1 0.721154     0.157660
    397   h0       1 0.625000 0.750000 0.888889 0.666667       1       1       1 0.750000     0.208333
    398   h0       1 0.625000 0.750000 0.888889 0.666667       1       1       1 0.750000     0.208333
    399   h0       1 0.625000 0.750000 0.888889 0.666667       1       1       1 0.750000     0.208333
    400   h0       1 0.562500 0.566176 0.666667 0.777778       1       1       1 0.435897     0.071982
    401   h0       1 1.000000 0.875000 1.000000 1.000000       1       1       1 0.750000     0.656250
    402   h0       1 1.000000 0.875000 1.000000 1.000000       1       1       1 0.750000     0.656250
    403   h0       1 1.000000 0.875000 1.000000 1.000000       1       1       1 0.750000     0.656250
    404   h0       1 0.460938 0.669118 0.586420 0.691358       1       1       1 0.544872     0.068132
    405   h0       1 0.625000 0.875000 0.666667 0.777778       1       1       1 0.750000     0.212674
    406   h0       1 0.625000 0.875000 0.666667 0.777778       1       1       1 0.750000     0.212674
    407   h0       1 0.625000 0.875000 0.666667 0.777778       1       1       1 0.750000     0.212674
    408   h0       1 0.750000 0.617647 0.833333 0.691358       1       1       1 0.554487     0.147984
    409   h0       1 1.000000 0.750000 1.000000 0.777778       1       1       1 0.750000     0.437500
    410   h0       1 1.000000 0.750000 1.000000 0.777778       1       1       1 0.750000     0.437500
    411   h0       1 1.000000 0.750000 1.000000 0.777778       1       1       1 0.750000     0.437500
    412   h0       1 0.445312 0.823529 0.580247 0.888889       1       1       1 0.608974     0.115187
    413   h0       1 0.625000 1.000000 0.666667 1.000000       1       1       1 0.833333     0.347222
    414   h0       1 0.625000 1.000000 0.666667 1.000000       1       1       1 0.833333     0.347222
    415   h0       1 0.625000 1.000000 0.666667 1.000000       1       1       1 0.833333     0.347222
    416   h0       1 0.500000 0.352941 0.611111 0.450617       1       1       1 0.653846     0.031774
    417   h0       1 1.000000 0.625000 1.000000 0.666667       1       1       1 1.000000     0.416667
    418   h0       1 1.000000 0.625000 1.000000 0.666667       1       1       1 1.000000     0.416667
    419   h0       1 1.000000 0.625000 1.000000 0.666667       1       1       1 1.000000     0.416667
    420   h0       1 0.585938 0.941176 0.629630 0.944444       1       1       1 0.721154     0.236489
    421   h0       1 0.625000 1.000000 0.666667 1.000000       1       1       1 0.750000     0.312500
    422   h0       1 0.625000 1.000000 0.666667 1.000000       1       1       1 0.750000     0.312500
    423   h0       1 0.625000 1.000000 0.666667 1.000000       1       1       1 0.750000     0.312500
    424   h0       1 0.937500 0.588235 0.944444 0.629630       1       1       1 0.801282     0.262766
    425   h0       1 1.000000 0.625000 1.000000 0.666667       1       1       1 0.833333     0.347222
    426   h0       1 1.000000 0.625000 1.000000 0.666667       1       1       1 0.750000     0.312500
    427   h0       1 1.000000 0.625000 1.000000 0.666667       1       1       1 0.782051     0.325855
    448   h0       1 0.937500 0.823529 0.734568 0.944444       1       1       1 0.961538     0.515022
    449   h0       1 1.000000 0.875000 0.777778 1.000000       1       1       1 1.000000     0.680556
    450   h0       1 1.000000 0.875000 0.777778 1.000000       1       1       1 1.000000     0.680556
    451   h0       1 1.000000 0.875000 0.777778 1.000000       1       1       1 1.000000     0.680556
    452   h0       1 1.000000 0.875000 0.777778 1.000000       1       1       1 1.000000     0.680556
    453   h0       1 0.468750 0.000000 0.629630 0.104938       1       1       1 0.035256     0.000000
    454   h0       1 0.578125 0.573529 0.666667 0.574074       1       1       1 0.916667     0.116323
    455   h0       1 0.625000 0.750000 0.666667 0.666667       1       1       1 0.916667     0.190972
    456   h0       1 0.625000 0.750000 0.666667 0.666667       1       1       1 0.916667     0.190972
    457   h0       1 0.625000 0.750000 0.666667 0.666667       1       1       1 0.916667     0.190972
    458   h0       1 0.117188 0.941176 0.419753 0.944444       1       1       1 0.801282     0.035035
    459   h0       1 0.468750 1.000000 0.617284 1.000000       1       1       1 0.833333     0.241127
    460   h0       1 0.625000 1.000000 0.666667 1.000000       1       1       1 0.833333     0.347222
    461   h0       1 0.625000 1.000000 0.666667 1.000000       1       1       1 0.833333     0.347222
    462   h0       1 0.625000 1.000000 0.666667 1.000000       1       1       1 0.833333     0.347222
    463   h0       1 0.937500 0.588235 0.944444 0.629630       1       1       1 0.641026     0.210213
    464   h0       1 1.000000 0.625000 1.000000 0.666667       1       1       1 0.666667     0.277778
    465   h0       1 1.000000 0.625000 1.000000 0.666667       1       1       1 0.666667     0.277778
    466   h0       1 1.000000 0.625000 1.000000 0.666667       1       1       1 0.666667     0.277778
    467   h0       1 1.000000 0.625000 1.000000 0.666667       1       1       1 0.676282     0.281784
    812   h1       1 0.937500 0.882353 0.623457 0.888889       1       1       1 0.750000     0.343818
    813   h1       1 1.000000 1.000000 0.666667 0.777778       1       1       1 0.750000     0.388889
    814   h1       1 1.000000 1.000000 0.666667 0.777778       1       1       1 0.750000     0.388889
    815   h1       1 0.585938 0.551471 0.944444 0.666667       1       1       1 0.750000     0.152588
    816   h1       1 0.625000 0.625000 1.000000 0.666667       1       1       1 0.750000     0.195312
    817   h1       1 0.625000 0.625000 1.000000 0.666667       1       1       1 0.750000     0.195312
    818   h1       1 0.585938 0.941176 0.629630 0.888889       1       1       1 1.000000     0.308642
    819   h1       1 0.625000 1.000000 0.666667 0.888889       1       1       1 1.000000     0.370370
    820   h1       1 0.625000 1.000000 0.666667 0.888889       1       1       1 1.000000     0.370370
    821   h1       1 0.937500 0.588235 0.839506 0.777778       1       1       1 0.833333     0.300069
    822   h1       1 1.000000 0.625000 0.777778 0.777778       1       1       1 0.833333     0.315072
    823   h1       1 1.000000 0.625000 0.777778 0.777778       1       1       1 0.833333     0.315072
    860   h1       1 0.937500 0.882353 0.629630 1.000000       1       1       1 0.750000     0.390625
    861   h1       1 1.000000 1.000000 0.666667 1.000000       1       1       1 0.750000     0.500000
    862   h1       1 1.000000 1.000000 0.666667 1.000000       1       1       1 0.750000     0.500000
    863   h1       1 1.000000 1.000000 0.666667 1.000000       1       1       1 0.750000     0.500000
    864   h1       1 0.585938 0.588235 0.839506 0.666667       1       1       1 0.833333     0.160751
    865   h1       1 0.625000 0.625000 0.888889 0.666667       1       1       1 0.833333     0.192901
    866   h1       1 0.625000 0.625000 0.888889 0.666667       1       1       1 0.833333     0.192901
    867   h1       1 0.625000 0.625000 0.888889 0.666667       1       1       1 0.833333     0.192901
    868   h1       1 0.562500 0.705882 0.666667 0.833333       1       1       1 0.474359     0.104638
    869   h1       1 1.000000 1.000000 1.000000 1.000000       1       1       1 0.750000     0.750000
    870   h1       1 1.000000 1.000000 1.000000 1.000000       1       1       1 0.750000     0.750000
    871   h1       1 1.000000 1.000000 1.000000 1.000000       1       1       1 0.750000     0.750000
    872   h1       1 0.468750 0.617647 0.586420 0.629630       1       1       1 0.564103     0.060302
    873   h1       1 0.625000 0.750000 0.666667 0.666667       1       1       1 0.750000     0.156250
    874   h1       1 0.625000 0.750000 0.666667 0.666667       1       1       1 0.750000     0.156250
    875   h1       1 0.625000 0.750000 0.666667 0.666667       1       1       1 0.750000     0.156250
    876   h1       1 0.812500 0.720588 0.888889 0.734568       1       1       1 0.576923     0.220550
    877   h1       1 1.000000 0.875000 1.000000 0.777778       1       1       1 0.750000     0.510417
    878   h1       1 1.000000 0.875000 1.000000 0.777778       1       1       1 0.750000     0.510417
    879   h1       1 1.000000 0.875000 1.000000 0.777778       1       1       1 0.750000     0.510417
    880   h1       1 0.484375 0.720588 0.580247 0.839506       1       1       1 0.634615     0.107899
    881   h1       1 0.625000 0.875000 0.666667 0.888889       1       1       1 0.916667     0.297068
    882   h1       1 0.625000 0.875000 0.666667 0.888889       1       1       1 0.916667     0.297068
    883   h1       1 0.625000 0.875000 0.666667 0.888889       1       1       1 0.916667     0.297068
    884   h1       1 0.562500 0.397059 0.611111 0.450617       1       1       1 0.692308     0.042580
    885   h1       1 1.000000 0.750000 1.000000 0.666667       1       1       1 1.000000     0.500000
    886   h1       1 1.000000 0.750000 1.000000 0.666667       1       1       1 1.000000     0.500000
    887   h1       1 1.000000 0.750000 1.000000 0.666667       1       1       1 1.000000     0.500000
    888   h1       1 0.585938 0.941176 0.629630 1.000000       1       1       1 0.750000     0.260417
    889   h1       1 0.625000 1.000000 0.666667 1.000000       1       1       1 0.750000     0.312500
    890   h1       1 0.625000 1.000000 0.666667 1.000000       1       1       1 0.801282     0.333868
    891   h1       1 0.625000 1.000000 0.666667 1.000000       1       1       1 0.804487     0.335203
    892   h1       1 0.937500 0.588235 0.944444 0.666667       1       1       1 0.833333     0.289352
    893   h1       1 1.000000 0.625000 1.000000 0.666667       1       1       1 0.833333     0.347222
    894   h1       1 1.000000 0.625000 1.000000 0.666667       1       1       1 0.785256     0.327190
    895   h1       1 1.000000 0.625000 1.000000 0.666667       1       1       1 0.750000     0.312500
    916   h1       1 0.937500 0.941176 0.691358 1.000000       1       1       1 1.000000     0.610022
    917   h1       1 1.000000 1.000000 0.777778 1.000000       1       1       1 1.000000     0.777778
    918   h1       1 1.000000 1.000000 0.777778 1.000000       1       1       1 1.000000     0.777778
    919   h1       1 1.000000 1.000000 0.777778 1.000000       1       1       1 1.000000     0.777778
    920   h1       1 1.000000 1.000000 0.777778 1.000000       1       1       1 1.000000     0.777778
    921   h1       1 0.468750 0.000000 0.691358 0.222222       1       1       1 0.064103     0.000000
    922   h1       1 0.578125 0.573529 0.777778 0.617284       1       1       1 0.833333     0.132659
    923   h1       1 0.625000 0.750000 0.777778 0.666667       1       1       1 0.833333     0.202546
    924   h1       1 0.625000 0.750000 0.777778 0.666667       1       1       1 0.833333     0.202546
    925   h1       1 0.625000 0.750000 0.777778 0.666667       1       1       1 0.833333     0.202546
    926   h1       1 0.000000 0.875000 0.419753 1.000000       1       1       1 0.750000     0.000000
    927   h1       1 0.500000 1.000000 0.617284 1.000000       1       1       1 0.750000     0.231481
    928   h1       1 0.625000 1.000000 0.666667 1.000000       1       1       1 0.750000     0.312500
    929   h1       1 0.625000 1.000000 0.666667 1.000000       1       1       1 0.750000     0.312500
    930   h1       1 0.625000 1.000000 0.666667 1.000000       1       1       1 0.750000     0.312500
    931   h1       1 0.937500 0.750000 0.944444 0.666667       1       1       1 0.666667     0.295139
    932   h1       1 1.000000 0.750000 1.000000 0.666667       1       1       1 0.666667     0.333333
    933   h1       1 1.000000 0.750000 1.000000 0.666667       1       1       1 0.666667     0.333333
    934   h1       1 1.000000 0.750000 1.000000 0.666667       1       1       1 0.695513     0.347756
    935   h1       1 1.000000 0.750000 1.000000 0.666667       1       1       1 0.750000     0.375000