 ChipID Half  Layer0   Layer1   Layer2  Layer3   Layer4   Layer5  Layer6  Layer7   Layer8  Pseaudo_Eff
    344   h0       1 0.937500 0.941176       1 0.839506 0.631579       1       1 0.641026     0.299895
    345   h0       1 1.000000 1.000000       1 0.888889 0.666667       1       1 0.666667     0.395062
    346   h0       1 1.000000 1.000000       1 0.888889 0.666667       1       1 0.714744     0.423552
    347   h0       1 0.585938 0.588235       1 0.629630 0.947368       1       1 0.801282     0.164737
    348   h0       1 0.625000 0.625000       1 0.666667 1.000000       1       1 0.833333     0.217014
    349   h0       1 0.625000 0.625000       1 0.666667 1.000000       1       1 0.788462     0.205329
    350   h0       1 0.585938 0.941176       1 0.839506 0.894737       1       1 0.961538     0.398298
    351   h0       1 0.625000 1.000000       1 0.888889 1.000000       1       1 1.000000     0.555556
    352   h0       1 0.625000 1.000000       1 0.888889 1.000000       1       1 1.000000     0.555556
    353   h0       1 0.937500 0.588235       1 0.839506 0.596491       1       1 0.801282     0.221277
    354   h0       1 1.000000 0.625000       1 0.888889 0.666667       1       1 0.833333     0.308642
    355   h0       1 1.000000 0.625000       1 0.888889 0.666667       1       1 0.833333     0.308642
    392   h0       1 0.937500 0.941176       1 0.944444 0.631579       1       1 0.721154     0.379555
    393   h0       1 1.000000 1.000000       1 1.000000 0.666667       1       1 0.750000     0.500000
    394   h0       1 1.000000 1.000000       1 1.000000 0.666667       1       1 0.750000     0.500000
    395   h0       1 1.000000 1.000000       1 1.000000 0.666667       1       1 0.750000     0.500000
    396   h0       1 0.585938 0.705882       1 0.629630 0.947368       1       1 0.721154     0.177916
    397   h0       1 0.625000 0.750000       1 0.666667 1.000000       1       1 0.750000     0.234375
    398   h0       1 0.625000 0.750000       1 0.666667 1.000000       1       1 0.750000     0.234375
    399   h0       1 0.625000 0.750000       1 0.666667 1.000000       1       1 0.750000     0.234375
    400   h0       1 0.562500 0.566176       1 0.777778 0.654971       1       1 0.435897     0.070719
    401   h0       1 1.000000 0.875000       1 1.000000 0.888889       1       1 0.750000     0.583333
    402   h0       1 1.000000 0.875000       1 1.000000 0.888889       1       1 0.750000     0.583333
    403   h0       1 1.000000 0.875000       1 1.000000 0.888889       1       1 0.750000     0.583333
    404   h0       1 0.460938 0.669118       1 0.691358 0.625731       1       1 0.544872     0.072699
    405   h0       1 0.625000 0.875000       1 0.777778 0.666667       1       1 0.750000     0.212674
    406   h0       1 0.625000 0.875000       1 0.777778 0.666667       1       1 0.750000     0.212674
    407   h0       1 0.625000 0.875000       1 0.777778 0.666667       1       1 0.750000     0.212674
    408   h0       1 0.750000 0.617647       1 0.691358 0.947368       1       1 0.554487     0.168235
    409   h0       1 1.000000 0.750000       1 0.777778 1.000000       1       1 0.750000     0.437500
    410   h0       1 1.000000 0.750000       1 0.777778 1.000000       1       1 0.750000     0.437500
    411   h0       1 1.000000 0.750000       1 0.777778 1.000000       1       1 0.750000     0.437500
    412   h0       1 0.445312 0.823529       1 0.888889 0.631579       1       1 0.608974     0.125377
    413   h0       1 0.625000 1.000000       1 1.000000 0.666667       1       1 0.833333     0.347222
    414   h0       1 0.625000 1.000000       1 1.000000 0.666667       1       1 0.833333     0.347222
    415   h0       1 0.625000 1.000000       1 1.000000 0.666667       1       1 0.833333     0.347222
    416   h0       1 0.500000 0.352941       1 0.450617 0.684211       1       1 0.653846     0.035575
    417   h0       1 1.000000 0.625000       1 0.666667 1.000000       1       1 1.000000     0.416667
    418   h0       1 1.000000 0.625000       1 0.666667 1.000000       1       1 1.000000     0.416667
    419   h0       1 1.000000 0.625000       1 0.666667 1.000000       1       1 1.000000     0.416667
    420   h0       1 0.585938 0.941176       1 0.944444 0.842105       1       1 0.721154     0.316296
    421   h0       1 0.625000 1.000000       1 1.000000 0.888889       1       1 0.750000     0.416667
    422   h0       1 0.625000 1.000000       1 1.000000 0.888889       1       1 0.750000     0.416667
    423   h0       1 0.625000 1.000000       1 1.000000 0.888889       1       1 0.750000     0.416667
    424   h0       1 0.937500 0.588235       1 0.629630 0.625731       1       1 0.801282     0.174093
    425   h0       1 1.000000 0.625000       1 0.666667 0.666667       1       1 0.833333     0.231481
    426   h0       1 1.000000 0.625000       1 0.666667 0.666667       1       1 0.750000     0.208333
    427   h0       1 1.000000 0.625000       1 0.666667 0.666667       1       1 0.782051     0.217236
    448   h0       1 0.937500 0.823529       1 0.944444 0.631579       1       1 0.961538     0.442814
    449   h0       1 1.000000 0.875000       1 1.000000 0.666667       1       1 1.000000     0.583333
    450   h0       1 1.000000 0.875000       1 1.000000 0.666667       1       1 1.000000     0.583333
    451   h0       1 1.000000 0.875000       1 1.000000 0.666667       1       1 1.000000     0.583333
    452   h0       1 1.000000 0.875000       1 1.000000 0.666667       1       1 1.000000     0.583333
    453   h0       1 0.468750 0.000000       1 0.104938 0.842105       1       1 0.035256     0.000000
    454   h0       1 0.578125 0.573529       1 0.574074 0.888889       1       1 0.916667     0.155097
    455   h0       1 0.625000 0.750000       1 0.666667 0.888889       1       1 0.916667     0.254630
    456   h0       1 0.625000 0.750000       1 0.666667 0.888889       1       1 0.916667     0.254630
    457   h0       1 0.625000 0.750000       1 0.666667 0.888889       1       1 0.916667     0.254630
    458   h0       1 0.117188 0.941176       1 0.944444 0.631579       1       1 0.801282     0.052716
    459   h0       1 0.468750 1.000000       1 1.000000 0.666667       1       1 0.833333     0.260417
    460   h0       1 0.625000 1.000000       1 1.000000 0.666667       1       1 0.833333     0.347222
    461   h0       1 0.625000 1.000000       1 1.000000 0.666667       1       1 0.833333     0.347222
    462   h0       1 0.625000 1.000000       1 1.000000 0.666667       1       1 0.833333     0.347222
    463   h0       1 0.937500 0.588235       1 0.629630 0.842105       1       1 0.641026     0.187434
    464   h0       1 1.000000 0.625000       1 0.666667 0.888889       1       1 0.666667     0.246914
    465   h0       1 1.000000 0.625000       1 0.666667 0.888889       1       1 0.666667     0.246914
    466   h0       1 1.000000 0.625000       1 0.666667 0.888889       1       1 0.666667     0.246914
    467   h0       1 1.000000 0.625000       1 0.666667 0.888889       1       1 0.676282     0.250475
    812   h1       1 0.937500 0.882353       1 0.888889 0.631579       1       1 0.750000     0.348297
    813   h1       1 1.000000 1.000000       1 0.777778 0.666667       1       1 0.750000     0.388889
    814   h1       1 1.000000 1.000000       1 0.777778 0.666667       1       1 0.750000     0.388889
    815   h1       1 0.585938 0.551471       1 0.666667 0.947368       1       1 0.750000     0.153060
    816   h1       1 0.625000 0.625000       1 0.666667 1.000000       1       1 0.750000     0.195312
    817   h1       1 0.625000 0.625000       1 0.666667 1.000000       1       1 0.750000     0.195312
    818   h1       1 0.585938 0.941176       1 0.888889 0.947368       1       1 1.000000     0.464396
    819   h1       1 0.625000 1.000000       1 0.888889 1.000000       1       1 1.000000     0.555556
    820   h1       1 0.625000 1.000000       1 0.888889 1.000000       1       1 1.000000     0.555556
    821   h1       1 0.937500 0.588235       1 0.777778 0.736842       1       1 0.833333     0.263373
    822   h1       1 1.000000 0.625000       1 0.777778 0.754386       1       1 0.833333     0.305596
    823   h1       1 1.000000 0.625000       1 0.777778 0.666667       1       1 0.833333     0.270062
    860   h1       1 0.937500 0.882353       1 1.000000 0.631579       1       1 0.750000     0.391834
    861   h1       1 1.000000 1.000000       1 1.000000 0.666667       1       1 0.750000     0.500000
    862   h1       1 1.000000 1.000000       1 1.000000 0.666667       1       1 0.750000     0.500000
    863   h1       1 1.000000 1.000000       1 1.000000 0.666667       1       1 0.750000     0.500000
    864   h1       1 0.585938 0.588235       1 0.666667 0.947368       1       1 0.833333     0.181405
    865   h1       1 0.625000 0.625000       1 0.666667 1.000000       1       1 0.833333     0.217014
    866   h1       1 0.625000 0.625000       1 0.666667 1.000000       1       1 0.833333     0.217014
    867   h1       1 0.625000 0.625000       1 0.666667 1.000000       1       1 0.833333     0.217014
    868   h1       1 0.562500 0.705882       1 0.833333 0.654971       1       1 0.474359     0.102802
    869   h1       1 1.000000 1.000000       1 1.000000 0.888889       1       1 0.750000     0.666667
    870   h1       1 1.000000 1.000000       1 1.000000 0.888889       1       1 0.750000     0.666667
    871   h1       1 1.000000 1.000000       1 1.000000 0.888889       1       1 0.750000     0.666667
    872   h1       1 0.468750 0.617647       1 0.629630 0.625731       1       1 0.564103     0.064345
    873   h1       1 0.625000 0.750000       1 0.666667 0.666667       1       1 0.750000     0.156250
    874   h1       1 0.625000 0.750000       1 0.666667 0.666667       1       1 0.750000     0.156250
    875   h1       1 0.625000 0.750000       1 0.666667 0.666667       1       1 0.750000     0.156250
    876   h1       1 0.812500 0.720588       1 0.734568 0.947368       1       1 0.576923     0.235060
    877   h1       1 1.000000 0.875000       1 0.777778 1.000000       1       1 0.750000     0.510417
    878   h1       1 1.000000 0.875000       1 0.777778 1.000000       1       1 0.750000     0.510417
    879   h1       1 1.000000 0.875000       1 0.777778 1.000000       1       1 0.750000     0.510417
    880   h1       1 0.484375 0.720588       1 0.839506 0.643275       1       1 0.634615     0.119619
    881   h1       1 0.625000 0.875000       1 0.888889 0.666667       1       1 0.916667     0.297068
    882   h1       1 0.625000 0.875000       1 0.888889 0.666667       1       1 0.916667     0.297068
    883   h1       1 0.625000 0.875000       1 0.888889 0.666667       1       1 0.916667     0.297068
    884   h1       1 0.562500 0.397059       1 0.450617 0.684211       1       1 0.692308     0.047673
    885   h1       1 1.000000 0.750000       1 0.666667 1.000000       1       1 1.000000     0.500000
    886   h1       1 1.000000 0.750000       1 0.666667 1.000000       1       1 1.000000     0.500000
    887   h1       1 1.000000 0.750000       1 0.666667 1.000000       1       1 1.000000     0.500000
    888   h1       1 0.585938 0.941176       1 1.000000 0.947368       1       1 0.750000     0.391834
    889   h1       1 0.625000 1.000000       1 1.000000 1.000000       1       1 0.750000     0.468750
    890   h1       1 0.625000 1.000000       1 1.000000 1.000000       1       1 0.801282     0.500801
    891   h1       1 0.625000 1.000000       1 1.000000 1.000000       1       1 0.804487     0.502804
    892   h1       1 0.937500 0.588235       1 0.666667 0.526316       1       1 0.833333     0.161249
    893   h1       1 1.000000 0.625000       1 0.666667 0.578947       1       1 0.833333     0.201023
    894   h1       1 1.000000 0.625000       1 0.666667 0.666667       1       1 0.785256     0.218127
    895   h1       1 1.000000 0.625000       1 0.666667 0.619883       1       1 0.750000     0.193713
    916   h1       1 0.937500 0.941176       1 1.000000 0.631579       1       1 1.000000     0.557276
    917   h1       1 1.000000 1.000000       1 1.000000 0.666667       1       1 1.000000     0.666667
    918   h1       1 1.000000 1.000000       1 1.000000 0.666667       1       1 1.000000     0.666667
    919   h1       1 1.000000 1.000000       1 1.000000 0.666667       1       1 1.000000     0.666667
    920   h1       1 1.000000 1.000000       1 1.000000 0.666667       1       1 1.000000     0.666667
    921   h1       1 0.468750 0.000000       1 0.222222 0.736842       1       1 0.064103     0.000000
    922   h1       1 0.578125 0.573529       1 0.617284 0.777778       1       1 0.833333     0.132659
    923   h1       1 0.625000 0.750000       1 0.666667 0.777778       1       1 0.833333     0.202546
    924   h1       1 0.625000 0.750000       1 0.666667 0.777778       1       1 0.833333     0.202546
    925   h1       1 0.625000 0.750000       1 0.666667 0.777778       1       1 0.833333     0.202546
    926   h1       1 0.000000 0.875000       1 1.000000 0.631579       1       1 0.750000     0.000000
    927   h1       1 0.500000 1.000000       1 1.000000 0.666667       1       1 0.750000     0.250000
    928   h1       1 0.625000 1.000000       1 1.000000 0.666667       1       1 0.750000     0.312500
    929   h1       1 0.625000 1.000000       1 1.000000 0.666667       1       1 0.750000     0.312500
    930   h1       1 0.625000 1.000000       1 1.000000 0.666667       1       1 0.750000     0.312500
    931   h1       1 0.937500 0.750000       1 0.666667 0.736842       1       1 0.666667     0.230263
    932   h1       1 1.000000 0.750000       1 0.666667 0.777778       1       1 0.666667     0.259259
    933   h1       1 1.000000 0.750000       1 0.666667 0.777778       1       1 0.666667     0.259259
    934   h1       1 1.000000 0.750000       1 0.666667 0.777778       1       1 0.695513     0.270477
    935   h1       1 1.000000 0.750000       1 0.666667 0.777778       1       1 0.750000     0.291667