 ChipID Half  Layer0   Layer1   Layer2   Layer3  Layer4   Layer5  Layer6  Layer7  Layer8  Pseaudo_Eff
    214   h0       1 0.944444 0.947368 0.633333   0.665 0.761905       1       1       1     0.287111
    215   h0       1 1.000000 1.000000 0.666667   0.700 0.800000       1       1       1     0.373333
    216   h0       1 1.000000 1.000000 0.666667   0.700 0.800000       1       1       1     0.373333
    217   h0       1 0.629630 0.631579 0.950000   0.665 0.952381       1       1       1     0.239259
    218   h0       1 0.666667 0.666667 1.000000   0.700 1.000000       1       1       1     0.311111
    219   h0       1 0.666667 0.666667 1.000000   0.700 1.000000       1       1       1     0.311111
    220   h0       1 0.944444 0.631579 0.633333   0.950 0.642857       1       1       1     0.230714
    221   h0       1 1.000000 0.666667 0.666667   1.000 0.700000       1       1       1     0.311111
    222   h0       1 1.000000 0.666667 0.666667   1.000 0.700000       1       1       1     0.311111
    223   h0       1 0.629630 0.947368 0.950000   0.665 0.723810       1       1       1     0.272756
    224   h0       1 0.666667 1.000000 1.000000   0.700 0.800000       1       1       1     0.373333
    225   h0       1 0.666667 1.000000 1.000000   0.700 0.800000       1       1       1     0.373333
    226   h0       1 0.839506 0.736842 0.633333   0.950 0.904762       1       1       1     0.336735
    227   h0       1 0.888889 0.777778 0.666667   1.000 1.000000       1       1       1     0.460905
    228   h0       1 0.888889 0.777778 0.666667   1.000 1.000000       1       1       1     0.460905
    244   h0       1 0.944444 0.842105 0.738889   0.950 0.666667       1       1       1     0.372181
    245   h0       1 1.000000 0.888889 0.777778   1.000 0.700000       1       1       1     0.483951
    246   h0       1 1.000000 0.888889 0.777778   1.000 0.700000       1       1       1     0.483951
    247   h0       1 1.000000 0.888889 0.777778   1.000 0.700000       1       1       1     0.483951
    248   h0       1 0.629630 0.842105 0.633333   0.665 0.857143       1       1       1     0.191407
    249   h0       1 0.666667 0.888889 0.666667   0.700 0.900000       1       1       1     0.248889
    250   h0       1 0.666667 0.888889 0.666667   0.700 0.900000       1       1       1     0.248889
    251   h0       1 0.666667 0.888889 0.666667   0.700 0.900000       1       1       1     0.248889
    252   h0       1 0.944444 0.526316 0.950000   0.855 0.857143       1       1       1     0.346071
    253   h0       1 1.000000 0.649123 1.000000   0.900 0.900000       1       1       1     0.525789
    254   h0       1 1.000000 0.666667 1.000000   0.900 0.900000       1       1       1     0.540000
    255   h0       1 1.000000 0.666667 1.000000   0.900 0.900000       1       1       1     0.540000
    256   h0       1 0.327160 0.473684 0.444444   0.495 0.557143       1       1       1     0.018995
    257   h0       1 0.666667 1.000000 0.666667   0.900 0.700000       1       1       1     0.280000
    258   h0       1 0.666667 1.000000 0.666667   0.900 0.700000       1       1       1     0.280000
    259   h0       1 0.666667 1.000000 0.666667   0.900 0.700000       1       1       1     0.280000
    260   h0       1 0.691358 0.526316 0.850000   0.635 0.904762       1       1       1     0.177695
    261   h0       1 0.888889 0.666667 1.000000   0.700 1.000000       1       1       1     0.414815
    262   h0       1 0.888889 0.666667 1.000000   0.700 1.000000       1       1       1     0.414815
    263   h0       1 0.888889 0.666667 1.000000   0.700 1.000000       1       1       1     0.414815
    264   h0       1 0.604938 0.789474 0.661111   0.900 0.633333       1       1       1     0.179969
    265   h0       1 0.777778 1.000000 0.777778   1.000 0.700000       1       1       1     0.423457
    266   h0       1 0.777778 1.000000 0.777778   1.000 0.700000       1       1       1     0.423457
    267   h0       1 0.777778 1.000000 0.777778   1.000 0.700000       1       1       1     0.423457
    268   h0       1 0.481481 0.561404 0.577778   0.665 0.642857       1       1       1     0.066765
    269   h0       1 0.666667 0.666667 0.666667   0.700 0.700000       1       1       1     0.145185
    270   h0       1 0.666667 0.666667 0.666667   0.700 0.700000       1       1       1     0.145185
    271   h0       1 0.666667 0.666667 0.666667   0.700 0.700000       1       1       1     0.145185
    272   h0       1 0.555556 0.450292 0.700000   0.490 0.714286       1       1       1     0.061290
    273   h0       1 1.000000 0.777778 1.000000   0.700 1.000000       1       1       1     0.544444
    274   h0       1 1.000000 0.777778 1.000000   0.700 1.000000       1       1       1     0.544444
    275   h0       1 1.000000 0.777778 1.000000   0.700 1.000000       1       1       1     0.544444
    276   h0       1 0.209877 0.947368 0.422222   0.950 0.576190       1       1       1     0.045953
    277   h0       1 0.592593 1.000000 0.644444   1.000 0.695238       1       1       1     0.265507
    278   h0       1 0.666667 1.000000 0.666667   1.000 0.700000       1       1       1     0.311111
    279   h0       1 0.666667 1.000000 0.666667   1.000 0.700000       1       1       1     0.311111
    280   h0       1 0.944444 0.631579 0.950000   0.665 0.666667       1       1       1     0.251222
    281   h0       1 1.000000 0.666667 1.000000   0.700 0.700000       1       1       1     0.326667
    282   h0       1 1.000000 0.666667 1.000000   0.700 0.700000       1       1       1     0.326667
    283   h0       1 1.000000 0.666667 1.000000   0.700 0.700000       1       1       1     0.326667
    284   h0       1 0.629630 0.947368 0.844444   0.760 0.952381       1       1       1     0.364586
    285   h0       1 0.666667 1.000000 0.888889   0.800 1.000000       1       1       1     0.474074
    286   h0       1 0.666667 1.000000 0.888889   0.800 1.000000       1       1       1     0.474074
    287   h0       1 0.666667 1.000000 0.888889   0.800 1.000000       1       1       1     0.474074
    682   h1       1 0.888889 0.894737 0.616667   0.700 0.666667       1       1       1     0.228876
    683   h1       1 1.000000 1.000000 0.666667   0.700 0.700000       1       1       1     0.326667
    684   h1       1 1.000000 1.000000 0.666667   0.700 0.700000       1       1       1     0.326667
    685   h1       1 0.592593 0.596491 0.950000   0.700 0.952381       1       1       1     0.223868
    686   h1       1 0.666667 0.666667 1.000000   0.700 1.000000       1       1       1     0.311111
    687   h1       1 0.666667 0.666667 1.000000   0.700 1.000000       1       1       1     0.311111
    688   h1       1 0.944444 0.631579 0.633333   0.900 0.571429       1       1       1     0.194286
    689   h1       1 1.000000 0.666667 0.666667   0.900 0.638095       1       1       1     0.255238
    690   h1       1 1.000000 0.666667 0.666667   0.900 0.700000       1       1       1     0.280000
    691   h1       1 0.592593 0.947368 0.950000   0.700 0.857143       1       1       1     0.320000
    692   h1       1 0.666667 1.000000 1.000000   0.700 0.861905       1       1       1     0.402222
    693   h1       1 0.666667 1.000000 1.000000   0.700 0.800000       1       1       1     0.373333
    694   h1       1 0.839506 0.736842 0.633333   1.000 0.952381       1       1       1     0.373114
    695   h1       1 0.888889 0.777778 0.666667   1.000 1.000000       1       1       1     0.460905
    696   h1       1 0.888889 0.777778 0.666667   1.000 1.000000       1       1       1     0.460905
    712   h1       1 0.944444 0.894737 0.633333   1.000 0.666667       1       1       1     0.356790
    713   h1       1 1.000000 1.000000 0.666667   1.000 0.700000       1       1       1     0.466667
    714   h1       1 1.000000 1.000000 0.666667   1.000 0.700000       1       1       1     0.466667
    715   h1       1 1.000000 1.000000 0.666667   1.000 0.700000       1       1       1     0.466667
    716   h1       1 0.629630 0.736842 0.738889   0.700 0.761905       1       1       1     0.182826
    717   h1       1 0.666667 0.777778 0.777778   0.700 0.800000       1       1       1     0.225844
    718   h1       1 0.666667 0.777778 0.777778   0.700 0.800000       1       1       1     0.225844
    719   h1       1 0.666667 0.777778 0.777778   0.700 0.800000       1       1       1     0.225844
    720   h1       1 0.944444 0.631579 0.900000   0.900 0.857143       1       1       1     0.414135
    721   h1       1 1.000000 0.666667 1.000000   0.900 0.900000       1       1       1     0.540000
    722   h1       1 1.000000 0.666667 1.000000   0.900 0.900000       1       1       1     0.540000
    723   h1       1 1.000000 0.666667 1.000000   0.900 0.900000       1       1       1     0.540000
    724   h1       1 0.327160 0.526316 0.500000   0.540 0.571429       1       1       1     0.026566
    725   h1       1 0.666667 1.000000 0.666667   0.900 0.700000       1       1       1     0.280000
    726   h1       1 0.666667 1.000000 0.666667   0.900 0.700000       1       1       1     0.280000
    727   h1       1 0.666667 1.000000 0.666667   0.900 0.700000       1       1       1     0.280000
    728   h1       1 0.722222 0.561404 0.850000   0.670 0.952381       1       1       1     0.219913
    729   h1       1 1.000000 0.666667 1.000000   0.700 1.000000       1       1       1     0.466667
    730   h1       1 1.000000 0.666667 1.000000   0.700 1.000000       1       1       1     0.466667
    731   h1       1 1.000000 0.666667 1.000000   0.700 1.000000       1       1       1     0.466667
    732   h1       1 0.604938 0.842105 0.566667   0.950 0.761905       1       1       1     0.208944
    733   h1       1 0.777778 1.000000 0.777778   1.000 0.800000       1       1       1     0.483951
    734   h1       1 0.777778 1.000000 0.777778   1.000 0.800000       1       1       1     0.483951
    735   h1       1 0.777778 1.000000 0.666667   1.000 0.800000       1       1       1     0.414815
    736   h1       1 0.604938 0.596491 0.566667   0.700 0.652381       1       1       1     0.093377
    737   h1       1 0.777778 0.666667 0.666667   0.700 0.700000       1       1       1     0.169383
    738   h1       1 0.777778 0.666667 0.666667   0.700 0.700000       1       1       1     0.169383
    739   h1       1 0.777778 0.666667 0.666667   0.700 0.700000       1       1       1     0.169383
    740   h1       1 0.611111 0.514620 0.700000   0.520 0.761905       1       1       1     0.087219
    741   h1       1 1.000000 0.888889 1.000000   0.700 1.000000       1       1       1     0.622222
    742   h1       1 1.000000 0.888889 1.000000   0.700 1.000000       1       1       1     0.622222
    743   h1       1 1.000000 0.888889 1.000000   0.700 1.000000       1       1       1     0.622222
    744   h1       1 0.104938 0.842105 0.316667   1.000 0.666667       1       1       1     0.018656
    745   h1       1 0.574074 0.888889 0.633333   1.000 0.700000       1       1       1     0.226228
    746   h1       1 0.666667 0.888889 0.666667   1.000 0.700000       1       1       1     0.276543
    747   h1       1 0.666667 0.888889 0.666667   1.000 0.700000       1       1       1     0.276543
    748   h1       1 0.888889 0.631579 0.950000   0.700 0.666667       1       1       1     0.248889
    749   h1       1 1.000000 0.666667 1.000000   0.700 0.700000       1       1       1     0.326667
    750   h1       1 1.000000 0.666667 1.000000   0.700 0.700000       1       1       1     0.326667
    751   h1       1 1.000000 0.666667 1.000000   0.700 0.700000       1       1       1     0.326667
    752   h1       1 0.592593 0.947368 0.738889   0.800 0.952381       1       1       1     0.316049
    753   h1       1 0.666667 1.000000 0.777778   0.800 1.000000       1       1       1     0.414815
    754   h1       1 0.666667 1.000000 0.777778   0.800 1.000000       1       1       1     0.414815
    755   h1       1 0.666667 1.000000 0.777778   0.800 1.000000       1       1       1     0.414815