 ChipID Half  Layer0   Layer1   Layer2  Layer3   Layer4   Layer5   Layer6  Layer7  Layer8  Pseaudo_Eff
    344   h0       1 0.937500 0.941176       1 0.839506 0.631579 0.695652       1       1     0.325451
    345   h0       1 1.000000 1.000000       1 0.888889 0.666667 0.727273       1       1     0.430976
    346   h0       1 1.000000 1.000000       1 0.888889 0.666667 0.727273       1       1     0.430976
    347   h0       1 0.585938 0.588235       1 0.629630 0.947368 0.782609       1       1     0.160898
    348   h0       1 0.625000 0.625000       1 0.666667 1.000000 0.818182       1       1     0.213068
    349   h0       1 0.625000 0.625000       1 0.666667 1.000000 0.727273       1       1     0.189394
    350   h0       1 0.585938 0.941176       1 0.839506 0.894737 0.695652       1       1     0.288160
    351   h0       1 0.625000 1.000000       1 0.888889 1.000000 0.727273       1       1     0.404040
    352   h0       1 0.625000 1.000000       1 0.888889 1.000000 0.727273       1       1     0.404040
    353   h0       1 0.937500 0.588235       1 0.839506 0.596491 0.956522       1       1     0.264147
    354   h0       1 1.000000 0.625000       1 0.888889 0.666667 1.000000       1       1     0.370370
    355   h0       1 1.000000 0.625000       1 0.888889 0.666667 1.000000       1       1     0.370370
    392   h0       1 0.937500 0.941176       1 0.944444 0.631579 0.956522       1       1     0.503432
    393   h0       1 1.000000 1.000000       1 1.000000 0.666667 1.000000       1       1     0.666667
    394   h0       1 1.000000 1.000000       1 1.000000 0.666667 1.000000       1       1     0.666667
    395   h0       1 1.000000 1.000000       1 1.000000 0.666667 1.000000       1       1     0.666667
    396   h0       1 0.585938 0.705882       1 0.629630 0.947368 0.695652       1       1     0.171625
    397   h0       1 0.625000 0.750000       1 0.666667 1.000000 0.727273       1       1     0.227273
    398   h0       1 0.625000 0.750000       1 0.666667 1.000000 0.727273       1       1     0.227273
    399   h0       1 0.625000 0.750000       1 0.666667 1.000000 0.727273       1       1     0.227273
    400   h0       1 0.562500 0.566176       1 0.777778 0.654971 0.513834       1       1     0.083363
    401   h0       1 1.000000 0.875000       1 1.000000 0.888889 0.909091       1       1     0.707071
    402   h0       1 1.000000 0.875000       1 1.000000 0.888889 0.909091       1       1     0.707071
    403   h0       1 1.000000 0.875000       1 1.000000 0.888889 0.909091       1       1     0.707071
    404   h0       1 0.460938 0.669118       1 0.691358 0.625731 0.529644       1       1     0.070667
    405   h0       1 0.625000 0.875000       1 0.777778 0.666667 0.727273       1       1     0.206229
    406   h0       1 0.625000 0.875000       1 0.777778 0.666667 0.727273       1       1     0.206229
    407   h0       1 0.625000 0.875000       1 0.777778 0.666667 0.727273       1       1     0.206229
    408   h0       1 0.750000 0.617647       1 0.691358 0.947368 0.509881       1       1     0.154701
    409   h0       1 1.000000 0.750000       1 0.777778 1.000000 0.727273       1       1     0.424242
    410   h0       1 1.000000 0.750000       1 0.777778 1.000000 0.727273       1       1     0.424242
    411   h0       1 1.000000 0.750000       1 0.777778 1.000000 0.727273       1       1     0.424242
    412   h0       1 0.445312 0.823529       1 0.888889 0.631579 0.695652       1       1     0.143223
    413   h0       1 0.625000 1.000000       1 1.000000 0.666667 1.000000       1       1     0.416667
    414   h0       1 0.625000 1.000000       1 1.000000 0.666667 1.000000       1       1     0.416667
    415   h0       1 0.625000 1.000000       1 1.000000 0.666667 1.000000       1       1     0.416667
    416   h0       1 0.500000 0.352941       1 0.450617 0.684211 0.537549       1       1     0.029247
    417   h0       1 1.000000 0.625000       1 0.666667 1.000000 0.727273       1       1     0.303030
    418   h0       1 1.000000 0.625000       1 0.666667 1.000000 0.727273       1       1     0.303030
    419   h0       1 1.000000 0.625000       1 0.666667 1.000000 0.727273       1       1     0.303030
    420   h0       1 0.585938 0.941176       1 0.944444 0.842105 0.956522       1       1     0.419527
    421   h0       1 0.625000 1.000000       1 1.000000 0.888889 1.000000       1       1     0.555556
    422   h0       1 0.625000 1.000000       1 1.000000 0.888889 1.000000       1       1     0.555556
    423   h0       1 0.625000 1.000000       1 1.000000 0.888889 1.000000       1       1     0.555556
    424   h0       1 0.937500 0.588235       1 0.629630 0.625731 0.695652       1       1     0.151143
    425   h0       1 1.000000 0.625000       1 0.666667 0.666667 0.727273       1       1     0.202020
    426   h0       1 1.000000 0.625000       1 0.666667 0.666667 0.727273       1       1     0.202020
    427   h0       1 1.000000 0.625000       1 0.666667 0.666667 0.727273       1       1     0.202020
    448   h0       1 0.937500 0.823529       1 0.944444 0.631579 0.482213       1       1     0.222072
    449   h0       1 1.000000 0.875000       1 1.000000 0.666667 0.727273       1       1     0.424242
    450   h0       1 1.000000 0.875000       1 1.000000 0.666667 0.727273       1       1     0.424242
    451   h0       1 1.000000 0.875000       1 1.000000 0.666667 0.727273       1       1     0.424242
    452   h0       1 1.000000 0.875000       1 1.000000 0.666667 0.727273       1       1     0.424242
    453   h0       1 0.468750 0.000000       1 0.104938 0.842105 0.158103       1       1     0.000000
    454   h0       1 0.578125 0.573529       1 0.574074 0.888889 0.909091       1       1     0.153816
    455   h0       1 0.625000 0.750000       1 0.666667 0.888889 0.909091       1       1     0.252525
    456   h0       1 0.625000 0.750000       1 0.666667 0.888889 0.909091       1       1     0.252525
    457   h0       1 0.625000 0.750000       1 0.666667 0.888889 0.909091       1       1     0.252525
    458   h0       1 0.117188 0.941176       1 0.944444 0.631579 0.347826       1       1     0.022883
    459   h0       1 0.468750 1.000000       1 1.000000 0.666667 0.695652       1       1     0.217391
    460   h0       1 0.625000 1.000000       1 1.000000 0.666667 0.727273       1       1     0.303030
    461   h0       1 0.625000 1.000000       1 1.000000 0.666667 0.727273       1       1     0.303030
    462   h0       1 0.625000 1.000000       1 1.000000 0.666667 0.727273       1       1     0.303030
    463   h0       1 0.937500 0.588235       1 0.629630 0.842105 0.782609       1       1     0.228833
    464   h0       1 1.000000 0.625000       1 0.666667 0.888889 0.818182       1       1     0.303030
    465   h0       1 1.000000 0.625000       1 0.666667 0.888889 0.818182       1       1     0.303030
    466   h0       1 1.000000 0.625000       1 0.666667 0.888889 0.818182       1       1     0.303030
    467   h0       1 1.000000 0.625000       1 0.666667 0.888889 0.818182       1       1     0.303030
    812   h1       1 0.937500 0.882353       1 0.888889 0.631579 0.727273       1       1     0.337743
    813   h1       1 1.000000 1.000000       1 0.777778 0.666667 0.727273       1       1     0.377104
    814   h1       1 1.000000 1.000000       1 0.777778 0.666667 0.727273       1       1     0.377104
    815   h1       1 0.585938 0.551471       1 0.666667 0.947368 0.818182       1       1     0.166975
    816   h1       1 0.625000 0.625000       1 0.666667 1.000000 0.818182       1       1     0.213068
    817   h1       1 0.625000 0.625000       1 0.666667 1.000000 0.818182       1       1     0.213068
    818   h1       1 0.585938 0.941176       1 0.888889 0.947368 0.727273       1       1     0.337743
    819   h1       1 0.625000 1.000000       1 0.888889 1.000000 0.727273       1       1     0.404040
    820   h1       1 0.625000 1.000000       1 0.888889 1.000000 0.727273       1       1     0.404040
    821   h1       1 0.937500 0.588235       1 0.777778 0.736842 1.000000       1       1     0.316047
    822   h1       1 1.000000 0.625000       1 0.777778 0.754386 1.000000       1       1     0.366715
    823   h1       1 1.000000 0.625000       1 0.777778 0.666667 1.000000       1       1     0.324074
    860   h1       1 0.937500 0.882353       1 1.000000 0.631579 1.000000       1       1     0.522446
    861   h1       1 1.000000 1.000000       1 1.000000 0.666667 1.000000       1       1     0.666667
    862   h1       1 1.000000 1.000000       1 1.000000 0.666667 1.000000       1       1     0.666667
    863   h1       1 1.000000 1.000000       1 1.000000 0.666667 1.000000       1       1     0.666667
    864   h1       1 0.585938 0.588235       1 0.666667 0.947368 0.727273       1       1     0.158317
    865   h1       1 0.625000 0.625000       1 0.666667 1.000000 0.727273       1       1     0.189394
    866   h1       1 0.625000 0.625000       1 0.666667 1.000000 0.727273       1       1     0.189394
    867   h1       1 0.625000 0.625000       1 0.666667 1.000000 0.727273       1       1     0.189394
    868   h1       1 0.562500 0.705882       1 0.833333 0.654971 0.513834       1       1     0.111357
    869   h1       1 1.000000 1.000000       1 1.000000 0.888889 0.909091       1       1     0.808081
    870   h1       1 1.000000 1.000000       1 1.000000 0.888889 0.909091       1       1     0.808081
    871   h1       1 1.000000 1.000000       1 1.000000 0.888889 0.909091       1       1     0.808081
    872   h1       1 0.468750 0.617647       1 0.629630 0.625731 0.561265       1       1     0.064021
    873   h1       1 0.625000 0.750000       1 0.666667 0.666667 0.727273       1       1     0.151515
    874   h1       1 0.625000 0.750000       1 0.666667 0.666667 0.727273       1       1     0.151515
    875   h1       1 0.625000 0.750000       1 0.666667 0.666667 0.727273       1       1     0.151515
    876   h1       1 0.812500 0.720588       1 0.734568 0.947368 0.537549       1       1     0.219018
    877   h1       1 1.000000 0.875000       1 0.777778 1.000000 0.727273       1       1     0.494949
    878   h1       1 1.000000 0.875000       1 0.777778 1.000000 0.727273       1       1     0.494949
    879   h1       1 1.000000 0.875000       1 0.777778 1.000000 0.727273       1       1     0.494949
    880   h1       1 0.484375 0.720588       1 0.839506 0.643275 0.739130       1       1     0.139319
    881   h1       1 0.625000 0.875000       1 0.888889 0.666667 1.000000       1       1     0.324074
    882   h1       1 0.625000 0.875000       1 0.888889 0.666667 1.000000       1       1     0.324074
    883   h1       1 0.625000 0.875000       1 0.888889 0.666667 1.000000       1       1     0.324074
    884   h1       1 0.562500 0.397059       1 0.450617 0.684211 0.569170       1       1     0.039194
    885   h1       1 1.000000 0.750000       1 0.666667 1.000000 0.727273       1       1     0.363636
    886   h1       1 1.000000 0.750000       1 0.666667 1.000000 0.727273       1       1     0.363636
    887   h1       1 1.000000 0.750000       1 0.666667 1.000000 0.727273       1       1     0.363636
    888   h1       1 0.585938 0.941176       1 1.000000 0.947368 1.000000       1       1     0.522446
    889   h1       1 0.625000 1.000000       1 1.000000 1.000000 1.000000       1       1     0.625000
    890   h1       1 0.625000 1.000000       1 1.000000 1.000000 1.000000       1       1     0.625000
    891   h1       1 0.625000 1.000000       1 1.000000 1.000000 1.000000       1       1     0.625000
    892   h1       1 0.937500 0.588235       1 0.666667 0.526316 0.727273       1       1     0.140726
    893   h1       1 1.000000 0.625000       1 0.666667 0.578947 0.727273       1       1     0.175439
    894   h1       1 1.000000 0.625000       1 0.666667 0.666667 0.727273       1       1     0.202020
    895   h1       1 1.000000 0.625000       1 0.666667 0.619883 0.727273       1       1     0.187843
    916   h1       1 0.937500 0.941176       1 1.000000 0.631579 0.584980       1       1     0.325995
    917   h1       1 1.000000 1.000000       1 1.000000 0.666667 0.727273       1       1     0.484848
    918   h1       1 1.000000 1.000000       1 1.000000 0.666667 0.727273       1       1     0.484848
    919   h1       1 1.000000 1.000000       1 1.000000 0.666667 0.727273       1       1     0.484848
    920   h1       1 1.000000 1.000000       1 1.000000 0.666667 0.727273       1       1     0.484848
    921   h1       1 0.468750 0.000000       1 0.222222 0.736842 0.217391       1       1     0.000000
    922   h1       1 0.578125 0.573529       1 0.617284 0.777778 1.000000       1       1     0.159191
    923   h1       1 0.625000 0.750000       1 0.666667 0.777778 1.000000       1       1     0.243056
    924   h1       1 0.625000 0.750000       1 0.666667 0.777778 1.000000       1       1     0.243056
    925   h1       1 0.625000 0.750000       1 0.666667 0.777778 1.000000       1       1     0.243056
    926   h1       1 0.000000 0.875000       1 1.000000 0.631579 0.272727       1       1     0.000000
    927   h1       1 0.500000 1.000000       1 1.000000 0.666667 0.707510       1       1     0.235837
    928   h1       1 0.625000 1.000000       1 1.000000 0.666667 0.727273       1       1     0.303030
    929   h1       1 0.625000 1.000000       1 1.000000 0.666667 0.727273       1       1     0.303030
    930   h1       1 0.625000 1.000000       1 1.000000 0.666667 0.727273       1       1     0.303030
    931   h1       1 0.937500 0.750000       1 0.666667 0.736842 0.818182       1       1     0.282596
    932   h1       1 1.000000 0.750000       1 0.666667 0.777778 0.818182       1       1     0.318182
    933   h1       1 1.000000 0.750000       1 0.666667 0.777778 0.818182       1       1     0.318182
    934   h1       1 1.000000 0.750000       1 0.666667 0.777778 0.818182       1       1     0.318182
    935   h1       1 1.000000 0.750000       1 0.666667 0.777778 0.818182       1       1     0.318182