 ChipID Half   Layer0   Layer1  Layer2   Layer3  Layer4  Layer5  Layer6   Layer7   Layer8  Pseaudo_Eff
    344   h0 0.585938 0.937500       1 0.629630       1       1       1 0.958333 0.641026     0.212471
    345   h0 0.625000 1.000000       1 0.666667       1       1       1 1.000000 0.666667     0.277778
    346   h0 0.625000 1.000000       1 0.666667       1       1       1 1.000000 0.714744     0.297810
    347   h0 0.937500 0.585938       1 0.944444       1       1       1 0.696970 0.801282     0.289733
    348   h0 1.000000 0.625000       1 1.000000       1       1       1 0.727273 0.833333     0.378788
    349   h0 1.000000 0.625000       1 1.000000       1       1       1 0.727273 0.788462     0.358392
    350   h0 0.585938 0.585938       1 0.629630       1       1       1 0.784091 0.961538     0.162975
    351   h0 0.625000 0.625000       1 0.666667       1       1       1 0.818182 1.000000     0.213068
    352   h0 0.625000 0.625000       1 0.666667       1       1       1 0.818182 1.000000     0.213068
    353   h0 0.937500 0.937500       1 0.734568       1       1       1 0.958333 0.801282     0.495766
    354   h0 1.000000 1.000000       1 0.777778       1       1       1 1.000000 0.833333     0.648148
    355   h0 1.000000 1.000000       1 0.777778       1       1       1 1.000000 0.833333     0.648148
    392   h0 0.585938 0.937500       1 0.629630       1       1       1 0.696970 0.721154     0.173840
    393   h0 0.625000 1.000000       1 0.666667       1       1       1 0.727273 0.750000     0.227273
    394   h0 0.625000 1.000000       1 0.666667       1       1       1 0.727273 0.750000     0.227273
    395   h0 0.625000 1.000000       1 0.666667       1       1       1 0.727273 0.750000     0.227273
    396   h0 0.937500 0.585938       1 0.839506       1       1       1 0.696970 0.721154     0.231787
    397   h0 1.000000 0.625000       1 0.888889       1       1       1 0.727273 0.750000     0.303030
    398   h0 1.000000 0.625000       1 0.888889       1       1       1 0.727273 0.750000     0.303030
    399   h0 1.000000 0.625000       1 0.888889       1       1       1 0.727273 0.750000     0.303030
    400   h0 0.421875 0.562500       1 0.666667       1       1       1 0.515152 0.435897     0.035525
    401   h0 0.750000 1.000000       1 1.000000       1       1       1 0.727273 0.750000     0.409091
    402   h0 0.750000 1.000000       1 1.000000       1       1       1 0.727273 0.750000     0.409091
    403   h0 0.750000 1.000000       1 1.000000       1       1       1 0.727273 0.750000     0.409091
    404   h0 0.601562 0.460938       1 0.586420       1       1       1 0.647727 0.544872     0.057388
    405   h0 0.875000 0.625000       1 0.666667       1       1       1 0.818182 0.750000     0.223722
    406   h0 0.875000 0.625000       1 0.666667       1       1       1 0.818182 0.750000     0.223722
    407   h0 0.875000 0.625000       1 0.666667       1       1       1 0.818182 0.750000     0.223722
    408   h0 0.515625 0.750000       1 0.833333       1       1       1 0.750000 0.554487     0.134019
    409   h0 0.750000 1.000000       1 1.000000       1       1       1 1.000000 0.750000     0.562500
    410   h0 0.750000 1.000000       1 1.000000       1       1       1 1.000000 0.750000     0.562500
    411   h0 0.750000 1.000000       1 1.000000       1       1       1 1.000000 0.750000     0.562500
    412   h0 0.656250 0.445312       1 0.580247       1       1       1 0.575758 0.608974     0.059455
    413   h0 0.875000 0.625000       1 0.666667       1       1       1 0.727273 0.833333     0.220960
    414   h0 0.875000 0.625000       1 0.666667       1       1       1 0.727273 0.833333     0.220960
    415   h0 0.875000 0.625000       1 0.666667       1       1       1 0.727273 0.833333     0.220960
    416   h0 0.382812 0.500000       1 0.611111       1       1       1 0.469697 0.653846     0.035923
    417   h0 0.875000 1.000000       1 1.000000       1       1       1 0.727273 1.000000     0.636364
    418   h0 0.875000 1.000000       1 1.000000       1       1       1 0.727273 1.000000     0.636364
    419   h0 0.875000 1.000000       1 1.000000       1       1       1 0.727273 1.000000     0.636364
    420   h0 0.703125 0.585938       1 0.629630       1       1       1 0.696970 0.721154     0.130380
    421   h0 0.750000 0.625000       1 0.666667       1       1       1 0.727273 0.750000     0.170455
    422   h0 0.750000 0.625000       1 0.666667       1       1       1 0.727273 0.750000     0.170455
    423   h0 0.750000 0.625000       1 0.666667       1       1       1 0.727273 0.750000     0.170455
    424   h0 0.937500 0.937500       1 0.944444       1       1       1 0.696970 0.801282     0.463573
    425   h0 1.000000 1.000000       1 1.000000       1       1       1 0.727273 0.833333     0.606061
    426   h0 1.000000 1.000000       1 1.000000       1       1       1 0.727273 0.750000     0.545455
    427   h0 1.000000 1.000000       1 1.000000       1       1       1 0.727273 0.782051     0.568765
    448   h0 0.703125 0.937500       1 0.734568       1       1       1 0.958333 0.961538     0.446189
    449   h0 0.750000 1.000000       1 0.777778       1       1       1 1.000000 1.000000     0.583333
    450   h0 0.750000 1.000000       1 0.777778       1       1       1 1.000000 1.000000     0.583333
    451   h0 0.750000 1.000000       1 0.777778       1       1       1 1.000000 1.000000     0.583333
    452   h0 0.750000 1.000000       1 0.777778       1       1       1 1.000000 1.000000     0.583333
    453   h0 0.000000 0.468750       1 0.629630       1       1       1 0.000000 0.035256     0.000000
    454   h0 0.687500 0.578125       1 0.666667       1       1       1 0.696970 0.916667     0.169289
    455   h0 1.000000 0.625000       1 0.666667       1       1       1 0.727273 0.916667     0.277778
    456   h0 1.000000 0.625000       1 0.666667       1       1       1 0.727273 0.916667     0.277778
    457   h0 1.000000 0.625000       1 0.666667       1       1       1 0.727273 0.916667     0.277778
    458   h0 0.703125 0.117188       1 0.419753       1       1       1 0.170455 0.801282     0.004724
    459   h0 0.750000 0.468750       1 0.617284       1       1       1 0.818182 0.833333     0.147964
    460   h0 0.750000 0.625000       1 0.666667       1       1       1 0.818182 0.833333     0.213068
    461   h0 0.750000 0.625000       1 0.666667       1       1       1 0.818182 0.833333     0.213068
    462   h0 0.750000 0.625000       1 0.666667       1       1       1 0.818182 0.833333     0.213068
    463   h0 0.820312 0.937500       1 0.944444       1       1       1 0.958333 0.641026     0.446189
    464   h0 0.875000 1.000000       1 1.000000       1       1       1 1.000000 0.666667     0.583333
    465   h0 0.875000 1.000000       1 1.000000       1       1       1 1.000000 0.666667     0.583333
    466   h0 0.875000 1.000000       1 1.000000       1       1       1 1.000000 0.666667     0.583333
    467   h0 0.875000 1.000000       1 1.000000       1       1       1 1.000000 0.676282     0.591747
    812   h1 0.546875 0.937500       1 0.623457       1       1       1 1.000000 0.750000     0.239733
    813   h1 0.625000 1.000000       1 0.666667       1       1       1 1.000000 0.750000     0.312500
    814   h1 0.625000 1.000000       1 0.666667       1       1       1 1.000000 0.750000     0.312500
    815   h1 0.875000 0.585938       1 0.944444       1       1       1 0.727273 0.750000     0.264116
    816   h1 1.000000 0.625000       1 1.000000       1       1       1 0.727273 0.750000     0.340909
    817   h1 1.000000 0.625000       1 1.000000       1       1       1 0.727273 0.750000     0.340909
    818   h1 0.546875 0.585938       1 0.629630       1       1       1 0.909091 1.000000     0.183414
    819   h1 0.625000 0.625000       1 0.666667       1       1       1 0.909091 1.000000     0.236742
    820   h1 0.625000 0.625000       1 0.666667       1       1       1 0.909091 1.000000     0.236742
    821   h1 0.875000 0.937500       1 0.839506       1       1       1 1.000000 0.833333     0.573881
    822   h1 1.000000 1.000000       1 0.777778       1       1       1 1.000000 0.833333     0.648148
    823   h1 1.000000 1.000000       1 0.777778       1       1       1 1.000000 0.833333     0.648148
    860   h1 0.546875 0.937500       1 0.629630       1       1       1 0.727273 0.750000     0.176077
    861   h1 0.625000 1.000000       1 0.666667       1       1       1 0.727273 0.750000     0.227273
    862   h1 0.625000 1.000000       1 0.666667       1       1       1 0.727273 0.750000     0.227273
    863   h1 0.625000 1.000000       1 0.666667       1       1       1 0.727273 0.750000     0.227273
    864   h1 0.875000 0.585938       1 0.839506       1       1       1 0.818182 0.833333     0.293462
    865   h1 1.000000 0.625000       1 0.888889       1       1       1 0.818182 0.833333     0.378788
    866   h1 1.000000 0.625000       1 0.888889       1       1       1 0.818182 0.833333     0.378788
    867   h1 1.000000 0.625000       1 0.888889       1       1       1 0.818182 0.833333     0.378788
    868   h1 0.468750 0.562500       1 0.666667       1       1       1 0.575758 0.474359     0.048009
    869   h1 0.750000 1.000000       1 1.000000       1       1       1 0.727273 0.750000     0.409091
    870   h1 0.750000 1.000000       1 1.000000       1       1       1 0.727273 0.750000     0.409091
    871   h1 0.750000 1.000000       1 1.000000       1       1       1 0.727273 0.750000     0.409091
    872   h1 0.601562 0.468750       1 0.586420       1       1       1 0.647727 0.564103     0.060420
    873   h1 0.875000 0.625000       1 0.666667       1       1       1 0.818182 0.750000     0.223722
    874   h1 0.875000 0.625000       1 0.666667       1       1       1 0.818182 0.750000     0.223722
    875   h1 0.875000 0.625000       1 0.666667       1       1       1 0.818182 0.750000     0.223722
    876   h1 0.601562 0.812500       1 0.888889       1       1       1 0.791667 0.576923     0.198432
    877   h1 0.875000 1.000000       1 1.000000       1       1       1 1.000000 0.750000     0.656250
    878   h1 0.875000 1.000000       1 1.000000       1       1       1 1.000000 0.750000     0.656250
    879   h1 0.875000 1.000000       1 1.000000       1       1       1 1.000000 0.750000     0.656250
    880   h1 0.515625 0.484375       1 0.580247       1       1       1 0.568182 0.634615     0.052255
    881   h1 0.750000 0.625000       1 0.666667       1       1       1 0.727273 0.916667     0.208333
    882   h1 0.750000 0.625000       1 0.666667       1       1       1 0.727273 0.916667     0.208333
    883   h1 0.750000 0.625000       1 0.666667       1       1       1 0.727273 0.916667     0.208333
    884   h1 0.328125 0.562500       1 0.611111       1       1       1 0.500000 0.692308     0.039044
    885   h1 0.875000 1.000000       1 1.000000       1       1       1 0.727273 1.000000     0.636364
    886   h1 0.875000 1.000000       1 1.000000       1       1       1 0.727273 1.000000     0.636364
    887   h1 0.875000 1.000000       1 1.000000       1       1       1 0.727273 1.000000     0.636364
    888   h1 0.703125 0.585938       1 0.629630       1       1       1 0.727273 0.750000     0.141491
    889   h1 0.750000 0.625000       1 0.666667       1       1       1 0.727273 0.750000     0.170455
    890   h1 0.750000 0.625000       1 0.666667       1       1       1 0.727273 0.801282     0.182110
    891   h1 0.750000 0.625000       1 0.666667       1       1       1 0.727273 0.804487     0.182838
    892   h1 0.937500 0.937500       1 0.944444       1       1       1 0.727273 0.833333     0.503078
    893   h1 1.000000 1.000000       1 1.000000       1       1       1 0.727273 0.833333     0.606061
    894   h1 1.000000 1.000000       1 1.000000       1       1       1 0.727273 0.785256     0.571096
    895   h1 1.000000 1.000000       1 1.000000       1       1       1 0.727273 0.750000     0.545455
    916   h1 0.656250 0.937500       1 0.691358       1       1       1 1.000000 1.000000     0.425347
    917   h1 0.750000 1.000000       1 0.777778       1       1       1 1.000000 1.000000     0.583333
    918   h1 0.750000 1.000000       1 0.777778       1       1       1 1.000000 1.000000     0.583333
    919   h1 0.750000 1.000000       1 0.777778       1       1       1 1.000000 1.000000     0.583333
    920   h1 0.750000 1.000000       1 0.777778       1       1       1 1.000000 1.000000     0.583333
    921   h1 0.000000 0.468750       1 0.691358       1       1       1 0.117424 0.064103     0.000000
    922   h1 0.601562 0.578125       1 0.777778       1       1       1 0.700758 0.833333     0.157959
    923   h1 0.875000 0.625000       1 0.777778       1       1       1 0.727273 0.833333     0.257786
    924   h1 0.875000 0.625000       1 0.777778       1       1       1 0.727273 0.833333     0.257786
    925   h1 0.875000 0.625000       1 0.777778       1       1       1 0.727273 0.833333     0.257786
    926   h1 0.656250 0.000000       1 0.419753       1       1       1 0.227273 0.750000     0.000000
    927   h1 0.750000 0.500000       1 0.617284       1       1       1 0.909091 0.750000     0.157828
    928   h1 0.750000 0.625000       1 0.666667       1       1       1 0.909091 0.750000     0.213068
    929   h1 0.750000 0.625000       1 0.666667       1       1       1 0.909091 0.750000     0.213068
    930   h1 0.750000 0.625000       1 0.666667       1       1       1 0.909091 0.750000     0.213068
    931   h1 0.875000 0.937500       1 0.944444       1       1       1 1.000000 0.666667     0.516493
    932   h1 1.000000 1.000000       1 1.000000       1       1       1 1.000000 0.666667     0.666667
    933   h1 1.000000 1.000000       1 1.000000       1       1       1 1.000000 0.666667     0.666667
    934   h1 1.000000 1.000000       1 1.000000       1       1       1 1.000000 0.695513     0.695513
    935   h1 1.000000 1.000000       1 1.000000       1       1       1 1.000000 0.750000     0.750000