 ChipID Half  Layer0   Layer1   Layer2   Layer3   Layer4  Layer5  Layer6   Layer7  Layer8  Pseaudo_Eff
    332   h0       1 0.705882 0.941176 0.629630 0.631579       1       1 0.696970       1     0.184132
    333   h0       1 0.750000 1.000000 0.666667 0.666667       1       1 0.727273       1     0.242424
    334   h0       1 0.750000 1.000000 0.666667 0.666667       1       1 0.727273       1     0.242424
    335   h0       1 0.823529 0.588235 0.944444 0.947368       1       1 0.696970       1     0.302092
    336   h0       1 0.875000 0.625000 1.000000 1.000000       1       1 0.727273       1     0.397727
    337   h0       1 0.875000 0.625000 1.000000 1.000000       1       1 0.727273       1     0.397727
    338   h0       1 0.705882 0.941176 0.629630 0.947368       1       1 0.958333       1     0.379773
    339   h0       1 0.750000 1.000000 0.666667 1.000000       1       1 1.000000       1     0.500000
    340   h0       1 0.750000 1.000000 0.666667 1.000000       1       1 1.000000       1     0.500000
    341   h0       1 0.941176 0.588235 0.944444 0.631579       1       1 0.784091       1     0.258936
    342   h0       1 1.000000 0.625000 1.000000 0.666667       1       1 0.818182       1     0.340909
    343   h0       1 1.000000 0.625000 1.000000 0.666667       1       1 0.818182       1     0.340909
    356   h0       1 0.705882 0.941176 0.629630 0.631579       1       1 0.784091       1     0.207149
    357   h0       1 0.750000 1.000000 0.666667 0.666667       1       1 0.818182       1     0.272727
    358   h0       1 0.750000 1.000000 0.666667 0.666667       1       1 0.818182       1     0.272727
    359   h0       1 0.750000 1.000000 0.666667 0.666667       1       1 0.818182       1     0.272727
    360   h0       1 0.823529 0.588235 0.944444 0.736842       1       1 0.958333       1     0.323071
    361   h0       1 0.875000 0.625000 1.000000 0.777778       1       1 1.000000       1     0.425347
    362   h0       1 0.875000 0.625000 1.000000 0.777778       1       1 1.000000       1     0.425347
    363   h0       1 0.875000 0.625000 1.000000 0.777778       1       1 1.000000       1     0.425347
    364   h0       1 0.411765 0.588235 0.419753 0.684211       1       1 0.647727       1     0.045058
    365   h0       1 0.875000 1.000000 0.666667 1.000000       1       1 0.818182       1     0.477273
    366   h0       1 0.875000 1.000000 0.666667 1.000000       1       1 0.818182       1     0.477273
    367   h0       1 0.875000 1.000000 0.666667 1.000000       1       1 0.818182       1     0.477273
    368   h0       1 0.669118 0.492647 0.790123 0.619883       1       1 0.750000       1     0.121089
    369   h0       1 0.875000 0.625000 0.888889 0.666667       1       1 1.000000       1     0.324074
    370   h0       1 0.875000 0.625000 0.888889 0.666667       1       1 1.000000       1     0.324074
    371   h0       1 0.875000 0.625000 0.888889 0.666667       1       1 1.000000       1     0.324074
    372   h0       1 0.669118 0.823529 0.691358 0.894737       1       1 0.545455       1     0.185925
    373   h0       1 0.875000 1.000000 0.777778 1.000000       1       1 0.727273       1     0.494949
    374   h0       1 0.875000 1.000000 0.777778 1.000000       1       1 0.727273       1     0.494949
    375   h0       1 0.875000 1.000000 0.777778 1.000000       1       1 0.727273       1     0.494949
    376   h0       1 0.573529 0.514706 0.648148 0.631579       1       1 0.575758       1     0.069576
    377   h0       1 0.750000 0.625000 0.777778 0.666667       1       1 0.727273       1     0.176768
    378   h0       1 0.750000 0.625000 0.777778 0.666667       1       1 0.727273       1     0.176768
    379   h0       1 0.750000 0.625000 0.777778 0.666667       1       1 0.727273       1     0.176768
    380   h0       1 0.566176 0.647059 0.722222 0.573099       1       1 0.424242       1     0.064330
    381   h0       1 0.875000 1.000000 1.000000 0.777778       1       1 0.727273       1     0.494949
    382   h0       1 0.875000 1.000000 1.000000 0.777778       1       1 0.727273       1     0.494949
    383   h0       1 0.875000 1.000000 1.000000 0.777778       1       1 0.727273       1     0.494949
    384   h0       1 0.705882 0.823529 0.629630 0.947368       1       1 0.696970       1     0.241674
    385   h0       1 0.750000 0.875000 0.666667 1.000000       1       1 0.727273       1     0.318182
    386   h0       1 0.750000 0.875000 0.666667 1.000000       1       1 0.727273       1     0.318182
    387   h0       1 0.750000 0.875000 0.666667 1.000000       1       1 0.727273       1     0.318182
    388   h0       1 0.941176 0.705882 0.944444 0.631579       1       1 0.696970       1     0.276199
    389   h0       1 1.000000 0.750000 1.000000 0.666667       1       1 0.727273       1     0.363636
    390   h0       1 1.000000 0.750000 1.000000 0.666667       1       1 0.727273       1     0.363636
    391   h0       1 0.875000 0.750000 1.000000 0.666667       1       1 0.727273       1     0.318182
    428   h0       1 0.823529 0.941176 0.629630 0.842105       1       1 0.696970       1     0.286428
    429   h0       1 0.875000 1.000000 0.666667 0.888889       1       1 0.727273       1     0.377104
    430   h0       1 0.875000 1.000000 0.666667 0.888889       1       1 0.727273       1     0.377104
    431   h0       1 0.875000 1.000000 0.666667 0.888889       1       1 0.727273       1     0.377104
    432   h0       1 0.875000 1.000000 0.666667 0.888889       1       1 0.727273       1     0.377104
    433   h0       1 0.823529 0.235294 0.944444 0.526316       1       1 0.435606       1     0.041957
    434   h0       1 0.875000 0.536765 1.000000 0.649123       1       1 0.715909       1     0.218261
    435   h0       1 0.875000 0.625000 1.000000 0.666667       1       1 0.727273       1     0.265152
    436   h0       1 0.875000 0.625000 1.000000 0.666667       1       1 0.727273       1     0.265152
    437   h0       1 0.875000 0.625000 1.000000 0.666667       1       1 0.727273       1     0.265152
    438   h0       1 0.000000 0.705882 0.104938 0.842105       1       1 0.208333       1     0.000000
    439   h0       1 0.529412 0.750000 0.543210 0.888889       1       1 1.000000       1     0.191721
    440   h0       1 0.750000 0.750000 0.666667 0.888889       1       1 1.000000       1     0.333333
    441   h0       1 0.750000 0.750000 0.666667 0.888889       1       1 1.000000       1     0.333333
    442   h0       1 0.750000 0.750000 0.666667 0.888889       1       1 1.000000       1     0.333333
    443   h0       1 0.823529 0.823529 0.944444 0.631579       1       1 0.784091       1     0.317197
    444   h0       1 0.875000 0.875000 1.000000 0.666667       1       1 0.818182       1     0.417614
    445   h0       1 0.875000 0.875000 1.000000 0.666667       1       1 0.818182       1     0.417614
    446   h0       1 0.875000 0.875000 1.000000 0.666667       1       1 0.818182       1     0.417614
    447   h0       1 0.875000 0.875000 1.000000 0.666667       1       1 0.727273       1     0.371212
    800   h1       1 0.661765 0.941176 0.592593 0.631579       1       1 0.727273       1     0.169534
    801   h1       1 0.750000 1.000000 0.666667 0.666667       1       1 0.727273       1     0.242424
    802   h1       1 0.750000 1.000000 0.666667 0.666667       1       1 0.727273       1     0.242424
    803   h1       1 0.882353 0.588235 0.944444 0.947368       1       1 0.727273       1     0.337743
    804   h1       1 1.000000 0.625000 1.000000 1.000000       1       1 0.727273       1     0.454545
    805   h1       1 1.000000 0.625000 1.000000 1.000000       1       1 0.727273       1     0.454545
    806   h1       1 0.661765 0.875000 0.629630 0.947368       1       1 1.000000       1     0.345395
    807   h1       1 0.750000 0.875000 0.666667 1.000000       1       1 1.000000       1     0.437500
    808   h1       1 0.750000 0.875000 0.666667 1.000000       1       1 1.000000       1     0.437500
    809   h1       1 0.772059 0.750000 0.944444 0.631579       1       1 0.727273       1     0.251196
    810   h1       1 0.875000 0.750000 1.000000 0.666667       1       1 0.727273       1     0.318182
    811   h1       1 0.875000 0.750000 1.000000 0.666667       1       1 0.727273       1     0.318182
    824   h1       1 0.661765 0.941176 0.629630 0.631579       1       1 0.909091       1     0.225162
    825   h1       1 0.750000 1.000000 0.666667 0.666667       1       1 0.909091       1     0.303030
    826   h1       1 0.750000 1.000000 0.666667 0.666667       1       1 0.909091       1     0.303030
    827   h1       1 0.750000 1.000000 0.666667 0.666667       1       1 0.909091       1     0.303030
    828   h1       1 0.772059 0.595588 0.944444 0.842105       1       1 1.000000       1     0.365712
    829   h1       1 1.000000 0.625000 1.000000 0.888889       1       1 1.000000       1     0.555556
    830   h1       1 1.000000 0.625000 1.000000 0.888889       1       1 1.000000       1     0.555556
    831   h1       1 1.000000 0.625000 1.000000 0.888889       1       1 1.000000       1     0.555556
    832   h1       1 0.308824 0.588235 0.450617 0.684211       1       1 0.719697       1     0.040310
    833   h1       1 0.750000 1.000000 0.666667 1.000000       1       1 0.909091       1     0.454545
    834   h1       1 0.750000 1.000000 0.666667 1.000000       1       1 0.909091       1     0.454545
    835   h1       1 0.750000 1.000000 0.666667 1.000000       1       1 0.909091       1     0.454545
    836   h1       1 0.617647 0.544118 0.790123 0.631579       1       1 0.791667       1     0.132769
    837   h1       1 0.875000 0.625000 0.888889 0.666667       1       1 1.000000       1     0.324074
    838   h1       1 0.875000 0.625000 0.888889 0.666667       1       1 1.000000       1     0.324074
    839   h1       1 0.875000 0.625000 0.888889 0.666667       1       1 1.000000       1     0.324074
    840   h1       1 0.573529 0.882353 0.691358 0.947368       1       1 0.579545       1     0.192091
    841   h1       1 0.750000 1.000000 0.777778 1.000000       1       1 0.727273       1     0.424242
    842   h1       1 0.750000 1.000000 0.777778 1.000000       1       1 0.727273       1     0.424242
    843   h1       1 0.750000 1.000000 0.777778 1.000000       1       1 0.727273       1     0.424242
    844   h1       1 0.669118 0.544118 0.691358 0.631579       1       1 0.598485       1     0.095143
    845   h1       1 0.875000 0.625000 0.777778 0.666667       1       1 0.727273       1     0.206229
    846   h1       1 0.875000 0.625000 0.777778 0.666667       1       1 0.727273       1     0.206229
    847   h1       1 0.875000 0.625000 0.777778 0.666667       1       1 0.727273       1     0.206229
    848   h1       1 0.566176 0.647059 0.777778 0.654971       1       1 0.511364       1     0.095434
    849   h1       1 0.875000 1.000000 1.000000 0.888889       1       1 0.818182       1     0.636364
    850   h1       1 0.875000 1.000000 1.000000 0.888889       1       1 0.818182       1     0.636364
    851   h1       1 0.875000 1.000000 1.000000 0.888889       1       1 0.818182       1     0.636364
    852   h1       1 0.772059 0.750000 0.629630 0.947368       1       1 0.727273       1     0.251196
    853   h1       1 0.875000 0.750000 0.666667 1.000000       1       1 0.727273       1     0.318182
    854   h1       1 0.875000 0.750000 0.666667 1.000000       1       1 0.727273       1     0.318182
    855   h1       1 0.875000 0.750000 0.666667 1.000000       1       1 0.727273       1     0.318182
    856   h1       1 0.772059 0.875000 0.944444 0.631579       1       1 0.727273       1     0.293062
    857   h1       1 0.875000 0.875000 1.000000 0.666667       1       1 0.818182       1     0.417614
    858   h1       1 0.875000 0.875000 1.000000 0.666667       1       1 0.818182       1     0.417614
    859   h1       1 0.875000 0.875000 1.000000 0.666667       1       1 0.818182       1     0.417614
    896   h1       1 0.661765 1.000000 0.604938 0.842105       1       1 0.727273       1     0.245176
    897   h1       1 0.750000 1.000000 0.666667 0.888889       1       1 0.727273       1     0.323232
    898   h1       1 0.750000 1.000000 0.666667 0.888889       1       1 0.727273       1     0.323232
    899   h1       1 0.750000 1.000000 0.666667 0.888889       1       1 0.727273       1     0.323232
    900   h1       1 0.750000 1.000000 0.666667 0.888889       1       1 0.727273       1     0.323232
    901   h1       1 0.772059 0.375000 0.888889 0.526316       1       1 0.465909       1     0.063107
    902   h1       1 0.875000 0.580882 1.000000 0.649123       1       1 0.727273       1     0.239950
    903   h1       1 0.875000 0.625000 1.000000 0.666667       1       1 0.727273       1     0.265152
    904   h1       1 0.875000 0.625000 1.000000 0.666667       1       1 0.727273       1     0.265152
    905   h1       1 0.875000 0.625000 1.000000 0.666667       1       1 0.727273       1     0.265152
    906   h1       1 0.000000 0.625000 0.104938 0.842105       1       1 0.250000       1     0.000000
    907   h1       1 0.617647 0.625000 0.574074 0.888889       1       1 1.000000       1     0.196986
    908   h1       1 0.875000 0.625000 0.666667 0.888889       1       1 1.000000       1     0.324074
    909   h1       1 0.875000 0.625000 0.666667 0.888889       1       1 1.000000       1     0.324074
    910   h1       1 0.875000 0.625000 0.666667 0.888889       1       1 1.000000       1     0.324074
    911   h1       1 0.772059 1.000000 0.944444 0.631579       1       1 0.727273       1     0.334928
    912   h1       1 0.875000 1.000000 1.000000 0.666667       1       1 0.727273       1     0.424242
    913   h1       1 0.875000 1.000000 1.000000 0.666667       1       1 0.727273       1     0.424242
    914   h1       1 0.875000 1.000000 1.000000 0.666667       1       1 0.727273       1     0.424242
    915   h1       1 0.875000 1.000000 1.000000 0.666667       1       1 0.727273       1     0.424242