 ChipID Half   Layer0  Layer1   Layer2  Layer3   Layer4   Layer5   Layer6  Layer7  Layer8  Pseaudo_Eff
    332   h0 0.937500       1 0.941176       1 0.631579 0.947368 0.784091       1       1     0.413957
    333   h0 1.000000       1 1.000000       1 0.666667 1.000000 0.818182       1       1     0.545455
    334   h0 1.000000       1 1.000000       1 0.666667 1.000000 0.818182       1       1     0.545455
    335   h0 0.585938       1 0.588235       1 0.947368 0.631579 0.958333       1       1     0.197636
    336   h0 0.625000       1 0.625000       1 1.000000 0.666667 1.000000       1       1     0.260417
    337   h0 0.625000       1 0.625000       1 1.000000 0.666667 1.000000       1       1     0.260417
    338   h0 0.585938       1 0.941176       1 0.947368 0.894737 0.696970       1       1     0.325800
    339   h0 0.625000       1 1.000000       1 1.000000 1.000000 0.727273       1       1     0.454545
    340   h0 0.625000       1 1.000000       1 1.000000 1.000000 0.818182       1       1     0.511364
    341   h0 0.937500       1 0.588235       1 0.631579 0.596491 0.958333       1       1     0.199100
    342   h0 1.000000       1 0.625000       1 0.666667 0.666667 1.000000       1       1     0.277778
    343   h0 1.000000       1 0.625000       1 0.666667 0.666667 1.000000       1       1     0.277778
    356   h0 0.937500       1 0.941176       1 0.631579 0.736842 0.696970       1       1     0.286193
    357   h0 1.000000       1 1.000000       1 0.666667 0.777778 0.727273       1       1     0.377104
    358   h0 1.000000       1 1.000000       1 0.666667 0.777778 0.727273       1       1     0.377104
    359   h0 1.000000       1 1.000000       1 0.666667 0.777778 0.727273       1       1     0.377104
    360   h0 0.585938       1 0.588235       1 0.736842 0.947368 0.696970       1       1     0.167691
    361   h0 0.625000       1 0.625000       1 0.777778 1.000000 0.727273       1       1     0.220960
    362   h0 0.625000       1 0.625000       1 0.777778 1.000000 0.727273       1       1     0.220960
    363   h0 0.625000       1 0.625000       1 0.777778 1.000000 0.727273       1       1     0.220960
    364   h0 0.500000       1 0.588235       1 0.684211 0.502924 0.424242       1       1     0.042937
    365   h0 1.000000       1 1.000000       1 1.000000 0.666667 0.727273       1       1     0.484848
    366   h0 1.000000       1 1.000000       1 1.000000 0.666667 0.727273       1       1     0.484848
    367   h0 1.000000       1 1.000000       1 1.000000 0.666667 0.727273       1       1     0.484848
    368   h0 0.429688       1 0.492647       1 0.619883 0.947368 0.537879       1       1     0.066865
    369   h0 0.625000       1 0.625000       1 0.666667 1.000000 0.727273       1       1     0.189394
    370   h0 0.625000       1 0.625000       1 0.666667 1.000000 0.727273       1       1     0.189394
    371   h0 0.625000       1 0.625000       1 0.666667 1.000000 0.727273       1       1     0.189394
    372   h0 0.750000       1 0.823529       1 0.894737 0.736842 0.750000       1       1     0.305402
    373   h0 1.000000       1 1.000000       1 1.000000 0.777778 1.000000       1       1     0.777778
    374   h0 1.000000       1 1.000000       1 1.000000 0.777778 1.000000       1       1     0.777778
    375   h0 1.000000       1 1.000000       1 1.000000 0.777778 1.000000       1       1     0.777778
    376   h0 0.460938       1 0.514706       1 0.631579 0.631579 0.613636       1       1     0.058072
    377   h0 0.625000       1 0.625000       1 0.666667 0.666667 0.818182       1       1     0.142045
    378   h0 0.625000       1 0.625000       1 0.666667 0.666667 0.818182       1       1     0.142045
    379   h0 0.625000       1 0.625000       1 0.666667 0.666667 0.818182       1       1     0.142045
    380   h0 0.562500       1 0.647059       1 0.573099 0.789474 0.545455       1       1     0.089824
    381   h0 1.000000       1 1.000000       1 0.777778 1.000000 0.727273       1       1     0.565657
    382   h0 1.000000       1 1.000000       1 0.777778 1.000000 0.727273       1       1     0.565657
    383   h0 1.000000       1 1.000000       1 0.777778 1.000000 0.727273       1       1     0.565657
    384   h0 0.585938       1 0.823529       1 0.947368 0.631579 0.784091       1       1     0.226383
    385   h0 0.625000       1 0.875000       1 1.000000 0.666667 0.727273       1       1     0.265152
    386   h0 0.625000       1 0.875000       1 1.000000 0.666667 0.727273       1       1     0.265152
    387   h0 0.625000       1 0.875000       1 1.000000 0.666667 0.727273       1       1     0.265152
    388   h0 0.937500       1 0.705882       1 0.631579 0.736842 0.696970       1       1     0.214644
    389   h0 1.000000       1 0.750000       1 0.666667 0.777778 0.727273       1       1     0.282828
    390   h0 1.000000       1 0.750000       1 0.666667 0.777778 0.727273       1       1     0.282828
    391   h0 1.000000       1 0.750000       1 0.666667 0.777778 0.727273       1       1     0.282828
    428   h0 0.937500       1 0.941176       1 0.842105 0.631579 0.871212       1       1     0.408846
    429   h0 1.000000       1 1.000000       1 0.888889 0.666667 0.909091       1       1     0.538721
    430   h0 1.000000       1 1.000000       1 0.888889 0.666667 0.909091       1       1     0.538721
    431   h0 1.000000       1 1.000000       1 0.888889 0.666667 0.909091       1       1     0.538721
    432   h0 1.000000       1 1.000000       1 0.888889 0.666667 0.909091       1       1     0.538721
    433   h0 0.000000       1 0.235294       1 0.526316 0.947368 0.189394       1       1     0.000000
    434   h0 0.429688       1 0.536765       1 0.649123 1.000000 0.909091       1       1     0.136104
    435   h0 0.625000       1 0.625000       1 0.666667 1.000000 0.909091       1       1     0.236742
    436   h0 0.625000       1 0.625000       1 0.666667 1.000000 0.909091       1       1     0.236742
    437   h0 0.625000       1 0.625000       1 0.666667 1.000000 0.909091       1       1     0.236742
    438   h0 0.468750       1 0.705882       1 0.842105 0.315789 0.000000       1       1     0.000000
    439   h0 0.578125       1 0.750000       1 0.888889 0.614035 0.666667       1       1     0.157773
    440   h0 0.625000       1 0.750000       1 0.888889 0.666667 0.727273       1       1     0.202020
    441   h0 0.625000       1 0.750000       1 0.888889 0.666667 0.727273       1       1     0.202020
    442   h0 0.625000       1 0.750000       1 0.888889 0.666667 0.727273       1       1     0.202020
    443   h0 0.937500       1 0.823529       1 0.631579 0.947368 0.958333       1       1     0.442704
    444   h0 1.000000       1 0.875000       1 0.666667 1.000000 1.000000       1       1     0.583333
    445   h0 1.000000       1 0.875000       1 0.666667 1.000000 1.000000       1       1     0.583333
    446   h0 1.000000       1 0.875000       1 0.666667 1.000000 1.000000       1       1     0.583333
    447   h0 1.000000       1 0.875000       1 0.666667 1.000000 1.000000       1       1     0.583333
    800   h1 0.937500       1 0.941176       1 0.631579 0.947368 0.871212       1       1     0.459952
    801   h1 1.000000       1 1.000000       1 0.666667 1.000000 0.909091       1       1     0.606061
    802   h1 1.000000       1 1.000000       1 0.666667 1.000000 0.909091       1       1     0.606061
    803   h1 0.585938       1 0.588235       1 0.947368 0.631579 0.958333       1       1     0.197636
    804   h1 0.625000       1 0.625000       1 1.000000 0.666667 1.000000       1       1     0.260417
    805   h1 0.625000       1 0.625000       1 1.000000 0.666667 1.000000       1       1     0.260417
    806   h1 0.601562       1 0.875000       1 0.947368 0.842105 0.784091       1       1     0.329261
    807   h1 0.625000       1 0.875000       1 1.000000 0.918129 0.818182       1       1     0.410810
    808   h1 0.625000       1 0.875000       1 1.000000 1.000000 0.818182       1       1     0.447443
    809   h1 0.937500       1 0.750000       1 0.631579 0.736842 0.958333       1       1     0.313582
    810   h1 1.000000       1 0.750000       1 0.666667 0.748538 1.000000       1       1     0.374269
    811   h1 1.000000       1 0.750000       1 0.666667 0.666667 1.000000       1       1     0.333333
    824   h1 0.937500       1 0.941176       1 0.631579 0.736842 0.696970       1       1     0.286193
    825   h1 1.000000       1 1.000000       1 0.666667 0.777778 0.727273       1       1     0.377104
    826   h1 1.000000       1 1.000000       1 0.666667 0.777778 0.727273       1       1     0.377104
    827   h1 1.000000       1 1.000000       1 0.666667 0.777778 0.727273       1       1     0.377104
    828   h1 0.585938       1 0.595588       1 0.842105 0.947368 0.696970       1       1     0.194042
    829   h1 0.625000       1 0.625000       1 0.888889 1.000000 0.727273       1       1     0.252525
    830   h1 0.625000       1 0.625000       1 0.888889 1.000000 0.727273       1       1     0.252525
    831   h1 0.625000       1 0.625000       1 0.888889 1.000000 0.727273       1       1     0.252525
    832   h1 0.562500       1 0.588235       1 0.684211 0.461988 0.469697       1       1     0.049126
    833   h1 1.000000       1 1.000000       1 1.000000 0.666667 0.727273       1       1     0.484848
    834   h1 1.000000       1 1.000000       1 1.000000 0.666667 0.727273       1       1     0.484848
    835   h1 1.000000       1 1.000000       1 1.000000 0.666667 0.727273       1       1     0.484848
    836   h1 0.453125       1 0.544118       1 0.631579 0.842105 0.568182       1       1     0.074506
    837   h1 0.625000       1 0.625000       1 0.666667 0.888889 0.727273       1       1     0.168350
    838   h1 0.625000       1 0.625000       1 0.666667 0.888889 0.727273       1       1     0.168350
    839   h1 0.625000       1 0.625000       1 0.666667 0.888889 0.727273       1       1     0.168350
    840   h1 0.687500       1 0.882353       1 0.947368 0.842105 0.750000       1       1     0.362962
    841   h1 1.000000       1 1.000000       1 1.000000 0.888889 1.000000       1       1     0.888889
    842   h1 1.000000       1 1.000000       1 1.000000 0.888889 1.000000       1       1     0.888889
    843   h1 1.000000       1 1.000000       1 1.000000 0.888889 1.000000       1       1     0.888889
    844   h1 0.460938       1 0.544118       1 0.631579 0.637427 0.613636       1       1     0.061959
    845   h1 0.625000       1 0.625000       1 0.666667 0.666667 0.818182       1       1     0.142045
    846   h1 0.625000       1 0.625000       1 0.666667 0.666667 0.818182       1       1     0.142045
    847   h1 0.625000       1 0.625000       1 0.666667 0.666667 0.818182       1       1     0.142045
    848   h1 0.500000       1 0.647059       1 0.654971 0.842105 0.515152       1       1     0.091926
    849   h1 1.000000       1 1.000000       1 0.888889 1.000000 0.727273       1       1     0.646465
    850   h1 1.000000       1 1.000000       1 0.888889 1.000000 0.727273       1       1     0.646465
    851   h1 1.000000       1 1.000000       1 0.888889 1.000000 0.727273       1       1     0.646465
    852   h1 0.617188       1 0.750000       1 0.947368 0.631579 0.696970       1       1     0.193036
    853   h1 0.625000       1 0.750000       1 1.000000 0.666667 0.727273       1       1     0.227273
    854   h1 0.625000       1 0.750000       1 1.000000 0.666667 0.727273       1       1     0.227273
    855   h1 0.625000       1 0.750000       1 1.000000 0.666667 0.727273       1       1     0.227273
    856   h1 1.000000       1 0.875000       1 0.631579 0.736842 0.696970       1       1     0.283808
    857   h1 1.000000       1 0.875000       1 0.666667 0.777778 0.727273       1       1     0.329966
    858   h1 1.000000       1 0.875000       1 0.666667 0.777778 0.727273       1       1     0.329966
    859   h1 1.000000       1 0.875000       1 0.666667 0.777778 0.727273       1       1     0.329966
    896   h1 0.937500       1 1.000000       1 0.842105 0.631579 0.958333       1       1     0.477839
    897   h1 1.000000       1 1.000000       1 0.888889 0.666667 1.000000       1       1     0.592593
    898   h1 1.000000       1 1.000000       1 0.888889 0.666667 1.000000       1       1     0.592593
    899   h1 1.000000       1 1.000000       1 0.888889 0.666667 1.000000       1       1     0.592593
    900   h1 1.000000       1 1.000000       1 0.888889 0.666667 1.000000       1       1     0.592593
    901   h1 0.117188       1 0.375000       1 0.526316 0.947368 0.189394       1       1     0.004150
    902   h1 0.468750       1 0.580882       1 0.649123 1.000000 0.909091       1       1     0.160681
    903   h1 0.625000       1 0.625000       1 0.666667 1.000000 0.909091       1       1     0.236742
    904   h1 0.625000       1 0.625000       1 0.666667 1.000000 0.909091       1       1     0.236742
    905   h1 0.625000       1 0.625000       1 0.666667 1.000000 0.909091       1       1     0.236742
    906   h1 0.468750       1 0.625000       1 0.842105 0.315789 0.000000       1       1     0.000000
    907   h1 0.578125       1 0.625000       1 0.888889 0.631579 0.666667       1       1     0.135234
    908   h1 0.625000       1 0.625000       1 0.888889 0.666667 0.727273       1       1     0.168350
    909   h1 0.625000       1 0.625000       1 0.888889 0.666667 0.727273       1       1     0.168350
    910   h1 0.625000       1 0.625000       1 0.888889 0.666667 0.727273       1       1     0.168350
    911   h1 0.937500       1 1.000000       1 0.631579 0.947368 0.958333       1       1     0.537569
    912   h1 1.000000       1 1.000000       1 0.666667 1.000000 1.000000       1       1     0.666667
    913   h1 1.000000       1 1.000000       1 0.666667 1.000000 1.000000       1       1     0.666667
    914   h1 1.000000       1 1.000000       1 0.666667 1.000000 1.000000       1       1     0.666667
    915   h1 1.000000       1 1.000000       1 0.666667 1.000000 1.000000       1       1     0.666667