 ChipID Half   Layer0   Layer1  Layer2   Layer3  Layer4   Layer5   Layer6  Layer7  Layer8  Pseaudo_Eff
    332   h0 0.937500 0.705882       1 0.629630       1 0.947368 0.784091       1       1     0.309510
    333   h0 1.000000 0.750000       1 0.666667       1 1.000000 0.818182       1       1     0.409091
    334   h0 1.000000 0.750000       1 0.666667       1 1.000000 0.818182       1       1     0.409091
    335   h0 0.585938 0.823529       1 0.944444       1 0.631579 0.958333       1       1     0.275836
    336   h0 0.625000 0.875000       1 1.000000       1 0.666667 1.000000       1       1     0.364583
    337   h0 0.625000 0.875000       1 1.000000       1 0.666667 1.000000       1       1     0.364583
    338   h0 0.585938 0.705882       1 0.629630       1 0.894737 0.696970       1       1     0.162397
    339   h0 0.625000 0.750000       1 0.666667       1 1.000000 0.727273       1       1     0.227273
    340   h0 0.625000 0.750000       1 0.666667       1 1.000000 0.818182       1       1     0.255682
    341   h0 0.937500 0.941176       1 0.944444       1 0.596491 0.958333       1       1     0.476365
    342   h0 1.000000 1.000000       1 1.000000       1 0.666667 1.000000       1       1     0.666667
    343   h0 1.000000 1.000000       1 1.000000       1 0.666667 1.000000       1       1     0.666667
    356   h0 0.937500 0.705882       1 0.629630       1 0.736842 0.696970       1       1     0.213982
    357   h0 1.000000 0.750000       1 0.666667       1 0.777778 0.727273       1       1     0.282828
    358   h0 1.000000 0.750000       1 0.666667       1 0.777778 0.727273       1       1     0.282828
    359   h0 1.000000 0.750000       1 0.666667       1 0.777778 0.727273       1       1     0.282828
    360   h0 0.585938 0.823529       1 0.944444       1 0.947368 0.696970       1       1     0.300912
    361   h0 0.625000 0.875000       1 1.000000       1 1.000000 0.727273       1       1     0.397727
    362   h0 0.625000 0.875000       1 1.000000       1 1.000000 0.727273       1       1     0.397727
    363   h0 0.625000 0.875000       1 1.000000       1 1.000000 0.727273       1       1     0.397727
    364   h0 0.500000 0.411765       1 0.419753       1 0.502924 0.424242       1       1     0.018439
    365   h0 1.000000 0.875000       1 0.666667       1 0.666667 0.727273       1       1     0.282828
    366   h0 1.000000 0.875000       1 0.666667       1 0.666667 0.727273       1       1     0.282828
    367   h0 1.000000 0.875000       1 0.666667       1 0.666667 0.727273       1       1     0.282828
    368   h0 0.429688 0.669118       1 0.790123       1 0.947368 0.537879       1       1     0.115759
    369   h0 0.625000 0.875000       1 0.888889       1 1.000000 0.727273       1       1     0.353535
    370   h0 0.625000 0.875000       1 0.888889       1 1.000000 0.727273       1       1     0.353535
    371   h0 0.625000 0.875000       1 0.888889       1 1.000000 0.727273       1       1     0.353535
    372   h0 0.750000 0.669118       1 0.691358       1 0.736842 0.750000       1       1     0.191735
    373   h0 1.000000 0.875000       1 0.777778       1 0.777778 1.000000       1       1     0.529321
    374   h0 1.000000 0.875000       1 0.777778       1 0.777778 1.000000       1       1     0.529321
    375   h0 1.000000 0.875000       1 0.777778       1 0.777778 1.000000       1       1     0.529321
    376   h0 0.460938 0.573529       1 0.648148       1 0.631579 0.613636       1       1     0.066407
    377   h0 0.625000 0.750000       1 0.777778       1 0.666667 0.818182       1       1     0.198864
    378   h0 0.625000 0.750000       1 0.777778       1 0.666667 0.818182       1       1     0.198864
    379   h0 0.625000 0.750000       1 0.777778       1 0.666667 0.818182       1       1     0.198864
    380   h0 0.562500 0.566176       1 0.722222       1 0.789474 0.545455       1       1     0.099047
    381   h0 1.000000 0.875000       1 1.000000       1 1.000000 0.727273       1       1     0.636364
    382   h0 1.000000 0.875000       1 1.000000       1 1.000000 0.727273       1       1     0.636364
    383   h0 1.000000 0.875000       1 1.000000       1 1.000000 0.727273       1       1     0.636364
    384   h0 0.585938 0.705882       1 0.629630       1 0.631579 0.784091       1       1     0.128962
    385   h0 0.625000 0.750000       1 0.666667       1 0.666667 0.727273       1       1     0.151515
    386   h0 0.625000 0.750000       1 0.666667       1 0.666667 0.727273       1       1     0.151515
    387   h0 0.625000 0.750000       1 0.666667       1 0.666667 0.727273       1       1     0.151515
    388   h0 0.937500 0.941176       1 0.944444       1 0.736842 0.696970       1       1     0.427964
    389   h0 1.000000 1.000000       1 1.000000       1 0.777778 0.727273       1       1     0.565657
    390   h0 1.000000 1.000000       1 1.000000       1 0.777778 0.727273       1       1     0.565657
    391   h0 1.000000 0.875000       1 1.000000       1 0.777778 0.727273       1       1     0.494949
    428   h0 0.937500 0.823529       1 0.629630       1 0.631579 0.871212       1       1     0.267477
    429   h0 1.000000 0.875000       1 0.666667       1 0.666667 0.909091       1       1     0.353535
    430   h0 1.000000 0.875000       1 0.666667       1 0.666667 0.909091       1       1     0.353535
    431   h0 1.000000 0.875000       1 0.666667       1 0.666667 0.909091       1       1     0.353535
    432   h0 1.000000 0.875000       1 0.666667       1 0.666667 0.909091       1       1     0.353535
    433   h0 0.000000 0.823529       1 0.944444       1 0.947368 0.189394       1       1     0.000000
    434   h0 0.429688 0.875000       1 1.000000       1 1.000000 0.909091       1       1     0.341797
    435   h0 0.625000 0.875000       1 1.000000       1 1.000000 0.909091       1       1     0.497159
    436   h0 0.625000 0.875000       1 1.000000       1 1.000000 0.909091       1       1     0.497159
    437   h0 0.625000 0.875000       1 1.000000       1 1.000000 0.909091       1       1     0.497159
    438   h0 0.468750 0.000000       1 0.104938       1 0.315789 0.000000       1       1     0.000000
    439   h0 0.578125 0.529412       1 0.543210       1 0.614035 0.666667       1       1     0.068059
    440   h0 0.625000 0.750000       1 0.666667       1 0.666667 0.727273       1       1     0.151515
    441   h0 0.625000 0.750000       1 0.666667       1 0.666667 0.727273       1       1     0.151515
    442   h0 0.625000 0.750000       1 0.666667       1 0.666667 0.727273       1       1     0.151515
    443   h0 0.937500 0.823529       1 0.944444       1 0.947368 0.958333       1       1     0.662007
    444   h0 1.000000 0.875000       1 1.000000       1 1.000000 1.000000       1       1     0.875000
    445   h0 1.000000 0.875000       1 1.000000       1 1.000000 1.000000       1       1     0.875000
    446   h0 1.000000 0.875000       1 1.000000       1 1.000000 1.000000       1       1     0.875000
    447   h0 1.000000 0.875000       1 1.000000       1 1.000000 1.000000       1       1     0.875000
    800   h1 0.937500 0.661765       1 0.592593       1 0.947368 0.871212       1       1     0.303441
    801   h1 1.000000 0.750000       1 0.666667       1 1.000000 0.909091       1       1     0.454545
    802   h1 1.000000 0.750000       1 0.666667       1 1.000000 0.909091       1       1     0.454545
    803   h1 0.585938 0.882353       1 0.944444       1 0.631579 0.958333       1       1     0.295539
    804   h1 0.625000 1.000000       1 1.000000       1 0.666667 1.000000       1       1     0.416667
    805   h1 0.625000 1.000000       1 1.000000       1 0.666667 1.000000       1       1     0.416667
    806   h1 0.601562 0.661765       1 0.629630       1 0.842105 0.784091       1       1     0.165502
    807   h1 0.625000 0.750000       1 0.666667       1 0.918129 0.818182       1       1     0.234749
    808   h1 0.625000 0.750000       1 0.666667       1 1.000000 0.818182       1       1     0.255682
    809   h1 0.937500 0.772059       1 0.944444       1 0.736842 0.958333       1       1     0.482713
    810   h1 1.000000 0.875000       1 1.000000       1 0.748538 1.000000       1       1     0.654971
    811   h1 1.000000 0.875000       1 1.000000       1 0.666667 1.000000       1       1     0.583333
    824   h1 0.937500 0.661765       1 0.629630       1 0.736842 0.696970       1       1     0.200608
    825   h1 1.000000 0.750000       1 0.666667       1 0.777778 0.727273       1       1     0.282828
    826   h1 1.000000 0.750000       1 0.666667       1 0.777778 0.727273       1       1     0.282828
    827   h1 1.000000 0.750000       1 0.666667       1 0.777778 0.727273       1       1     0.282828
    828   h1 0.585938 0.772059       1 0.944444       1 0.947368 0.696970       1       1     0.282105
    829   h1 0.625000 1.000000       1 1.000000       1 1.000000 0.727273       1       1     0.454545
    830   h1 0.625000 1.000000       1 1.000000       1 1.000000 0.727273       1       1     0.454545
    831   h1 0.625000 1.000000       1 1.000000       1 1.000000 0.727273       1       1     0.454545
    832   h1 0.562500 0.308824       1 0.450617       1 0.461988 0.469697       1       1     0.016986
    833   h1 1.000000 0.750000       1 0.666667       1 0.666667 0.727273       1       1     0.242424
    834   h1 1.000000 0.750000       1 0.666667       1 0.666667 0.727273       1       1     0.242424
    835   h1 1.000000 0.750000       1 0.666667       1 0.666667 0.727273       1       1     0.242424
    836   h1 0.453125 0.617647       1 0.790123       1 0.842105 0.568182       1       1     0.105805
    837   h1 0.625000 0.875000       1 0.888889       1 0.888889 0.727273       1       1     0.314254
    838   h1 0.625000 0.875000       1 0.888889       1 0.888889 0.727273       1       1     0.314254
    839   h1 0.625000 0.875000       1 0.888889       1 0.888889 0.727273       1       1     0.314254
    840   h1 0.687500 0.573529       1 0.691358       1 0.842105 0.750000       1       1     0.172171
    841   h1 1.000000 0.750000       1 0.777778       1 0.888889 1.000000       1       1     0.518519
    842   h1 1.000000 0.750000       1 0.777778       1 0.888889 1.000000       1       1     0.518519
    843   h1 1.000000 0.750000       1 0.777778       1 0.888889 1.000000       1       1     0.518519
    844   h1 0.460938 0.669118       1 0.691358       1 0.637427 0.613636       1       1     0.083404
    845   h1 0.625000 0.875000       1 0.777778       1 0.666667 0.818182       1       1     0.232008
    846   h1 0.625000 0.875000       1 0.777778       1 0.666667 0.818182       1       1     0.232008
    847   h1 0.625000 0.875000       1 0.777778       1 0.666667 0.818182       1       1     0.232008
    848   h1 0.500000 0.566176       1 0.777778       1 0.842105 0.515152       1       1     0.095517
    849   h1 1.000000 0.875000       1 1.000000       1 1.000000 0.727273       1       1     0.636364
    850   h1 1.000000 0.875000       1 1.000000       1 1.000000 0.727273       1       1     0.636364
    851   h1 1.000000 0.875000       1 1.000000       1 1.000000 0.727273       1       1     0.636364
    852   h1 0.617188 0.772059       1 0.629630       1 0.631579 0.696970       1       1     0.132067
    853   h1 0.625000 0.875000       1 0.666667       1 0.666667 0.727273       1       1     0.176768
    854   h1 0.625000 0.875000       1 0.666667       1 0.666667 0.727273       1       1     0.176768
    855   h1 0.625000 0.875000       1 0.666667       1 0.666667 0.727273       1       1     0.176768
    856   h1 1.000000 0.772059       1 0.944444       1 0.736842 0.696970       1       1     0.374468
    857   h1 1.000000 0.875000       1 1.000000       1 0.777778 0.727273       1       1     0.494949
    858   h1 1.000000 0.875000       1 1.000000       1 0.777778 0.727273       1       1     0.494949
    859   h1 1.000000 0.875000       1 1.000000       1 0.777778 0.727273       1       1     0.494949
    896   h1 0.937500 0.661765       1 0.604938       1 0.631579 0.958333       1       1     0.227159
    897   h1 1.000000 0.750000       1 0.666667       1 0.666667 1.000000       1       1     0.333333
    898   h1 1.000000 0.750000       1 0.666667       1 0.666667 1.000000       1       1     0.333333
    899   h1 1.000000 0.750000       1 0.666667       1 0.666667 1.000000       1       1     0.333333
    900   h1 1.000000 0.750000       1 0.666667       1 0.666667 1.000000       1       1     0.333333
    901   h1 0.117188 0.772059       1 0.888889       1 0.947368 0.189394       1       1     0.014430
    902   h1 0.468750 0.875000       1 1.000000       1 1.000000 0.909091       1       1     0.372869
    903   h1 0.625000 0.875000       1 1.000000       1 1.000000 0.909091       1       1     0.497159
    904   h1 0.625000 0.875000       1 1.000000       1 1.000000 0.909091       1       1     0.497159
    905   h1 0.625000 0.875000       1 1.000000       1 1.000000 0.909091       1       1     0.497159
    906   h1 0.468750 0.000000       1 0.104938       1 0.315789 0.000000       1       1     0.000000
    907   h1 0.578125 0.617647       1 0.574074       1 0.631579 0.666667       1       1     0.086311
    908   h1 0.625000 0.875000       1 0.666667       1 0.666667 0.727273       1       1     0.176768
    909   h1 0.625000 0.875000       1 0.666667       1 0.666667 0.727273       1       1     0.176768
    910   h1 0.625000 0.875000       1 0.666667       1 0.666667 0.727273       1       1     0.176768
    911   h1 0.937500 0.772059       1 0.944444       1 0.947368 0.958333       1       1     0.620631
    912   h1 1.000000 0.875000       1 1.000000       1 1.000000 1.000000       1       1     0.875000
    913   h1 1.000000 0.875000       1 1.000000       1 1.000000 1.000000       1       1     0.875000
    914   h1 1.000000 0.875000       1 1.000000       1 1.000000 1.000000       1       1     0.875000
    915   h1 1.000000 0.875000       1 1.000000       1 1.000000 1.000000       1       1     0.875000