 ChipID Half  Layer0   Layer1   Layer2   Layer3  Layer4  Layer5   Layer6  Layer7  Layer8  Pseaudo_Eff
    229   h0       1 0.629630 0.736842 0.842105   0.665       1 0.960000       1       1     0.249413
    230   h0       1 0.666667 0.777778 0.888889   0.700       1 1.000000       1       1     0.322634
    231   h0       1 0.666667 0.777778 0.888889   0.700       1 1.000000       1       1     0.322634
    232   h0       1 0.944444 0.736842 0.842105   0.950       1 0.720000       1       1     0.400842
    233   h0       1 1.000000 0.777778 0.888889   1.000       1 0.750000       1       1     0.518519
    234   h0       1 1.000000 0.777778 0.888889   1.000       1 0.750000       1       1     0.518519
    235   h0       1 0.629630 0.947368 0.631579   0.665       1 0.720000       1       1     0.180379
    236   h0       1 0.666667 1.000000 0.666667   0.700       1 0.750000       1       1     0.233333
    237   h0       1 0.666667 1.000000 0.666667   0.700       1 0.750000       1       1     0.233333
    238   h0       1 0.839506 0.631579 0.631579   0.950       1 0.880000       1       1     0.279953
    239   h0       1 0.888889 0.777778 0.666667   1.000       1 0.916667       1       1     0.422497
    240   h0       1 0.888889 0.777778 0.666667   1.000       1 0.916667       1       1     0.422497
    241   h0       1 0.734568 0.736842 0.947368   0.665       1 0.880000       1       1     0.300075
    242   h0       1 0.777778 0.777778 1.000000   0.700       1 0.916667       1       1     0.388169
    243   h0       1 0.777778 0.777778 1.000000   0.700       1 0.916667       1       1     0.388169
    288   h0       1 0.839506 0.631579 0.947368   0.855       1 0.720000       1       1     0.309221
    289   h0       1 0.888889 0.666667 1.000000   0.900       1 0.750000       1       1     0.400000
    290   h0       1 0.888889 0.666667 1.000000   0.900       1 0.750000       1       1     0.400000
    291   h0       1 0.888889 0.666667 1.000000   0.900       1 0.750000       1       1     0.400000
    292   h0       1 0.734568 0.947368 0.631579   0.855       1 0.880000       1       1     0.330695
    293   h0       1 0.777778 1.000000 0.666667   0.900       1 0.916667       1       1     0.427778
    294   h0       1 0.777778 1.000000 0.666667   0.900       1 0.916667       1       1     0.427778
    295   h0       1 0.777778 1.000000 0.666667   0.900       1 0.916667       1       1     0.427778
    296   h0       1 0.734568 0.210526 0.947368   0.475       1 0.240000       1       1     0.016702
    297   h0       1 0.777778 0.596491 1.000000   0.690       1 1.000000       1       1     0.320117
    298   h0       1 0.777778 0.666667 1.000000   0.700       1 1.000000       1       1     0.362963
    299   h0       1 0.777778 0.666667 1.000000   0.700       1 1.000000       1       1     0.362963
    300   h0       1 0.500000 0.631579 0.450292   0.700       1 0.400000       1       1     0.039815
    301   h0       1 1.000000 1.000000 0.777778   1.000       1 0.750000       1       1     0.583333
    302   h0       1 1.000000 1.000000 0.777778   1.000       1 0.750000       1       1     0.583333
    303   h0       1 1.000000 1.000000 0.777778   1.000       1 0.750000       1       1     0.583333
    304   h0       1 0.512346 0.614035 0.596491   0.605       1 0.536667       1       1     0.060928
    305   h0       1 0.666667 0.777778 0.666667   0.700       1 0.750000       1       1     0.181481
    306   h0       1 0.666667 0.777778 0.666667   0.700       1 0.750000       1       1     0.181481
    307   h0       1 0.666667 0.777778 0.666667   0.700       1 0.750000       1       1     0.181481
    308   h0       1 0.722222 0.614035 0.842105   0.630       1 0.543333       1       1     0.127831
    309   h0       1 1.000000 0.777778 1.000000   0.700       1 0.750000       1       1     0.408333
    310   h0       1 1.000000 0.777778 1.000000   0.700       1 0.750000       1       1     0.408333
    311   h0       1 1.000000 0.777778 1.000000   0.700       1 0.750000       1       1     0.408333
    312   h0       1 0.469136 0.789474 0.573099   0.900       1 0.623333       1       1     0.119077
    313   h0       1 0.666667 1.000000 0.666667   1.000       1 0.916667       1       1     0.407407
    314   h0       1 0.666667 1.000000 0.666667   1.000       1 0.916667       1       1     0.407407
    315   h0       1 0.666667 1.000000 0.666667   1.000       1 0.916667       1       1     0.407407
    316   h0       1 0.444444 0.409357 0.526316   0.550       1 0.550000       1       1     0.028966
    317   h0       1 1.000000 0.666667 1.000000   0.700       1 0.916667       1       1     0.427778
    318   h0       1 1.000000 0.666667 1.000000   0.700       1 0.916667       1       1     0.427778
    319   h0       1 1.000000 0.666667 1.000000   0.700       1 0.916667       1       1     0.427778
    320   h0       1 0.419753 0.947368 0.736842   0.950       1 0.643333       1       1     0.179080
    321   h0       1 0.617284 1.000000 0.777778   1.000       1 0.750000       1       1     0.360082
    322   h0       1 0.666667 1.000000 0.777778   1.000       1 0.750000       1       1     0.388889
    323   h0       1 0.666667 1.000000 0.777778   1.000       1 0.750000       1       1     0.388889
    324   h0       1 0.944444 0.631579 0.631579   0.760       1 0.720000       1       1     0.206147
    325   h0       1 1.000000 0.666667 0.666667   0.800       1 0.750000       1       1     0.266667
    326   h0       1 1.000000 0.666667 0.666667   0.800       1 0.750000       1       1     0.266667
    327   h0       1 1.000000 0.666667 0.666667   0.800       1 0.750000       1       1     0.266667
    328   h0       1 0.629630 0.947368 0.947368   0.665       1 0.720000       1       1     0.270568
    329   h0       1 0.666667 1.000000 1.000000   0.700       1 0.750000       1       1     0.350000
    330   h0       1 0.666667 1.000000 1.000000   0.700       1 0.750000       1       1     0.350000
    331   h0       1 0.666667 1.000000 1.000000   0.700       1 0.750000       1       1     0.350000
    697   h1       1 0.592593 0.596491 0.947368   0.665       1 1.000000       1       1     0.222690
    698   h1       1 0.666667 0.666667 1.000000   0.700       1 1.000000       1       1     0.311111
    699   h1       1 0.666667 0.666667 1.000000   0.700       1 1.000000       1       1     0.311111
    700   h1       1 0.888889 0.695906 0.777778   0.950       1 0.750000       1       1     0.342798
    701   h1       1 1.000000 0.777778 0.777778   1.000       1 0.750000       1       1     0.453704
    702   h1       1 1.000000 0.777778 0.777778   1.000       1 0.750000       1       1     0.453704
    703   h1       1 0.592593 0.894737 0.666667   0.665       1 0.750000       1       1     0.176296
    704   h1       1 0.666667 1.000000 0.666667   0.700       1 0.750000       1       1     0.233333
    705   h1       1 0.666667 1.000000 0.666667   0.700       1 0.750000       1       1     0.233333
    706   h1       1 0.790123 0.631579 0.666667   1.000       1 1.000000       1       1     0.332684
    707   h1       1 0.888889 0.666667 0.666667   1.000       1 1.000000       1       1     0.395062
    708   h1       1 0.888889 0.666667 0.666667   1.000       1 1.000000       1       1     0.395062
    709   h1       1 0.691358 0.736842 1.000000   0.665       1 0.916667       1       1     0.310535
    710   h1       1 0.777778 0.777778 1.000000   0.700       1 0.916667       1       1     0.388169
    711   h1       1 0.777778 0.777778 1.000000   0.700       1 0.916667       1       1     0.388169
    756   h1       1 0.888889 0.602339 1.000000   0.855       1 0.750000       1       1     0.343333
    757   h1       1 1.000000 0.666667 1.000000   0.900       1 0.750000       1       1     0.450000
    758   h1       1 1.000000 0.666667 1.000000   0.900       1 0.750000       1       1     0.450000
    759   h1       1 1.000000 0.666667 1.000000   0.900       1 0.750000       1       1     0.450000
    760   h1       1 0.691358 0.947368 0.649123   0.855       1 0.916667       1       1     0.333216
    761   h1       1 0.777778 1.000000 0.666667   0.900       1 0.916667       1       1     0.427778
    762   h1       1 0.777778 1.000000 0.666667   0.900       1 0.916667       1       1     0.427778
    763   h1       1 0.777778 1.000000 0.666667   0.900       1 0.916667       1       1     0.427778
    764   h1       1 0.691358 0.210526 0.947368   0.475       1 0.256667       1       1     0.016811
    765   h1       1 0.777778 0.596491 1.000000   0.690       1 0.916667       1       1     0.293441
    766   h1       1 0.777778 0.666667 1.000000   0.700       1 0.916667       1       1     0.332716
    767   h1       1 0.777778 0.666667 1.000000   0.700       1 0.916667       1       1     0.332716
    768   h1       1 0.444444 0.631579 0.491228   0.750       1 0.430000       1       1     0.044469
    769   h1       1 0.888889 1.000000 0.777778   1.000       1 0.750000       1       1     0.518519
    770   h1       1 0.888889 1.000000 0.777778   1.000       1 0.750000       1       1     0.518519
    771   h1       1 0.888889 1.000000 0.777778   1.000       1 0.750000       1       1     0.518519
    772   h1       1 0.481481 0.526316 0.596491   0.640       1 0.573333       1       1     0.055465
    773   h1       1 0.666667 0.666667 0.666667   0.700       1 0.750000       1       1     0.155556
    774   h1       1 0.666667 0.666667 0.666667   0.700       1 0.750000       1       1     0.155556
    775   h1       1 0.666667 0.666667 0.666667   0.700       1 0.750000       1       1     0.155556
    776   h1       1 0.777778 0.614035 0.894737   0.630       1 0.573333       1       1     0.154345
    777   h1       1 1.000000 0.777778 1.000000   0.700       1 0.750000       1       1     0.408333
    778   h1       1 1.000000 0.777778 1.000000   0.700       1 0.750000       1       1     0.408333
    779   h1       1 1.000000 0.777778 1.000000   0.700       1 0.750000       1       1     0.408333
    780   h1       1 0.506173 0.789474 0.596491   0.900       1 0.660000       1       1     0.141588
    781   h1       1 0.666667 1.000000 0.666667   1.000       1 0.916667       1       1     0.407407
    782   h1       1 0.666667 1.000000 0.666667   1.000       1 0.916667       1       1     0.407407
    783   h1       1 0.666667 1.000000 0.666667   1.000       1 0.916667       1       1     0.407407
    784   h1       1 0.444444 0.345029 0.526316   0.565       1 0.586667       1       1     0.026752
    785   h1       1 1.000000 0.666667 1.000000   0.700       1 0.916667       1       1     0.427778
    786   h1       1 1.000000 0.666667 1.000000   0.700       1 0.916667       1       1     0.427778
    787   h1       1 1.000000 0.666667 1.000000   0.700       1 0.916667       1       1     0.427778
    788   h1       1 0.395062 0.947368 0.666667   0.950       1 0.673333       1       1     0.159605
    789   h1       1 0.629630 1.000000 0.666667   1.000       1 0.750000       1       1     0.314815
    790   h1       1 0.666667 1.000000 0.666667   1.000       1 0.750000       1       1     0.333333
    791   h1       1 0.666667 1.000000 0.666667   1.000       1 0.750000       1       1     0.333333
    792   h1       1 0.888889 0.631579 0.777778   0.760       1 0.750000       1       1     0.248889
    793   h1       1 1.000000 0.666667 0.777778   0.800       1 0.750000       1       1     0.311111
    794   h1       1 1.000000 0.666667 0.777778   0.800       1 0.750000       1       1     0.311111
    795   h1       1 1.000000 0.666667 0.777778   0.800       1 0.750000       1       1     0.311111
    796   h1       1 0.592593 0.947368 1.000000   0.665       1 0.750000       1       1     0.280000
    797   h1       1 0.666667 1.000000 1.000000   0.700       1 0.750000       1       1     0.350000
    798   h1       1 0.666667 1.000000 1.000000   0.700       1 0.750000       1       1     0.350000
    799   h1       1 0.666667 1.000000 1.000000   0.700       1 0.750000       1       1     0.350000