 ChipID Half   Layer0  Layer1   Layer2   Layer3  Layer4   Layer5   Layer6  Layer7  Layer8  Pseaudo_Eff
    344   h0 0.585938       1 0.941176 0.629630       1 0.631579 0.695652       1       1     0.152555
    345   h0 0.625000       1 1.000000 0.666667       1 0.666667 0.727273       1       1     0.202020
    346   h0 0.625000       1 1.000000 0.666667       1 0.666667 0.727273       1       1     0.202020
    347   h0 0.937500       1 0.588235 0.944444       1 0.947368 0.782609       1       1     0.386156
    348   h0 1.000000       1 0.625000 1.000000       1 1.000000 0.818182       1       1     0.511364
    349   h0 1.000000       1 0.625000 1.000000       1 1.000000 0.727273       1       1     0.454545
    350   h0 0.585938       1 0.941176 0.629630       1 0.894737 0.695652       1       1     0.216120
    351   h0 0.625000       1 1.000000 0.666667       1 1.000000 0.727273       1       1     0.303030
    352   h0 0.625000       1 1.000000 0.666667       1 1.000000 0.727273       1       1     0.303030
    353   h0 0.937500       1 0.588235 0.734568       1 0.596491 0.956522       1       1     0.231128
    354   h0 1.000000       1 0.625000 0.777778       1 0.666667 1.000000       1       1     0.324074
    355   h0 1.000000       1 0.625000 0.777778       1 0.666667 1.000000       1       1     0.324074
    392   h0 0.585938       1 0.941176 0.629630       1 0.631579 0.956522       1       1     0.209764
    393   h0 0.625000       1 1.000000 0.666667       1 0.666667 1.000000       1       1     0.277778
    394   h0 0.625000       1 1.000000 0.666667       1 0.666667 1.000000       1       1     0.277778
    395   h0 0.625000       1 1.000000 0.666667       1 0.666667 1.000000       1       1     0.277778
    396   h0 0.937500       1 0.705882 0.839506       1 0.947368 0.695652       1       1     0.366133
    397   h0 1.000000       1 0.750000 0.888889       1 1.000000 0.727273       1       1     0.484848
    398   h0 1.000000       1 0.750000 0.888889       1 1.000000 0.727273       1       1     0.484848
    399   h0 1.000000       1 0.750000 0.888889       1 1.000000 0.727273       1       1     0.484848
    400   h0 0.421875       1 0.566176 0.666667       1 0.654971 0.513834       1       1     0.053591
    401   h0 0.750000       1 0.875000 1.000000       1 0.888889 0.909091       1       1     0.530303
    402   h0 0.750000       1 0.875000 1.000000       1 0.888889 0.909091       1       1     0.530303
    403   h0 0.750000       1 0.875000 1.000000       1 0.888889 0.909091       1       1     0.530303
    404   h0 0.601562       1 0.669118 0.586420       1 0.625731 0.529644       1       1     0.078228
    405   h0 0.875000       1 0.875000 0.666667       1 0.666667 0.727273       1       1     0.247475
    406   h0 0.875000       1 0.875000 0.666667       1 0.666667 0.727273       1       1     0.247475
    407   h0 0.875000       1 0.875000 0.666667       1 0.666667 0.727273       1       1     0.247475
    408   h0 0.515625       1 0.617647 0.833333       1 0.947368 0.509881       1       1     0.128198
    409   h0 0.750000       1 0.750000 1.000000       1 1.000000 0.727273       1       1     0.409091
    410   h0 0.750000       1 0.750000 1.000000       1 1.000000 0.727273       1       1     0.409091
    411   h0 0.750000       1 0.750000 1.000000       1 1.000000 0.727273       1       1     0.409091
    412   h0 0.656250       1 0.823529 0.580247       1 0.631579 0.695652       1       1     0.137778
    413   h0 0.875000       1 1.000000 0.666667       1 0.666667 1.000000       1       1     0.388889
    414   h0 0.875000       1 1.000000 0.666667       1 0.666667 1.000000       1       1     0.388889
    415   h0 0.875000       1 1.000000 0.666667       1 0.666667 1.000000       1       1     0.388889
    416   h0 0.382812       1 0.352941 0.611111       1 0.684211 0.537549       1       1     0.030368
    417   h0 0.875000       1 0.625000 1.000000       1 1.000000 0.727273       1       1     0.397727
    418   h0 0.875000       1 0.625000 1.000000       1 1.000000 0.727273       1       1     0.397727
    419   h0 0.875000       1 0.625000 1.000000       1 1.000000 0.727273       1       1     0.397727
    420   h0 0.703125       1 0.941176 0.629630       1 0.842105 0.956522       1       1     0.335622
    421   h0 0.750000       1 1.000000 0.666667       1 0.888889 1.000000       1       1     0.444444
    422   h0 0.750000       1 1.000000 0.666667       1 0.888889 1.000000       1       1     0.444444
    423   h0 0.750000       1 1.000000 0.666667       1 0.888889 1.000000       1       1     0.444444
    424   h0 0.937500       1 0.588235 0.944444       1 0.625731 0.695652       1       1     0.226714
    425   h0 1.000000       1 0.625000 1.000000       1 0.666667 0.727273       1       1     0.303030
    426   h0 1.000000       1 0.625000 1.000000       1 0.666667 0.727273       1       1     0.303030
    427   h0 1.000000       1 0.625000 1.000000       1 0.666667 0.727273       1       1     0.303030
    448   h0 0.703125       1 0.823529 0.734568       1 0.631579 0.482213       1       1     0.129542
    449   h0 0.750000       1 0.875000 0.777778       1 0.666667 0.727273       1       1     0.247475
    450   h0 0.750000       1 0.875000 0.777778       1 0.666667 0.727273       1       1     0.247475
    451   h0 0.750000       1 0.875000 0.777778       1 0.666667 0.727273       1       1     0.247475
    452   h0 0.750000       1 0.875000 0.777778       1 0.666667 0.727273       1       1     0.247475
    453   h0 0.000000       1 0.000000 0.629630       1 0.842105 0.158103       1       1     0.000000
    454   h0 0.687500       1 0.573529 0.666667       1 0.888889 0.909091       1       1     0.212418
    455   h0 1.000000       1 0.750000 0.666667       1 0.888889 0.909091       1       1     0.404040
    456   h0 1.000000       1 0.750000 0.666667       1 0.888889 0.909091       1       1     0.404040
    457   h0 1.000000       1 0.750000 0.666667       1 0.888889 0.909091       1       1     0.404040
    458   h0 0.703125       1 0.941176 0.419753       1 0.631579 0.347826       1       1     0.061022
    459   h0 0.750000       1 1.000000 0.617284       1 0.666667 0.695652       1       1     0.214707
    460   h0 0.750000       1 1.000000 0.666667       1 0.666667 0.727273       1       1     0.242424
    461   h0 0.750000       1 1.000000 0.666667       1 0.666667 0.727273       1       1     0.242424
    462   h0 0.750000       1 1.000000 0.666667       1 0.666667 0.727273       1       1     0.242424
    463   h0 0.820312       1 0.588235 0.944444       1 0.842105 0.782609       1       1     0.300343
    464   h0 0.875000       1 0.625000 1.000000       1 0.888889 0.818182       1       1     0.397727
    465   h0 0.875000       1 0.625000 1.000000       1 0.888889 0.818182       1       1     0.397727
    466   h0 0.875000       1 0.625000 1.000000       1 0.888889 0.818182       1       1     0.397727
    467   h0 0.875000       1 0.625000 1.000000       1 0.888889 0.818182       1       1     0.397727
    812   h1 0.546875       1 0.882353 0.623457       1 0.631579 0.727273       1       1     0.138185
    813   h1 0.625000       1 1.000000 0.666667       1 0.666667 0.727273       1       1     0.202020
    814   h1 0.625000       1 1.000000 0.666667       1 0.666667 0.727273       1       1     0.202020
    815   h1 0.875000       1 0.551471 0.944444       1 0.947368 0.818182       1       1     0.353245
    816   h1 1.000000       1 0.625000 1.000000       1 1.000000 0.818182       1       1     0.511364
    817   h1 1.000000       1 0.625000 1.000000       1 1.000000 0.818182       1       1     0.511364
    818   h1 0.546875       1 0.941176 0.629630       1 0.947368 0.727273       1       1     0.223285
    819   h1 0.625000       1 1.000000 0.666667       1 1.000000 0.727273       1       1     0.303030
    820   h1 0.625000       1 1.000000 0.666667       1 1.000000 0.727273       1       1     0.303030
    821   h1 0.875000       1 0.588235 0.839506       1 0.736842 1.000000       1       1     0.318389
    822   h1 1.000000       1 0.625000 0.777778       1 0.754386 1.000000       1       1     0.366715
    823   h1 1.000000       1 0.625000 0.777778       1 0.666667 1.000000       1       1     0.324074
    860   h1 0.546875       1 0.882353 0.629630       1 0.631579 1.000000       1       1     0.191886
    861   h1 0.625000       1 1.000000 0.666667       1 0.666667 1.000000       1       1     0.277778
    862   h1 0.625000       1 1.000000 0.666667       1 0.666667 1.000000       1       1     0.277778
    863   h1 0.625000       1 1.000000 0.666667       1 0.666667 1.000000       1       1     0.277778
    864   h1 0.875000       1 0.588235 0.839506       1 0.947368 0.727273       1       1     0.297714
    865   h1 1.000000       1 0.625000 0.888889       1 1.000000 0.727273       1       1     0.404040
    866   h1 1.000000       1 0.625000 0.888889       1 1.000000 0.727273       1       1     0.404040
    867   h1 1.000000       1 0.625000 0.888889       1 1.000000 0.727273       1       1     0.404040
    868   h1 0.468750       1 0.705882 0.666667       1 0.654971 0.513834       1       1     0.074238
    869   h1 0.750000       1 1.000000 1.000000       1 0.888889 0.909091       1       1     0.606061
    870   h1 0.750000       1 1.000000 1.000000       1 0.888889 0.909091       1       1     0.606061
    871   h1 0.750000       1 1.000000 1.000000       1 0.888889 0.909091       1       1     0.606061
    872   h1 0.601562       1 0.617647 0.586420       1 0.625731 0.561265       1       1     0.076522
    873   h1 0.875000       1 0.750000 0.666667       1 0.666667 0.727273       1       1     0.212121
    874   h1 0.875000       1 0.750000 0.666667       1 0.666667 0.727273       1       1     0.212121
    875   h1 0.875000       1 0.750000 0.666667       1 0.666667 0.727273       1       1     0.212121
    876   h1 0.601562       1 0.720588 0.888889       1 0.947368 0.537549       1       1     0.196224
    877   h1 0.875000       1 0.875000 1.000000       1 1.000000 0.727273       1       1     0.556818
    878   h1 0.875000       1 0.875000 1.000000       1 1.000000 0.727273       1       1     0.556818
    879   h1 0.875000       1 0.875000 1.000000       1 1.000000 0.727273       1       1     0.556818
    880   h1 0.515625       1 0.720588 0.580247       1 0.643275 0.739130       1       1     0.102507
    881   h1 0.750000       1 0.875000 0.666667       1 0.666667 1.000000       1       1     0.291667
    882   h1 0.750000       1 0.875000 0.666667       1 0.666667 1.000000       1       1     0.291667
    883   h1 0.750000       1 0.875000 0.666667       1 0.666667 1.000000       1       1     0.291667
    884   h1 0.328125       1 0.397059 0.611111       1 0.684211 0.569170       1       1     0.031006
    885   h1 0.875000       1 0.750000 1.000000       1 1.000000 0.727273       1       1     0.477273
    886   h1 0.875000       1 0.750000 1.000000       1 1.000000 0.727273       1       1     0.477273
    887   h1 0.875000       1 0.750000 1.000000       1 1.000000 0.727273       1       1     0.477273
    888   h1 0.703125       1 0.941176 0.629630       1 0.947368 1.000000       1       1     0.394737
    889   h1 0.750000       1 1.000000 0.666667       1 1.000000 1.000000       1       1     0.500000
    890   h1 0.750000       1 1.000000 0.666667       1 1.000000 1.000000       1       1     0.500000
    891   h1 0.750000       1 1.000000 0.666667       1 1.000000 1.000000       1       1     0.500000
    892   h1 0.937500       1 0.588235 0.944444       1 0.526316 0.727273       1       1     0.199362
    893   h1 1.000000       1 0.625000 1.000000       1 0.578947 0.727273       1       1     0.263158
    894   h1 1.000000       1 0.625000 1.000000       1 0.666667 0.727273       1       1     0.303030
    895   h1 1.000000       1 0.625000 1.000000       1 0.619883 0.727273       1       1     0.281765
    916   h1 0.656250       1 0.941176 0.691358       1 0.631579 0.584980       1       1     0.157766
    917   h1 0.750000       1 1.000000 0.777778       1 0.666667 0.727273       1       1     0.282828
    918   h1 0.750000       1 1.000000 0.777778       1 0.666667 0.727273       1       1     0.282828
    919   h1 0.750000       1 1.000000 0.777778       1 0.666667 0.727273       1       1     0.282828
    920   h1 0.750000       1 1.000000 0.777778       1 0.666667 0.727273       1       1     0.282828
    921   h1 0.000000       1 0.000000 0.691358       1 0.736842 0.217391       1       1     0.000000
    922   h1 0.601562       1 0.573529 0.777778       1 0.777778 1.000000       1       1     0.208712
    923   h1 0.875000       1 0.750000 0.777778       1 0.777778 1.000000       1       1     0.396991
    924   h1 0.875000       1 0.750000 0.777778       1 0.777778 1.000000       1       1     0.396991
    925   h1 0.875000       1 0.750000 0.777778       1 0.777778 1.000000       1       1     0.396991
    926   h1 0.656250       1 0.875000 0.419753       1 0.631579 0.272727       1       1     0.041517
    927   h1 0.750000       1 1.000000 0.617284       1 0.666667 0.707510       1       1     0.218367
    928   h1 0.750000       1 1.000000 0.666667       1 0.666667 0.727273       1       1     0.242424
    929   h1 0.750000       1 1.000000 0.666667       1 0.666667 0.727273       1       1     0.242424
    930   h1 0.750000       1 1.000000 0.666667       1 0.666667 0.727273       1       1     0.242424
    931   h1 0.875000       1 0.750000 0.944444       1 0.736842 0.818182       1       1     0.373654
    932   h1 1.000000       1 0.750000 1.000000       1 0.777778 0.818182       1       1     0.477273
    933   h1 1.000000       1 0.750000 1.000000       1 0.777778 0.818182       1       1     0.477273
    934   h1 1.000000       1 0.750000 1.000000       1 0.777778 0.818182       1       1     0.477273
    935   h1 1.000000       1 0.750000 1.000000       1 0.777778 0.818182       1       1     0.477273