 ChipID Half  Layer0   Layer1  Layer2   Layer3  Layer4   Layer5  Layer6   Layer7   Layer8  Pseaudo_Eff
    344   h0       1 0.937500       1 0.629630       1 0.631579       1 0.958333 0.641026     0.229021
    345   h0       1 1.000000       1 0.666667       1 0.666667       1 1.000000 0.666667     0.296296
    346   h0       1 1.000000       1 0.666667       1 0.666667       1 1.000000 0.714744     0.317664
    347   h0       1 0.585938       1 0.944444       1 0.947368       1 0.696970 0.801282     0.292783
    348   h0       1 0.625000       1 1.000000       1 1.000000       1 0.727273 0.833333     0.378788
    349   h0       1 0.625000       1 1.000000       1 1.000000       1 0.727273 0.788462     0.358392
    350   h0       1 0.585938       1 0.629630       1 0.894737       1 0.784091 0.961538     0.248866
    351   h0       1 0.625000       1 0.666667       1 1.000000       1 0.818182 1.000000     0.340909
    352   h0       1 0.625000       1 0.666667       1 1.000000       1 0.818182 1.000000     0.340909
    353   h0       1 0.937500       1 0.734568       1 0.596491       1 0.958333 0.801282     0.315435
    354   h0       1 1.000000       1 0.777778       1 0.666667       1 1.000000 0.833333     0.432099
    355   h0       1 1.000000       1 0.777778       1 0.666667       1 1.000000 0.833333     0.432099
    392   h0       1 0.937500       1 0.629630       1 0.631579       1 0.696970 0.721154     0.187381
    393   h0       1 1.000000       1 0.666667       1 0.666667       1 0.727273 0.750000     0.242424
    394   h0       1 1.000000       1 0.666667       1 0.666667       1 0.727273 0.750000     0.242424
    395   h0       1 1.000000       1 0.666667       1 0.666667       1 0.727273 0.750000     0.242424
    396   h0       1 0.585938       1 0.839506       1 0.947368       1 0.696970 0.721154     0.234226
    397   h0       1 0.625000       1 0.888889       1 1.000000       1 0.727273 0.750000     0.303030
    398   h0       1 0.625000       1 0.888889       1 1.000000       1 0.727273 0.750000     0.303030
    399   h0       1 0.625000       1 0.888889       1 1.000000       1 0.727273 0.750000     0.303030
    400   h0       1 0.562500       1 0.666667       1 0.654971       1 0.515152 0.435897     0.055153
    401   h0       1 1.000000       1 1.000000       1 0.888889       1 0.727273 0.750000     0.484848
    402   h0       1 1.000000       1 1.000000       1 0.888889       1 0.727273 0.750000     0.484848
    403   h0       1 1.000000       1 1.000000       1 0.888889       1 0.727273 0.750000     0.484848
    404   h0       1 0.460938       1 0.586420       1 0.625731       1 0.647727 0.544872     0.059693
    405   h0       1 0.625000       1 0.666667       1 0.666667       1 0.818182 0.750000     0.170455
    406   h0       1 0.625000       1 0.666667       1 0.666667       1 0.818182 0.750000     0.170455
    407   h0       1 0.625000       1 0.666667       1 0.666667       1 0.818182 0.750000     0.170455
    408   h0       1 0.750000       1 0.833333       1 0.947368       1 0.750000 0.554487     0.246236
    409   h0       1 1.000000       1 1.000000       1 1.000000       1 1.000000 0.750000     0.750000
    410   h0       1 1.000000       1 1.000000       1 1.000000       1 1.000000 0.750000     0.750000
    411   h0       1 1.000000       1 1.000000       1 1.000000       1 1.000000 0.750000     0.750000
    412   h0       1 0.445312       1 0.580247       1 0.631579       1 0.575758 0.608974     0.057219
    413   h0       1 0.625000       1 0.666667       1 0.666667       1 0.727273 0.833333     0.168350
    414   h0       1 0.625000       1 0.666667       1 0.666667       1 0.727273 0.833333     0.168350
    415   h0       1 0.625000       1 0.666667       1 0.666667       1 0.727273 0.833333     0.168350
    416   h0       1 0.500000       1 0.611111       1 0.684211       1 0.469697 0.653846     0.064206
    417   h0       1 1.000000       1 1.000000       1 1.000000       1 0.727273 1.000000     0.727273
    418   h0       1 1.000000       1 1.000000       1 1.000000       1 0.727273 1.000000     0.727273
    419   h0       1 1.000000       1 1.000000       1 1.000000       1 0.727273 1.000000     0.727273
    420   h0       1 0.585938       1 0.629630       1 0.842105       1 0.696970 0.721154     0.156151
    421   h0       1 0.625000       1 0.666667       1 0.888889       1 0.727273 0.750000     0.202020
    422   h0       1 0.625000       1 0.666667       1 0.888889       1 0.727273 0.750000     0.202020
    423   h0       1 0.625000       1 0.666667       1 0.888889       1 0.727273 0.750000     0.202020
    424   h0       1 0.937500       1 0.944444       1 0.625731       1 0.696970 0.801282     0.309410
    425   h0       1 1.000000       1 1.000000       1 0.666667       1 0.727273 0.833333     0.404040
    426   h0       1 1.000000       1 1.000000       1 0.666667       1 0.727273 0.750000     0.363636
    427   h0       1 1.000000       1 1.000000       1 0.666667       1 0.727273 0.782051     0.379176
    448   h0       1 0.937500       1 0.734568       1 0.631579       1 0.958333 0.961538     0.400787
    449   h0       1 1.000000       1 0.777778       1 0.666667       1 1.000000 1.000000     0.518519
    450   h0       1 1.000000       1 0.777778       1 0.666667       1 1.000000 1.000000     0.518519
    451   h0       1 1.000000       1 0.777778       1 0.666667       1 1.000000 1.000000     0.518519
    452   h0       1 1.000000       1 0.777778       1 0.666667       1 1.000000 1.000000     0.518519
    453   h0       1 0.468750       1 0.629630       1 0.842105       1 0.000000 0.035256     0.000000
    454   h0       1 0.578125       1 0.666667       1 0.888889       1 0.696970 0.916667     0.218879
    455   h0       1 0.625000       1 0.666667       1 0.888889       1 0.727273 0.916667     0.246914
    456   h0       1 0.625000       1 0.666667       1 0.888889       1 0.727273 0.916667     0.246914
    457   h0       1 0.625000       1 0.666667       1 0.888889       1 0.727273 0.916667     0.246914
    458   h0       1 0.117188       1 0.419753       1 0.631579       1 0.170455 0.801282     0.004243
    459   h0       1 0.468750       1 0.617284       1 0.666667       1 0.818182 0.833333     0.131524
    460   h0       1 0.625000       1 0.666667       1 0.666667       1 0.818182 0.833333     0.189394
    461   h0       1 0.625000       1 0.666667       1 0.666667       1 0.818182 0.833333     0.189394
    462   h0       1 0.625000       1 0.666667       1 0.666667       1 0.818182 0.833333     0.189394
    463   h0       1 0.937500       1 0.944444       1 0.842105       1 0.958333 0.641026     0.458043
    464   h0       1 1.000000       1 1.000000       1 0.888889       1 1.000000 0.666667     0.592593
    465   h0       1 1.000000       1 1.000000       1 0.888889       1 1.000000 0.666667     0.592593
    466   h0       1 1.000000       1 1.000000       1 0.888889       1 1.000000 0.666667     0.592593
    467   h0       1 1.000000       1 1.000000       1 0.888889       1 1.000000 0.676282     0.601140
    812   h1       1 0.937500       1 0.623457       1 0.631579       1 1.000000 0.750000     0.276864
    813   h1       1 1.000000       1 0.666667       1 0.666667       1 1.000000 0.750000     0.333333
    814   h1       1 1.000000       1 0.666667       1 0.666667       1 1.000000 0.750000     0.333333
    815   h1       1 0.585938       1 0.944444       1 0.947368       1 0.727273 0.750000     0.285960
    816   h1       1 0.625000       1 1.000000       1 1.000000       1 0.727273 0.750000     0.340909
    817   h1       1 0.625000       1 1.000000       1 1.000000       1 0.727273 0.750000     0.340909
    818   h1       1 0.585938       1 0.629630       1 0.947368       1 0.909091 1.000000     0.317733
    819   h1       1 0.625000       1 0.666667       1 1.000000       1 0.909091 1.000000     0.378788
    820   h1       1 0.625000       1 0.666667       1 1.000000       1 0.909091 1.000000     0.378788
    821   h1       1 0.937500       1 0.839506       1 0.736842       1 1.000000 0.833333     0.483268
    822   h1       1 1.000000       1 0.777778       1 0.754386       1 1.000000 0.833333     0.488954
    823   h1       1 1.000000       1 0.777778       1 0.666667       1 1.000000 0.833333     0.432099
    860   h1       1 0.937500       1 0.629630       1 0.631579       1 0.727273 0.750000     0.203349
    861   h1       1 1.000000       1 0.666667       1 0.666667       1 0.727273 0.750000     0.242424
    862   h1       1 1.000000       1 0.666667       1 0.666667       1 0.727273 0.750000     0.242424
    863   h1       1 1.000000       1 0.666667       1 0.666667       1 0.727273 0.750000     0.242424
    864   h1       1 0.585938       1 0.839506       1 0.947368       1 0.818182 0.833333     0.317733
    865   h1       1 0.625000       1 0.888889       1 1.000000       1 0.818182 0.833333     0.378788
    866   h1       1 0.625000       1 0.888889       1 1.000000       1 0.818182 0.833333     0.378788
    867   h1       1 0.625000       1 0.888889       1 1.000000       1 0.818182 0.833333     0.378788
    868   h1       1 0.562500       1 0.666667       1 0.654971       1 0.575758 0.474359     0.067081
    869   h1       1 1.000000       1 1.000000       1 0.888889       1 0.727273 0.750000     0.484848
    870   h1       1 1.000000       1 1.000000       1 0.888889       1 0.727273 0.750000     0.484848
    871   h1       1 1.000000       1 1.000000       1 0.888889       1 0.727273 0.750000     0.484848
    872   h1       1 0.468750       1 0.586420       1 0.625731       1 0.647727 0.564103     0.062847
    873   h1       1 0.625000       1 0.666667       1 0.666667       1 0.818182 0.750000     0.170455
    874   h1       1 0.625000       1 0.666667       1 0.666667       1 0.818182 0.750000     0.170455
    875   h1       1 0.625000       1 0.666667       1 0.666667       1 0.818182 0.750000     0.170455
    876   h1       1 0.812500       1 0.888889       1 0.947368       1 0.791667 0.576923     0.312500
    877   h1       1 1.000000       1 1.000000       1 1.000000       1 1.000000 0.750000     0.750000
    878   h1       1 1.000000       1 1.000000       1 1.000000       1 1.000000 0.750000     0.750000
    879   h1       1 1.000000       1 1.000000       1 1.000000       1 1.000000 0.750000     0.750000
    880   h1       1 0.484375       1 0.580247       1 0.643275       1 0.568182 0.634615     0.065191
    881   h1       1 0.625000       1 0.666667       1 0.666667       1 0.727273 0.916667     0.185185
    882   h1       1 0.625000       1 0.666667       1 0.666667       1 0.727273 0.916667     0.185185
    883   h1       1 0.625000       1 0.666667       1 0.666667       1 0.727273 0.916667     0.185185
    884   h1       1 0.562500       1 0.611111       1 0.684211       1 0.500000 0.692308     0.081414
    885   h1       1 1.000000       1 1.000000       1 1.000000       1 0.727273 1.000000     0.727273
    886   h1       1 1.000000       1 1.000000       1 1.000000       1 0.727273 1.000000     0.727273
    887   h1       1 1.000000       1 1.000000       1 1.000000       1 0.727273 1.000000     0.727273
    888   h1       1 0.585938       1 0.629630       1 0.947368       1 0.727273 0.750000     0.190640
    889   h1       1 0.625000       1 0.666667       1 1.000000       1 0.727273 0.750000     0.227273
    890   h1       1 0.625000       1 0.666667       1 1.000000       1 0.727273 0.801282     0.242813
    891   h1       1 0.625000       1 0.666667       1 1.000000       1 0.727273 0.804487     0.243784
    892   h1       1 0.937500       1 0.944444       1 0.526316       1 0.727273 0.833333     0.282430
    893   h1       1 1.000000       1 1.000000       1 0.578947       1 0.727273 0.833333     0.350877
    894   h1       1 1.000000       1 1.000000       1 0.666667       1 0.727273 0.785256     0.380730
    895   h1       1 1.000000       1 1.000000       1 0.619883       1 0.727273 0.750000     0.338118
    916   h1       1 0.937500       1 0.691358       1 0.631579       1 1.000000 1.000000     0.409357
    917   h1       1 1.000000       1 0.777778       1 0.666667       1 1.000000 1.000000     0.518519
    918   h1       1 1.000000       1 0.777778       1 0.666667       1 1.000000 1.000000     0.518519
    919   h1       1 1.000000       1 0.777778       1 0.666667       1 1.000000 1.000000     0.518519
    920   h1       1 1.000000       1 0.777778       1 0.666667       1 1.000000 1.000000     0.518519
    921   h1       1 0.468750       1 0.691358       1 0.736842       1 0.117424 0.064103     0.001797
    922   h1       1 0.578125       1 0.777778       1 0.777778       1 0.700758 0.833333     0.204230
    923   h1       1 0.625000       1 0.777778       1 0.777778       1 0.727273 0.833333     0.229143
    924   h1       1 0.625000       1 0.777778       1 0.777778       1 0.727273 0.833333     0.229143
    925   h1       1 0.625000       1 0.777778       1 0.777778       1 0.727273 0.833333     0.229143
    926   h1       1 0.000000       1 0.419753       1 0.631579       1 0.227273 0.750000     0.000000
    927   h1       1 0.500000       1 0.617284       1 0.666667       1 0.909091 0.750000     0.140292
    928   h1       1 0.625000       1 0.666667       1 0.666667       1 0.909091 0.750000     0.189394
    929   h1       1 0.625000       1 0.666667       1 0.666667       1 0.909091 0.750000     0.189394
    930   h1       1 0.625000       1 0.666667       1 0.666667       1 0.909091 0.750000     0.189394
    931   h1       1 0.937500       1 0.944444       1 0.736842       1 1.000000 0.666667     0.434942
    932   h1       1 1.000000       1 1.000000       1 0.777778       1 1.000000 0.666667     0.518519
    933   h1       1 1.000000       1 1.000000       1 0.777778       1 1.000000 0.666667     0.518519
    934   h1       1 1.000000       1 1.000000       1 0.777778       1 1.000000 0.695513     0.540954
    935   h1       1 1.000000       1 1.000000       1 0.777778       1 1.000000 0.750000     0.583333