 ChipID Half   Layer0   Layer1  Layer2  Layer3   Layer4  Layer5   Layer6   Layer7  Layer8  Pseaudo_Eff
    344   h0 0.585938 0.937500       1       1 0.839506       1 0.695652 0.958333       1     0.307436
    345   h0 0.625000 1.000000       1       1 0.888889       1 0.727273 1.000000       1     0.404040
    346   h0 0.625000 1.000000       1       1 0.888889       1 0.727273 1.000000       1     0.404040
    347   h0 0.937500 0.585938       1       1 0.629630       1 0.782609 0.696970       1     0.188654
    348   h0 1.000000 0.625000       1       1 0.666667       1 0.818182 0.727273       1     0.247934
    349   h0 1.000000 0.625000       1       1 0.666667       1 0.727273 0.727273       1     0.220386
    350   h0 0.585938 0.585938       1       1 0.839506       1 0.695652 0.784091       1     0.157212
    351   h0 0.625000 0.625000       1       1 0.888889       1 0.727273 0.818182       1     0.206612
    352   h0 0.625000 0.625000       1       1 0.888889       1 0.727273 0.818182       1     0.206612
    353   h0 0.937500 0.937500       1       1 0.839506       1 0.956522 0.958333       1     0.676360
    354   h0 1.000000 1.000000       1       1 0.888889       1 1.000000 1.000000       1     0.888889
    355   h0 1.000000 1.000000       1       1 0.888889       1 1.000000 1.000000       1     0.888889
    392   h0 0.585938 0.937500       1       1 0.944444       1 0.956522 0.696970       1     0.345866
    393   h0 0.625000 1.000000       1       1 1.000000       1 1.000000 0.727273       1     0.454545
    394   h0 0.625000 1.000000       1       1 1.000000       1 1.000000 0.727273       1     0.454545
    395   h0 0.625000 1.000000       1       1 1.000000       1 1.000000 0.727273       1     0.454545
    396   h0 0.937500 0.585938       1       1 0.629630       1 0.695652 0.696970       1     0.167693
    397   h0 1.000000 0.625000       1       1 0.666667       1 0.727273 0.727273       1     0.220386
    398   h0 1.000000 0.625000       1       1 0.666667       1 0.727273 0.727273       1     0.220386
    399   h0 1.000000 0.625000       1       1 0.666667       1 0.727273 0.727273       1     0.220386
    400   h0 0.421875 0.562500       1       1 0.777778       1 0.513834 0.515152       1     0.048856
    401   h0 0.750000 1.000000       1       1 1.000000       1 0.909091 0.727273       1     0.495868
    402   h0 0.750000 1.000000       1       1 1.000000       1 0.909091 0.727273       1     0.495868
    403   h0 0.750000 1.000000       1       1 1.000000       1 0.909091 0.727273       1     0.495868
    404   h0 0.601562 0.460938       1       1 0.691358       1 0.529644 0.647727       1     0.065766
    405   h0 0.875000 0.625000       1       1 0.777778       1 0.727273 0.818182       1     0.253099
    406   h0 0.875000 0.625000       1       1 0.777778       1 0.727273 0.818182       1     0.253099
    407   h0 0.875000 0.625000       1       1 0.777778       1 0.727273 0.818182       1     0.253099
    408   h0 0.515625 0.750000       1       1 0.691358       1 0.509881 0.750000       1     0.102242
    409   h0 0.750000 1.000000       1       1 0.777778       1 0.727273 1.000000       1     0.424242
    410   h0 0.750000 1.000000       1       1 0.777778       1 0.727273 1.000000       1     0.424242
    411   h0 0.750000 1.000000       1       1 0.777778       1 0.727273 1.000000       1     0.424242
    412   h0 0.656250 0.445312       1       1 0.888889       1 0.695652 0.575758       1     0.104043
    413   h0 0.875000 0.625000       1       1 1.000000       1 1.000000 0.727273       1     0.397727
    414   h0 0.875000 0.625000       1       1 1.000000       1 1.000000 0.727273       1     0.397727
    415   h0 0.875000 0.625000       1       1 1.000000       1 1.000000 0.727273       1     0.397727
    416   h0 0.382812 0.500000       1       1 0.450617       1 0.537549 0.469697       1     0.021777
    417   h0 0.875000 1.000000       1       1 0.666667       1 0.727273 0.727273       1     0.308540
    418   h0 0.875000 1.000000       1       1 0.666667       1 0.727273 0.727273       1     0.308540
    419   h0 0.875000 1.000000       1       1 0.666667       1 0.727273 0.727273       1     0.308540
    420   h0 0.703125 0.585938       1       1 0.944444       1 0.956522 0.696970       1     0.259399
    421   h0 0.750000 0.625000       1       1 1.000000       1 1.000000 0.727273       1     0.340909
    422   h0 0.750000 0.625000       1       1 1.000000       1 1.000000 0.727273       1     0.340909
    423   h0 0.750000 0.625000       1       1 1.000000       1 1.000000 0.727273       1     0.340909
    424   h0 0.937500 0.937500       1       1 0.629630       1 0.695652 0.696970       1     0.268308
    425   h0 1.000000 1.000000       1       1 0.666667       1 0.727273 0.727273       1     0.352617
    426   h0 1.000000 1.000000       1       1 0.666667       1 0.727273 0.727273       1     0.352617
    427   h0 1.000000 1.000000       1       1 0.666667       1 0.727273 0.727273       1     0.352617
    448   h0 0.703125 0.937500       1       1 0.944444       1 0.482213 0.958333       1     0.287698
    449   h0 0.750000 1.000000       1       1 1.000000       1 0.727273 1.000000       1     0.545455
    450   h0 0.750000 1.000000       1       1 1.000000       1 0.727273 1.000000       1     0.545455
    451   h0 0.750000 1.000000       1       1 1.000000       1 0.727273 1.000000       1     0.545455
    452   h0 0.750000 1.000000       1       1 1.000000       1 0.727273 1.000000       1     0.545455
    453   h0 0.000000 0.468750       1       1 0.104938       1 0.158103 0.000000       1     0.000000
    454   h0 0.687500 0.578125       1       1 0.574074       1 0.909091 0.696970       1     0.144572
    455   h0 1.000000 0.625000       1       1 0.666667       1 0.909091 0.727273       1     0.275482
    456   h0 1.000000 0.625000       1       1 0.666667       1 0.909091 0.727273       1     0.275482
    457   h0 1.000000 0.625000       1       1 0.666667       1 0.909091 0.727273       1     0.275482
    458   h0 0.703125 0.117188       1       1 0.944444       1 0.347826 0.170455       1     0.004614
    459   h0 0.750000 0.468750       1       1 1.000000       1 0.695652 0.818182       1     0.200099
    460   h0 0.750000 0.625000       1       1 1.000000       1 0.727273 0.818182       1     0.278926
    461   h0 0.750000 0.625000       1       1 1.000000       1 0.727273 0.818182       1     0.278926
    462   h0 0.750000 0.625000       1       1 1.000000       1 0.727273 0.818182       1     0.278926
    463   h0 0.820312 0.937500       1       1 0.629630       1 0.782609 0.958333       1     0.363159
    464   h0 0.875000 1.000000       1       1 0.666667       1 0.818182 1.000000       1     0.477273
    465   h0 0.875000 1.000000       1       1 0.666667       1 0.818182 1.000000       1     0.477273
    466   h0 0.875000 1.000000       1       1 0.666667       1 0.818182 1.000000       1     0.477273
    467   h0 0.875000 1.000000       1       1 0.666667       1 0.818182 1.000000       1     0.477273
    812   h1 0.546875 0.937500       1       1 0.888889       1 0.727273 1.000000       1     0.331439
    813   h1 0.625000 1.000000       1       1 0.777778       1 0.727273 1.000000       1     0.353535
    814   h1 0.625000 1.000000       1       1 0.777778       1 0.727273 1.000000       1     0.353535
    815   h1 0.875000 0.585938       1       1 0.666667       1 0.818182 0.727273       1     0.203383
    816   h1 1.000000 0.625000       1       1 0.666667       1 0.818182 0.727273       1     0.247934
    817   h1 1.000000 0.625000       1       1 0.666667       1 0.818182 0.727273       1     0.247934
    818   h1 0.546875 0.585938       1       1 0.888889       1 0.727273 0.909091       1     0.188318
    819   h1 0.625000 0.625000       1       1 0.888889       1 0.727273 0.909091       1     0.229568
    820   h1 0.625000 0.625000       1       1 0.888889       1 0.727273 0.909091       1     0.229568
    821   h1 0.875000 0.937500       1       1 0.777778       1 1.000000 1.000000       1     0.638021
    822   h1 1.000000 1.000000       1       1 0.777778       1 1.000000 1.000000       1     0.777778
    823   h1 1.000000 1.000000       1       1 0.777778       1 1.000000 1.000000       1     0.777778
    860   h1 0.546875 0.937500       1       1 1.000000       1 1.000000 0.727273       1     0.372869
    861   h1 0.625000 1.000000       1       1 1.000000       1 1.000000 0.727273       1     0.454545
    862   h1 0.625000 1.000000       1       1 1.000000       1 1.000000 0.727273       1     0.454545
    863   h1 0.625000 1.000000       1       1 1.000000       1 1.000000 0.727273       1     0.454545
    864   h1 0.875000 0.585938       1       1 0.666667       1 0.727273 0.818182       1     0.203383
    865   h1 1.000000 0.625000       1       1 0.666667       1 0.727273 0.818182       1     0.247934
    866   h1 1.000000 0.625000       1       1 0.666667       1 0.727273 0.818182       1     0.247934
    867   h1 1.000000 0.625000       1       1 0.666667       1 0.727273 0.818182       1     0.247934
    868   h1 0.468750 0.562500       1       1 0.833333       1 0.513834 0.575758       1     0.065005
    869   h1 0.750000 1.000000       1       1 1.000000       1 0.909091 0.727273       1     0.495868
    870   h1 0.750000 1.000000       1       1 1.000000       1 0.909091 0.727273       1     0.495868
    871   h1 0.750000 1.000000       1       1 1.000000       1 0.909091 0.727273       1     0.495868
    872   h1 0.601562 0.468750       1       1 0.629630       1 0.561265 0.647727       1     0.064546
    873   h1 0.875000 0.625000       1       1 0.666667       1 0.727273 0.818182       1     0.216942
    874   h1 0.875000 0.625000       1       1 0.666667       1 0.727273 0.818182       1     0.216942
    875   h1 0.875000 0.625000       1       1 0.666667       1 0.727273 0.818182       1     0.216942
    876   h1 0.601562 0.812500       1       1 0.734568       1 0.537549 0.791667       1     0.152791
    877   h1 0.875000 1.000000       1       1 0.777778       1 0.727273 1.000000       1     0.494949
    878   h1 0.875000 1.000000       1       1 0.777778       1 0.727273 1.000000       1     0.494949
    879   h1 0.875000 1.000000       1       1 0.777778       1 0.727273 1.000000       1     0.494949
    880   h1 0.515625 0.484375       1       1 0.839506       1 0.739130 0.568182       1     0.088054
    881   h1 0.750000 0.625000       1       1 0.888889       1 1.000000 0.727273       1     0.303030
    882   h1 0.750000 0.625000       1       1 0.888889       1 1.000000 0.727273       1     0.303030
    883   h1 0.750000 0.625000       1       1 0.888889       1 1.000000 0.727273       1     0.303030
    884   h1 0.328125 0.562500       1       1 0.450617       1 0.569170 0.500000       1     0.023669
    885   h1 0.875000 1.000000       1       1 0.666667       1 0.727273 0.727273       1     0.308540
    886   h1 0.875000 1.000000       1       1 0.666667       1 0.727273 0.727273       1     0.308540
    887   h1 0.875000 1.000000       1       1 0.666667       1 0.727273 0.727273       1     0.308540
    888   h1 0.703125 0.585938       1       1 1.000000       1 1.000000 0.727273       1     0.299627
    889   h1 0.750000 0.625000       1       1 1.000000       1 1.000000 0.727273       1     0.340909
    890   h1 0.750000 0.625000       1       1 1.000000       1 1.000000 0.727273       1     0.340909
    891   h1 0.750000 0.625000       1       1 1.000000       1 1.000000 0.727273       1     0.340909
    892   h1 0.937500 0.937500       1       1 0.666667       1 0.727273 0.727273       1     0.309917
    893   h1 1.000000 1.000000       1       1 0.666667       1 0.727273 0.727273       1     0.352617
    894   h1 1.000000 1.000000       1       1 0.666667       1 0.727273 0.727273       1     0.352617
    895   h1 1.000000 1.000000       1       1 0.666667       1 0.727273 0.727273       1     0.352617
    916   h1 0.656250 0.937500       1       1 1.000000       1 0.584980 1.000000       1     0.359900
    917   h1 0.750000 1.000000       1       1 1.000000       1 0.727273 1.000000       1     0.545455
    918   h1 0.750000 1.000000       1       1 1.000000       1 0.727273 1.000000       1     0.545455
    919   h1 0.750000 1.000000       1       1 1.000000       1 0.727273 1.000000       1     0.545455
    920   h1 0.750000 1.000000       1       1 1.000000       1 0.727273 1.000000       1     0.545455
    921   h1 0.000000 0.468750       1       1 0.222222       1 0.217391 0.117424       1     0.000000
    922   h1 0.601562 0.578125       1       1 0.617284       1 1.000000 0.700758       1     0.150437
    923   h1 0.875000 0.625000       1       1 0.666667       1 1.000000 0.727273       1     0.265152
    924   h1 0.875000 0.625000       1       1 0.666667       1 1.000000 0.727273       1     0.265152
    925   h1 0.875000 0.625000       1       1 0.666667       1 1.000000 0.727273       1     0.265152
    926   h1 0.656250 0.000000       1       1 1.000000       1 0.272727 0.227273       1     0.000000
    927   h1 0.750000 0.500000       1       1 1.000000       1 0.707510 0.909091       1     0.241197
    928   h1 0.750000 0.625000       1       1 1.000000       1 0.727273 0.909091       1     0.309917
    929   h1 0.750000 0.625000       1       1 1.000000       1 0.727273 0.909091       1     0.309917
    930   h1 0.750000 0.625000       1       1 1.000000       1 0.727273 0.909091       1     0.309917
    931   h1 0.875000 0.937500       1       1 0.666667       1 0.818182 1.000000       1     0.447443
    932   h1 1.000000 1.000000       1       1 0.666667       1 0.818182 1.000000       1     0.545455
    933   h1 1.000000 1.000000       1       1 0.666667       1 0.818182 1.000000       1     0.545455
    934   h1 1.000000 1.000000       1       1 0.666667       1 0.818182 1.000000       1     0.545455
    935   h1 1.000000 1.000000       1       1 0.666667       1 0.818182 1.000000       1     0.545455