 ChipID Half  Layer0  Layer1   Layer2  Layer3   Layer4   Layer5   Layer6  Layer7   Layer8  Pseaudo_Eff
    344   h0       1       1 0.941176       1 0.839506 0.631579 0.695652       1 0.641026     0.222531
    345   h0       1       1 1.000000       1 0.888889 0.666667 0.727273       1 0.666667     0.287318
    346   h0       1       1 1.000000       1 0.888889 0.666667 0.727273       1 0.714744     0.308038
    347   h0       1       1 0.588235       1 0.629630 0.947368 0.782609       1 0.801282     0.220032
    348   h0       1       1 0.625000       1 0.666667 1.000000 0.818182       1 0.833333     0.284091
    349   h0       1       1 0.625000       1 0.666667 1.000000 0.727273       1 0.788462     0.238928
    350   h0       1       1 0.941176       1 0.839506 0.894737 0.695652       1 0.961538     0.472878
    351   h0       1       1 1.000000       1 0.888889 1.000000 0.727273       1 1.000000     0.646465
    352   h0       1       1 1.000000       1 0.888889 1.000000 0.727273       1 1.000000     0.646465
    353   h0       1       1 0.588235       1 0.839506 0.596491 0.956522       1 0.801282     0.225766
    354   h0       1       1 0.625000       1 0.888889 0.666667 1.000000       1 0.833333     0.308642
    355   h0       1       1 0.625000       1 0.888889 0.666667 1.000000       1 0.833333     0.308642
    392   h0       1       1 0.941176       1 0.944444 0.631579 0.956522       1 0.721154     0.387256
    393   h0       1       1 1.000000       1 1.000000 0.666667 1.000000       1 0.750000     0.500000
    394   h0       1       1 1.000000       1 1.000000 0.666667 1.000000       1 0.750000     0.500000
    395   h0       1       1 1.000000       1 1.000000 0.666667 1.000000       1 0.750000     0.500000
    396   h0       1       1 0.705882       1 0.629630 0.947368 0.695652       1 0.721154     0.211230
    397   h0       1       1 0.750000       1 0.666667 1.000000 0.727273       1 0.750000     0.272727
    398   h0       1       1 0.750000       1 0.666667 1.000000 0.727273       1 0.750000     0.272727
    399   h0       1       1 0.750000       1 0.666667 1.000000 0.727273       1 0.750000     0.272727
    400   h0       1       1 0.566176       1 0.777778 0.654971 0.513834       1 0.435897     0.064601
    401   h0       1       1 0.875000       1 1.000000 0.888889 0.909091       1 0.750000     0.530303
    402   h0       1       1 0.875000       1 1.000000 0.888889 0.909091       1 0.750000     0.530303
    403   h0       1       1 0.875000       1 1.000000 0.888889 0.909091       1 0.750000     0.530303
    404   h0       1       1 0.669118       1 0.691358 0.625731 0.529644       1 0.544872     0.083536
    405   h0       1       1 0.875000       1 0.777778 0.666667 0.727273       1 0.750000     0.247475
    406   h0       1       1 0.875000       1 0.777778 0.666667 0.727273       1 0.750000     0.247475
    407   h0       1       1 0.875000       1 0.777778 0.666667 0.727273       1 0.750000     0.247475
    408   h0       1       1 0.617647       1 0.691358 0.947368 0.509881       1 0.554487     0.114373
    409   h0       1       1 0.750000       1 0.777778 1.000000 0.727273       1 0.750000     0.318182
    410   h0       1       1 0.750000       1 0.777778 1.000000 0.727273       1 0.750000     0.318182
    411   h0       1       1 0.750000       1 0.777778 1.000000 0.727273       1 0.750000     0.318182
    412   h0       1       1 0.823529       1 0.888889 0.631579 0.695652       1 0.608974     0.195860
    413   h0       1       1 1.000000       1 1.000000 0.666667 1.000000       1 0.833333     0.555556
    414   h0       1       1 1.000000       1 1.000000 0.666667 1.000000       1 0.833333     0.555556
    415   h0       1       1 1.000000       1 1.000000 0.666667 1.000000       1 0.833333     0.555556
    416   h0       1       1 0.352941       1 0.450617 0.684211 0.537549       1 0.653846     0.038247
    417   h0       1       1 0.625000       1 0.666667 1.000000 0.727273       1 1.000000     0.303030
    418   h0       1       1 0.625000       1 0.666667 1.000000 0.727273       1 1.000000     0.303030
    419   h0       1       1 0.625000       1 0.666667 1.000000 0.727273       1 1.000000     0.303030
    420   h0       1       1 0.941176       1 0.944444 0.842105 0.956522       1 0.721154     0.516341
    421   h0       1       1 1.000000       1 1.000000 0.888889 1.000000       1 0.750000     0.666667
    422   h0       1       1 1.000000       1 1.000000 0.888889 1.000000       1 0.750000     0.666667
    423   h0       1       1 1.000000       1 1.000000 0.888889 1.000000       1 0.750000     0.666667
    424   h0       1       1 0.588235       1 0.629630 0.625731 0.695652       1 0.801282     0.129182
    425   h0       1       1 0.625000       1 0.666667 0.666667 0.727273       1 0.833333     0.168350
    426   h0       1       1 0.625000       1 0.666667 0.666667 0.727273       1 0.750000     0.151515
    427   h0       1       1 0.625000       1 0.666667 0.666667 0.727273       1 0.782051     0.157990
    448   h0       1       1 0.823529       1 0.944444 0.631579 0.482213       1 0.961538     0.227766
    449   h0       1       1 0.875000       1 1.000000 0.666667 0.727273       1 1.000000     0.424242
    450   h0       1       1 0.875000       1 1.000000 0.666667 0.727273       1 1.000000     0.424242
    451   h0       1       1 0.875000       1 1.000000 0.666667 0.727273       1 1.000000     0.424242
    452   h0       1       1 0.875000       1 1.000000 0.666667 0.727273       1 1.000000     0.424242
    453   h0       1       1 0.000000       1 0.104938 0.842105 0.158103       1 0.035256     0.000000
    454   h0       1       1 0.573529       1 0.574074 0.888889 0.909091       1 0.916667     0.243888
    455   h0       1       1 0.750000       1 0.666667 0.888889 0.909091       1 0.916667     0.370370
    456   h0       1       1 0.750000       1 0.666667 0.888889 0.909091       1 0.916667     0.370370
    457   h0       1       1 0.750000       1 0.666667 0.888889 0.909091       1 0.916667     0.370370
    458   h0       1       1 0.941176       1 0.944444 0.631579 0.347826       1 0.801282     0.156467
    459   h0       1       1 1.000000       1 1.000000 0.666667 0.695652       1 0.833333     0.386473
    460   h0       1       1 1.000000       1 1.000000 0.666667 0.727273       1 0.833333     0.404040
    461   h0       1       1 1.000000       1 1.000000 0.666667 0.727273       1 0.833333     0.404040
    462   h0       1       1 1.000000       1 1.000000 0.666667 0.727273       1 0.833333     0.404040
    463   h0       1       1 0.588235       1 0.629630 0.842105 0.782609       1 0.641026     0.156467
    464   h0       1       1 0.625000       1 0.666667 0.888889 0.818182       1 0.666667     0.202020
    465   h0       1       1 0.625000       1 0.666667 0.888889 0.818182       1 0.666667     0.202020
    466   h0       1       1 0.625000       1 0.666667 0.888889 0.818182       1 0.666667     0.202020
    467   h0       1       1 0.625000       1 0.666667 0.888889 0.818182       1 0.676282     0.204934
    812   h1       1       1 0.882353       1 0.888889 0.631579 0.727273       1 0.750000     0.270194
    813   h1       1       1 1.000000       1 0.777778 0.666667 0.727273       1 0.750000     0.282828
    814   h1       1       1 1.000000       1 0.777778 0.666667 0.727273       1 0.750000     0.282828
    815   h1       1       1 0.551471       1 0.666667 0.947368 0.818182       1 0.750000     0.213728
    816   h1       1       1 0.625000       1 0.666667 1.000000 0.818182       1 0.750000     0.255682
    817   h1       1       1 0.625000       1 0.666667 1.000000 0.818182       1 0.750000     0.255682
    818   h1       1       1 0.941176       1 0.888889 0.947368 0.727273       1 1.000000     0.576414
    819   h1       1       1 1.000000       1 0.888889 1.000000 0.727273       1 1.000000     0.646465
    820   h1       1       1 1.000000       1 0.888889 1.000000 0.727273       1 1.000000     0.646465
    821   h1       1       1 0.588235       1 0.777778 0.736842 1.000000       1 0.833333     0.280931
    822   h1       1       1 0.625000       1 0.777778 0.754386 1.000000       1 0.833333     0.305596
    823   h1       1       1 0.625000       1 0.777778 0.666667 1.000000       1 0.833333     0.270062
    860   h1       1       1 0.882353       1 1.000000 0.631579 1.000000       1 0.750000     0.417957
    861   h1       1       1 1.000000       1 1.000000 0.666667 1.000000       1 0.750000     0.500000
    862   h1       1       1 1.000000       1 1.000000 0.666667 1.000000       1 0.750000     0.500000
    863   h1       1       1 1.000000       1 1.000000 0.666667 1.000000       1 0.750000     0.500000
    864   h1       1       1 0.588235       1 0.666667 0.947368 0.727273       1 0.833333     0.225162
    865   h1       1       1 0.625000       1 0.666667 1.000000 0.727273       1 0.833333     0.252525
    866   h1       1       1 0.625000       1 0.666667 1.000000 0.727273       1 0.833333     0.252525
    867   h1       1       1 0.625000       1 0.666667 1.000000 0.727273       1 0.833333     0.252525
    868   h1       1       1 0.705882       1 0.833333 0.654971 0.513834       1 0.474359     0.093908
    869   h1       1       1 1.000000       1 1.000000 0.888889 0.909091       1 0.750000     0.606061
    870   h1       1       1 1.000000       1 1.000000 0.888889 0.909091       1 0.750000     0.606061
    871   h1       1       1 1.000000       1 1.000000 0.888889 0.909091       1 0.750000     0.606061
    872   h1       1       1 0.617647       1 0.629630 0.625731 0.561265       1 0.564103     0.077044
    873   h1       1       1 0.750000       1 0.666667 0.666667 0.727273       1 0.750000     0.181818
    874   h1       1       1 0.750000       1 0.666667 0.666667 0.727273       1 0.750000     0.181818
    875   h1       1       1 0.750000       1 0.666667 0.666667 0.727273       1 0.750000     0.181818
    876   h1       1       1 0.720588       1 0.734568 0.947368 0.537549       1 0.576923     0.155516
    877   h1       1       1 0.875000       1 0.777778 1.000000 0.727273       1 0.750000     0.371212
    878   h1       1       1 0.875000       1 0.777778 1.000000 0.727273       1 0.750000     0.371212
    879   h1       1       1 0.875000       1 0.777778 1.000000 0.727273       1 0.750000     0.371212
    880   h1       1       1 0.720588       1 0.839506 0.643275 0.739130       1 0.634615     0.182532
    881   h1       1       1 0.875000       1 0.888889 0.666667 1.000000       1 0.916667     0.475309
    882   h1       1       1 0.875000       1 0.888889 0.666667 1.000000       1 0.916667     0.475309
    883   h1       1       1 0.875000       1 0.888889 0.666667 1.000000       1 0.916667     0.475309
    884   h1       1       1 0.397059       1 0.450617 0.684211 0.569170       1 0.692308     0.048238
    885   h1       1       1 0.750000       1 0.666667 1.000000 0.727273       1 1.000000     0.363636
    886   h1       1       1 0.750000       1 0.666667 1.000000 0.727273       1 1.000000     0.363636
    887   h1       1       1 0.750000       1 0.666667 1.000000 0.727273       1 1.000000     0.363636
    888   h1       1       1 0.941176       1 1.000000 0.947368 1.000000       1 0.750000     0.668731
    889   h1       1       1 1.000000       1 1.000000 1.000000 1.000000       1 0.750000     0.750000
    890   h1       1       1 1.000000       1 1.000000 1.000000 1.000000       1 0.801282     0.801282
    891   h1       1       1 1.000000       1 1.000000 1.000000 1.000000       1 0.804487     0.804487
    892   h1       1       1 0.588235       1 0.666667 0.526316 0.727273       1 0.833333     0.125090
    893   h1       1       1 0.625000       1 0.666667 0.578947 0.727273       1 0.833333     0.146199
    894   h1       1       1 0.625000       1 0.666667 0.666667 0.727273       1 0.785256     0.158638
    895   h1       1       1 0.625000       1 0.666667 0.619883 0.727273       1 0.750000     0.140883
    916   h1       1       1 0.941176       1 1.000000 0.631579 0.584980       1 1.000000     0.347728
    917   h1       1       1 1.000000       1 1.000000 0.666667 0.727273       1 1.000000     0.484848
    918   h1       1       1 1.000000       1 1.000000 0.666667 0.727273       1 1.000000     0.484848
    919   h1       1       1 1.000000       1 1.000000 0.666667 0.727273       1 1.000000     0.484848
    920   h1       1       1 1.000000       1 1.000000 0.666667 0.727273       1 1.000000     0.484848
    921   h1       1       1 0.000000       1 0.222222 0.736842 0.217391       1 0.064103     0.000000
    922   h1       1       1 0.573529       1 0.617284 0.777778 1.000000       1 0.833333     0.229464
    923   h1       1       1 0.750000       1 0.666667 0.777778 1.000000       1 0.833333     0.324074
    924   h1       1       1 0.750000       1 0.666667 0.777778 1.000000       1 0.833333     0.324074
    925   h1       1       1 0.750000       1 0.666667 0.777778 1.000000       1 0.833333     0.324074
    926   h1       1       1 0.875000       1 1.000000 0.631579 0.272727       1 0.750000     0.113038
    927   h1       1       1 1.000000       1 1.000000 0.666667 0.707510       1 0.750000     0.353755
    928   h1       1       1 1.000000       1 1.000000 0.666667 0.727273       1 0.750000     0.363636
    929   h1       1       1 1.000000       1 1.000000 0.666667 0.727273       1 0.750000     0.363636
    930   h1       1       1 1.000000       1 1.000000 0.666667 0.727273       1 0.750000     0.363636
    931   h1       1       1 0.750000       1 0.666667 0.736842 0.818182       1 0.666667     0.200957
    932   h1       1       1 0.750000       1 0.666667 0.777778 0.818182       1 0.666667     0.212121
    933   h1       1       1 0.750000       1 0.666667 0.777778 0.818182       1 0.666667     0.212121
    934   h1       1       1 0.750000       1 0.666667 0.777778 0.818182       1 0.695513     0.221300
    935   h1       1       1 0.750000       1 0.666667 0.777778 0.818182       1 0.750000     0.238636