 ChipID Half   Layer0  Layer1   Layer2  Layer3  Layer4   Layer5   Layer6   Layer7  Layer8  Pseaudo_Eff
    344   h0 0.585938       1 0.941176       1       1 0.631579 0.695652 0.958333       1     0.232198
    345   h0 0.625000       1 1.000000       1       1 0.666667 0.727273 1.000000       1     0.303030
    346   h0 0.625000       1 1.000000       1       1 0.666667 0.727273 1.000000       1     0.303030
    347   h0 0.937500       1 0.588235       1       1 0.947368 0.782609 0.696970       1     0.284970
    348   h0 1.000000       1 0.625000       1       1 1.000000 0.818182 0.727273       1     0.371901
    349   h0 1.000000       1 0.625000       1       1 1.000000 0.727273 0.727273       1     0.330579
    350   h0 0.585938       1 0.941176       1       1 0.894737 0.695652 0.784091       1     0.269139
    351   h0 0.625000       1 1.000000       1       1 1.000000 0.727273 0.818182       1     0.371901
    352   h0 0.625000       1 1.000000       1       1 1.000000 0.727273 0.818182       1     0.371901
    353   h0 0.937500       1 0.588235       1       1 0.596491 0.956522 0.958333       1     0.301535
    354   h0 1.000000       1 0.625000       1       1 0.666667 1.000000 1.000000       1     0.416667
    355   h0 1.000000       1 0.625000       1       1 0.666667 1.000000 1.000000       1     0.416667
    392   h0 0.585938       1 0.941176       1       1 0.631579 0.956522 0.696970       1     0.232198
    393   h0 0.625000       1 1.000000       1       1 0.666667 1.000000 0.727273       1     0.303030
    394   h0 0.625000       1 1.000000       1       1 0.666667 1.000000 0.727273       1     0.303030
    395   h0 0.625000       1 1.000000       1       1 0.666667 1.000000 0.727273       1     0.303030
    396   h0 0.937500       1 0.705882       1       1 0.947368 0.695652 0.696970       1     0.303968
    397   h0 1.000000       1 0.750000       1       1 1.000000 0.727273 0.727273       1     0.396694
    398   h0 1.000000       1 0.750000       1       1 1.000000 0.727273 0.727273       1     0.396694
    399   h0 1.000000       1 0.750000       1       1 1.000000 0.727273 0.727273       1     0.396694
    400   h0 0.421875       1 0.566176       1       1 0.654971 0.513834 0.515152       1     0.041411
    401   h0 0.750000       1 0.875000       1       1 0.888889 0.909091 0.727273       1     0.385675
    402   h0 0.750000       1 0.875000       1       1 0.888889 0.909091 0.727273       1     0.385675
    403   h0 0.750000       1 0.875000       1       1 0.888889 0.909091 0.727273       1     0.385675
    404   h0 0.601562       1 0.669118       1       1 0.625731 0.529644 0.647727       1     0.086407
    405   h0 0.875000       1 0.875000       1       1 0.666667 0.727273 0.818182       1     0.303719
    406   h0 0.875000       1 0.875000       1       1 0.666667 0.727273 0.818182       1     0.303719
    407   h0 0.875000       1 0.875000       1       1 0.666667 0.727273 0.818182       1     0.303719
    408   h0 0.515625       1 0.617647       1       1 0.947368 0.509881 0.750000       1     0.115378
    409   h0 0.750000       1 0.750000       1       1 1.000000 0.727273 1.000000       1     0.409091
    410   h0 0.750000       1 0.750000       1       1 1.000000 0.727273 1.000000       1     0.409091
    411   h0 0.750000       1 0.750000       1       1 1.000000 0.727273 1.000000       1     0.409091
    412   h0 0.656250       1 0.823529       1       1 0.631579 0.695652 0.575758       1     0.136712
    413   h0 0.875000       1 1.000000       1       1 0.666667 1.000000 0.727273       1     0.424242
    414   h0 0.875000       1 1.000000       1       1 0.666667 1.000000 0.727273       1     0.424242
    415   h0 0.875000       1 1.000000       1       1 0.666667 1.000000 0.727273       1     0.424242
    416   h0 0.382812       1 0.352941       1       1 0.684211 0.537549 0.469697       1     0.023341
    417   h0 0.875000       1 0.625000       1       1 1.000000 0.727273 0.727273       1     0.289256
    418   h0 0.875000       1 0.625000       1       1 1.000000 0.727273 0.727273       1     0.289256
    419   h0 0.875000       1 0.625000       1       1 1.000000 0.727273 0.727273       1     0.289256
    420   h0 0.703125       1 0.941176       1       1 0.842105 0.956522 0.696970       1     0.371517
    421   h0 0.750000       1 1.000000       1       1 0.888889 1.000000 0.727273       1     0.484848
    422   h0 0.750000       1 1.000000       1       1 0.888889 1.000000 0.727273       1     0.484848
    423   h0 0.750000       1 1.000000       1       1 0.888889 1.000000 0.727273       1     0.484848
    424   h0 0.937500       1 0.588235       1       1 0.625731 0.695652 0.696970       1     0.167308
    425   h0 1.000000       1 0.625000       1       1 0.666667 0.727273 0.727273       1     0.220386
    426   h0 1.000000       1 0.625000       1       1 0.666667 0.727273 0.727273       1     0.220386
    427   h0 1.000000       1 0.625000       1       1 0.666667 0.727273 0.727273       1     0.220386
    448   h0 0.703125       1 0.823529       1       1 0.631579 0.482213 0.958333       1     0.169003
    449   h0 0.750000       1 0.875000       1       1 0.666667 0.727273 1.000000       1     0.318182
    450   h0 0.750000       1 0.875000       1       1 0.666667 0.727273 1.000000       1     0.318182
    451   h0 0.750000       1 0.875000       1       1 0.666667 0.727273 1.000000       1     0.318182
    452   h0 0.750000       1 0.875000       1       1 0.666667 0.727273 1.000000       1     0.318182
    453   h0 0.000000       1 0.000000       1       1 0.842105 0.158103 0.000000       1     0.000000
    454   h0 0.687500       1 0.573529       1       1 0.888889 0.909091 0.696970       1     0.222074
    455   h0 1.000000       1 0.750000       1       1 0.888889 0.909091 0.727273       1     0.440771
    456   h0 1.000000       1 0.750000       1       1 0.888889 0.909091 0.727273       1     0.440771
    457   h0 1.000000       1 0.750000       1       1 0.888889 0.909091 0.727273       1     0.440771
    458   h0 0.703125       1 0.941176       1       1 0.631579 0.347826 0.170455       1     0.024780
    459   h0 0.750000       1 1.000000       1       1 0.666667 0.695652 0.818182       1     0.284585
    460   h0 0.750000       1 1.000000       1       1 0.666667 0.727273 0.818182       1     0.297521
    461   h0 0.750000       1 1.000000       1       1 0.666667 0.727273 0.818182       1     0.297521
    462   h0 0.750000       1 1.000000       1       1 0.666667 0.727273 0.818182       1     0.297521
    463   h0 0.820312       1 0.588235       1       1 0.842105 0.782609 0.958333       1     0.304760
    464   h0 0.875000       1 0.625000       1       1 0.888889 0.818182 1.000000       1     0.397727
    465   h0 0.875000       1 0.625000       1       1 0.888889 0.818182 1.000000       1     0.397727
    466   h0 0.875000       1 0.625000       1       1 0.888889 0.818182 1.000000       1     0.397727
    467   h0 0.875000       1 0.625000       1       1 0.888889 0.818182 1.000000       1     0.397727
    812   h1 0.546875       1 0.882353       1       1 0.631579 0.727273 1.000000       1     0.221644
    813   h1 0.625000       1 1.000000       1       1 0.666667 0.727273 1.000000       1     0.303030
    814   h1 0.625000       1 1.000000       1       1 0.666667 0.727273 1.000000       1     0.303030
    815   h1 0.875000       1 0.551471       1       1 0.947368 0.818182 0.727273       1     0.272017
    816   h1 1.000000       1 0.625000       1       1 1.000000 0.818182 0.727273       1     0.371901
    817   h1 1.000000       1 0.625000       1       1 1.000000 0.818182 0.727273       1     0.371901
    818   h1 0.546875       1 0.941176       1       1 0.947368 0.727273 0.909091       1     0.322391
    819   h1 0.625000       1 1.000000       1       1 1.000000 0.727273 0.909091       1     0.413223
    820   h1 0.625000       1 1.000000       1       1 1.000000 0.727273 0.909091       1     0.413223
    821   h1 0.875000       1 0.588235       1       1 0.736842 1.000000 1.000000       1     0.379257
    822   h1 1.000000       1 0.625000       1       1 0.754386 1.000000 1.000000       1     0.471491
    823   h1 1.000000       1 0.625000       1       1 0.666667 1.000000 1.000000       1     0.416667
    860   h1 0.546875       1 0.882353       1       1 0.631579 1.000000 0.727273       1     0.221644
    861   h1 0.625000       1 1.000000       1       1 0.666667 1.000000 0.727273       1     0.303030
    862   h1 0.625000       1 1.000000       1       1 0.666667 1.000000 0.727273       1     0.303030
    863   h1 0.625000       1 1.000000       1       1 0.666667 1.000000 0.727273       1     0.303030
    864   h1 0.875000       1 0.588235       1       1 0.947368 0.727273 0.818182       1     0.290152
    865   h1 1.000000       1 0.625000       1       1 1.000000 0.727273 0.818182       1     0.371901
    866   h1 1.000000       1 0.625000       1       1 1.000000 0.727273 0.818182       1     0.371901
    867   h1 1.000000       1 0.625000       1       1 1.000000 0.727273 0.818182       1     0.371901
    868   h1 0.468750       1 0.705882       1       1 0.654971 0.513834 0.575758       1     0.064115
    869   h1 0.750000       1 1.000000       1       1 0.888889 0.909091 0.727273       1     0.440771
    870   h1 0.750000       1 1.000000       1       1 0.888889 0.909091 0.727273       1     0.440771
    871   h1 0.750000       1 1.000000       1       1 0.888889 0.909091 0.727273       1     0.440771
    872   h1 0.601562       1 0.617647       1       1 0.625731 0.561265 0.647727       1     0.084522
    873   h1 0.875000       1 0.750000       1       1 0.666667 0.727273 0.818182       1     0.260331
    874   h1 0.875000       1 0.750000       1       1 0.666667 0.727273 0.818182       1     0.260331
    875   h1 0.875000       1 0.750000       1       1 0.666667 0.727273 0.818182       1     0.260331
    876   h1 0.601562       1 0.720588       1       1 0.947368 0.537549 0.791667       1     0.174762
    877   h1 0.875000       1 0.875000       1       1 1.000000 0.727273 1.000000       1     0.556818
    878   h1 0.875000       1 0.875000       1       1 1.000000 0.727273 1.000000       1     0.556818
    879   h1 0.875000       1 0.875000       1       1 1.000000 0.727273 1.000000       1     0.556818
    880   h1 0.515625       1 0.720588       1       1 0.643275 0.739130 0.568182       1     0.100375
    881   h1 0.750000       1 0.875000       1       1 0.666667 1.000000 0.727273       1     0.318182
    882   h1 0.750000       1 0.875000       1       1 0.666667 1.000000 0.727273       1     0.318182
    883   h1 0.750000       1 0.875000       1       1 0.666667 1.000000 0.727273       1     0.318182
    884   h1 0.328125       1 0.397059       1       1 0.684211 0.569170 0.500000       1     0.025369
    885   h1 0.875000       1 0.750000       1       1 1.000000 0.727273 0.727273       1     0.347107
    886   h1 0.875000       1 0.750000       1       1 1.000000 0.727273 0.727273       1     0.347107
    887   h1 0.875000       1 0.750000       1       1 1.000000 0.727273 0.727273       1     0.347107
    888   h1 0.703125       1 0.941176       1       1 0.947368 1.000000 0.727273       1     0.455953
    889   h1 0.750000       1 1.000000       1       1 1.000000 1.000000 0.727273       1     0.545455
    890   h1 0.750000       1 1.000000       1       1 1.000000 1.000000 0.727273       1     0.545455
    891   h1 0.750000       1 1.000000       1       1 1.000000 1.000000 0.727273       1     0.545455
    892   h1 0.937500       1 0.588235       1       1 0.526316 0.727273 0.727273       1     0.153519
    893   h1 1.000000       1 0.625000       1       1 0.578947 0.727273 0.727273       1     0.191388
    894   h1 1.000000       1 0.625000       1       1 0.666667 0.727273 0.727273       1     0.220386
    895   h1 1.000000       1 0.625000       1       1 0.619883 0.727273 0.727273       1     0.204920
    916   h1 0.656250       1 0.941176       1       1 0.631579 0.584980 1.000000       1     0.228197
    917   h1 0.750000       1 1.000000       1       1 0.666667 0.727273 1.000000       1     0.363636
    918   h1 0.750000       1 1.000000       1       1 0.666667 0.727273 1.000000       1     0.363636
    919   h1 0.750000       1 1.000000       1       1 0.666667 0.727273 1.000000       1     0.363636
    920   h1 0.750000       1 1.000000       1       1 0.666667 0.727273 1.000000       1     0.363636
    921   h1 0.000000       1 0.000000       1       1 0.736842 0.217391 0.117424       1     0.000000
    922   h1 0.601562       1 0.573529       1       1 0.777778 1.000000 0.700758       1     0.188044
    923   h1 0.875000       1 0.750000       1       1 0.777778 1.000000 0.727273       1     0.371212
    924   h1 0.875000       1 0.750000       1       1 0.777778 1.000000 0.727273       1     0.371212
    925   h1 0.875000       1 0.750000       1       1 0.777778 1.000000 0.727273       1     0.371212
    926   h1 0.656250       1 0.875000       1       1 0.631579 0.272727 0.227273       1     0.022479
    927   h1 0.750000       1 1.000000       1       1 0.666667 0.707510 0.909091       1     0.321595
    928   h1 0.750000       1 1.000000       1       1 0.666667 0.727273 0.909091       1     0.330579
    929   h1 0.750000       1 1.000000       1       1 0.666667 0.727273 0.909091       1     0.330579
    930   h1 0.750000       1 1.000000       1       1 0.666667 0.727273 0.909091       1     0.330579
    931   h1 0.875000       1 0.750000       1       1 0.736842 0.818182 1.000000       1     0.395634
    932   h1 1.000000       1 0.750000       1       1 0.777778 0.818182 1.000000       1     0.477273
    933   h1 1.000000       1 0.750000       1       1 0.777778 0.818182 1.000000       1     0.477273
    934   h1 1.000000       1 0.750000       1       1 0.777778 0.818182 1.000000       1     0.477273
    935   h1 1.000000       1 0.750000       1       1 0.777778 0.818182 1.000000       1     0.477273