 ChipID Half  Layer0   Layer1   Layer2  Layer3   Layer4  Layer5  Layer6   Layer7   Layer8  Pseaudo_Eff
    344   h0       1 0.937500 0.941176       1 0.839506       1       1 0.958333 0.641026     0.455049
    345   h0       1 1.000000 1.000000       1 0.888889       1       1 1.000000 0.666667     0.592593
    346   h0       1 1.000000 1.000000       1 0.888889       1       1 1.000000 0.714744     0.635328
    347   h0       1 0.585938 0.588235       1 0.629630       1       1 0.696970 0.801282     0.121196
    348   h0       1 0.625000 0.625000       1 0.666667       1       1 0.727273 0.833333     0.157828
    349   h0       1 0.625000 0.625000       1 0.666667       1       1 0.727273 0.788462     0.149330
    350   h0       1 0.585938 0.941176       1 0.839506       1       1 0.784091 0.961538     0.349043
    351   h0       1 0.625000 1.000000       1 0.888889       1       1 0.818182 1.000000     0.454545
    352   h0       1 0.625000 1.000000       1 0.888889       1       1 0.818182 1.000000     0.454545
    353   h0       1 0.937500 0.588235       1 0.839506       1       1 0.958333 0.801282     0.355507
    354   h0       1 1.000000 0.625000       1 0.888889       1       1 1.000000 0.833333     0.462963
    355   h0       1 1.000000 0.625000       1 0.888889       1       1 1.000000 0.833333     0.462963
    392   h0       1 0.937500 0.941176       1 0.944444       1       1 0.696970 0.721154     0.418852
    393   h0       1 1.000000 1.000000       1 1.000000       1       1 0.727273 0.750000     0.545455
    394   h0       1 1.000000 1.000000       1 1.000000       1       1 0.727273 0.750000     0.545455
    395   h0       1 1.000000 1.000000       1 1.000000       1       1 0.727273 0.750000     0.545455
    396   h0       1 0.585938 0.705882       1 0.629630       1       1 0.696970 0.721154     0.130891
    397   h0       1 0.625000 0.750000       1 0.666667       1       1 0.727273 0.750000     0.170455
    398   h0       1 0.625000 0.750000       1 0.666667       1       1 0.727273 0.750000     0.170455
    399   h0       1 0.625000 0.750000       1 0.666667       1       1 0.727273 0.750000     0.170455
    400   h0       1 0.562500 0.566176       1 0.777778       1       1 0.515152 0.435897     0.055622
    401   h0       1 1.000000 0.875000       1 1.000000       1       1 0.727273 0.750000     0.477273
    402   h0       1 1.000000 0.875000       1 1.000000       1       1 0.727273 0.750000     0.477273
    403   h0       1 1.000000 0.875000       1 1.000000       1       1 0.727273 0.750000     0.477273
    404   h0       1 0.460938 0.669118       1 0.691358       1       1 0.647727 0.544872     0.075255
    405   h0       1 0.625000 0.875000       1 0.777778       1       1 0.818182 0.750000     0.261009
    406   h0       1 0.625000 0.875000       1 0.777778       1       1 0.818182 0.750000     0.261009
    407   h0       1 0.625000 0.875000       1 0.777778       1       1 0.818182 0.750000     0.261009
    408   h0       1 0.750000 0.617647       1 0.691358       1       1 0.750000 0.554487     0.133186
    409   h0       1 1.000000 0.750000       1 0.777778       1       1 1.000000 0.750000     0.437500
    410   h0       1 1.000000 0.750000       1 0.777778       1       1 1.000000 0.750000     0.437500
    411   h0       1 1.000000 0.750000       1 0.777778       1       1 1.000000 0.750000     0.437500
    412   h0       1 0.445312 0.823529       1 0.888889       1       1 0.575758 0.608974     0.114296
    413   h0       1 0.625000 1.000000       1 1.000000       1       1 0.727273 0.833333     0.378788
    414   h0       1 0.625000 1.000000       1 1.000000       1       1 0.727273 0.833333     0.378788
    415   h0       1 0.625000 1.000000       1 1.000000       1       1 0.727273 0.833333     0.378788
    416   h0       1 0.500000 0.352941       1 0.450617       1       1 0.469697 0.653846     0.024422
    417   h0       1 1.000000 0.625000       1 0.666667       1       1 0.727273 1.000000     0.303030
    418   h0       1 1.000000 0.625000       1 0.666667       1       1 0.727273 1.000000     0.303030
    419   h0       1 1.000000 0.625000       1 0.666667       1       1 0.727273 1.000000     0.303030
    420   h0       1 0.585938 0.941176       1 0.944444       1       1 0.696970 0.721154     0.261782
    421   h0       1 0.625000 1.000000       1 1.000000       1       1 0.727273 0.750000     0.340909
    422   h0       1 0.625000 1.000000       1 1.000000       1       1 0.727273 0.750000     0.340909
    423   h0       1 0.625000 1.000000       1 1.000000       1       1 0.727273 0.750000     0.340909
    424   h0       1 0.937500 0.588235       1 0.629630       1       1 0.696970 0.801282     0.193913
    425   h0       1 1.000000 0.625000       1 0.666667       1       1 0.727273 0.833333     0.252525
    426   h0       1 1.000000 0.625000       1 0.666667       1       1 0.727273 0.750000     0.227273
    427   h0       1 1.000000 0.625000       1 0.666667       1       1 0.727273 0.782051     0.236985
    448   h0       1 0.937500 0.823529       1 0.944444       1       1 0.958333 0.961538     0.671908
    449   h0       1 1.000000 0.875000       1 1.000000       1       1 1.000000 1.000000     0.875000
    450   h0       1 1.000000 0.875000       1 1.000000       1       1 1.000000 1.000000     0.875000
    451   h0       1 1.000000 0.875000       1 1.000000       1       1 1.000000 1.000000     0.875000
    452   h0       1 1.000000 0.875000       1 1.000000       1       1 1.000000 1.000000     0.875000
    453   h0       1 0.468750 0.000000       1 0.104938       1       1 0.000000 0.035256     0.000000
    454   h0       1 0.578125 0.573529       1 0.574074       1       1 0.696970 0.916667     0.121610
    455   h0       1 0.625000 0.750000       1 0.666667       1       1 0.727273 0.916667     0.208333
    456   h0       1 0.625000 0.750000       1 0.666667       1       1 0.727273 0.916667     0.208333
    457   h0       1 0.625000 0.750000       1 0.666667       1       1 0.727273 0.916667     0.208333
    458   h0       1 0.117188 0.941176       1 0.944444       1       1 0.170455 0.801282     0.014227
    459   h0       1 0.468750 1.000000       1 1.000000       1       1 0.818182 0.833333     0.319602
    460   h0       1 0.625000 1.000000       1 1.000000       1       1 0.818182 0.833333     0.426136
    461   h0       1 0.625000 1.000000       1 1.000000       1       1 0.818182 0.833333     0.426136
    462   h0       1 0.625000 1.000000       1 1.000000       1       1 0.818182 0.833333     0.426136
    463   h0       1 0.937500 0.588235       1 0.629630       1       1 0.958333 0.641026     0.213304
    464   h0       1 1.000000 0.625000       1 0.666667       1       1 1.000000 0.666667     0.277778
    465   h0       1 1.000000 0.625000       1 0.666667       1       1 1.000000 0.666667     0.277778
    466   h0       1 1.000000 0.625000       1 0.666667       1       1 1.000000 0.666667     0.277778
    467   h0       1 1.000000 0.625000       1 0.666667       1       1 1.000000 0.676282     0.281784
    812   h1       1 0.937500 0.882353       1 0.888889       1       1 1.000000 0.750000     0.551471
    813   h1       1 1.000000 1.000000       1 0.777778       1       1 1.000000 0.750000     0.583333
    814   h1       1 1.000000 1.000000       1 0.777778       1       1 1.000000 0.750000     0.583333
    815   h1       1 0.585938 0.551471       1 0.666667       1       1 0.727273 0.750000     0.117501
    816   h1       1 0.625000 0.625000       1 0.666667       1       1 0.727273 0.750000     0.142045
    817   h1       1 0.625000 0.625000       1 0.666667       1       1 0.727273 0.750000     0.142045
    818   h1       1 0.585938 0.941176       1 0.888889       1       1 0.909091 1.000000     0.445633
    819   h1       1 0.625000 1.000000       1 0.888889       1       1 0.909091 1.000000     0.505051
    820   h1       1 0.625000 1.000000       1 0.888889       1       1 0.909091 1.000000     0.505051
    821   h1       1 0.937500 0.588235       1 0.777778       1       1 1.000000 0.833333     0.357435
    822   h1       1 1.000000 0.625000       1 0.777778       1       1 1.000000 0.833333     0.405093
    823   h1       1 1.000000 0.625000       1 0.777778       1       1 1.000000 0.833333     0.405093
    860   h1       1 0.937500 0.882353       1 1.000000       1       1 0.727273 0.750000     0.451203
    861   h1       1 1.000000 1.000000       1 1.000000       1       1 0.727273 0.750000     0.545455
    862   h1       1 1.000000 1.000000       1 1.000000       1       1 0.727273 0.750000     0.545455
    863   h1       1 1.000000 1.000000       1 1.000000       1       1 0.727273 0.750000     0.545455
    864   h1       1 0.585938 0.588235       1 0.666667       1       1 0.818182 0.833333     0.156668
    865   h1       1 0.625000 0.625000       1 0.666667       1       1 0.818182 0.833333     0.177557
    866   h1       1 0.625000 0.625000       1 0.666667       1       1 0.818182 0.833333     0.177557
    867   h1       1 0.625000 0.625000       1 0.666667       1       1 0.818182 0.833333     0.177557
    868   h1       1 0.562500 0.705882       1 0.833333       1       1 0.575758 0.474359     0.090369
    869   h1       1 1.000000 1.000000       1 1.000000       1       1 0.727273 0.750000     0.545455
    870   h1       1 1.000000 1.000000       1 1.000000       1       1 0.727273 0.750000     0.545455
    871   h1       1 1.000000 1.000000       1 1.000000       1       1 0.727273 0.750000     0.545455
    872   h1       1 0.468750 0.617647       1 0.629630       1       1 0.647727 0.564103     0.066607
    873   h1       1 0.625000 0.750000       1 0.666667       1       1 0.818182 0.750000     0.191761
    874   h1       1 0.625000 0.750000       1 0.666667       1       1 0.818182 0.750000     0.191761
    875   h1       1 0.625000 0.750000       1 0.666667       1       1 0.818182 0.750000     0.191761
    876   h1       1 0.812500 0.720588       1 0.734568       1       1 0.791667 0.576923     0.196428
    877   h1       1 1.000000 0.875000       1 0.777778       1       1 1.000000 0.750000     0.510417
    878   h1       1 1.000000 0.875000       1 0.777778       1       1 1.000000 0.750000     0.510417
    879   h1       1 1.000000 0.875000       1 0.777778       1       1 1.000000 0.750000     0.510417
    880   h1       1 0.484375 0.720588       1 0.839506       1       1 0.568182 0.634615     0.105655
    881   h1       1 0.625000 0.875000       1 0.888889       1       1 0.727273 0.916667     0.324074
    882   h1       1 0.625000 0.875000       1 0.888889       1       1 0.727273 0.916667     0.324074
    883   h1       1 0.625000 0.875000       1 0.888889       1       1 0.727273 0.916667     0.324074
    884   h1       1 0.562500 0.397059       1 0.450617       1       1 0.500000 0.692308     0.034838
    885   h1       1 1.000000 0.750000       1 0.666667       1       1 0.727273 1.000000     0.363636
    886   h1       1 1.000000 0.750000       1 0.666667       1       1 0.727273 1.000000     0.363636
    887   h1       1 1.000000 0.750000       1 0.666667       1       1 0.727273 1.000000     0.363636
    888   h1       1 0.585938 0.941176       1 1.000000       1       1 0.727273 0.750000     0.300802
    889   h1       1 0.625000 1.000000       1 1.000000       1       1 0.727273 0.750000     0.340909
    890   h1       1 0.625000 1.000000       1 1.000000       1       1 0.727273 0.801282     0.364219
    891   h1       1 0.625000 1.000000       1 1.000000       1       1 0.727273 0.804487     0.365676
    892   h1       1 0.937500 0.588235       1 0.666667       1       1 0.727273 0.833333     0.222816
    893   h1       1 1.000000 0.625000       1 0.666667       1       1 0.727273 0.833333     0.252525
    894   h1       1 1.000000 0.625000       1 0.666667       1       1 0.727273 0.785256     0.237956
    895   h1       1 1.000000 0.625000       1 0.666667       1       1 0.727273 0.750000     0.227273
    916   h1       1 0.937500 0.941176       1 1.000000       1       1 1.000000 1.000000     0.882353
    917   h1       1 1.000000 1.000000       1 1.000000       1       1 1.000000 1.000000     1.000000
    918   h1       1 1.000000 1.000000       1 1.000000       1       1 1.000000 1.000000     1.000000
    919   h1       1 1.000000 1.000000       1 1.000000       1       1 1.000000 1.000000     1.000000
    920   h1       1 1.000000 1.000000       1 1.000000       1       1 1.000000 1.000000     1.000000
    921   h1       1 0.468750 0.000000       1 0.222222       1       1 0.117424 0.064103     0.000000
    922   h1       1 0.578125 0.573529       1 0.617284       1       1 0.700758 0.833333     0.119522
    923   h1       1 0.625000 0.750000       1 0.666667       1       1 0.727273 0.833333     0.189394
    924   h1       1 0.625000 0.750000       1 0.666667       1       1 0.727273 0.833333     0.189394
    925   h1       1 0.625000 0.750000       1 0.666667       1       1 0.727273 0.833333     0.189394
    926   h1       1 0.000000 0.875000       1 1.000000       1       1 0.227273 0.750000     0.000000
    927   h1       1 0.500000 1.000000       1 1.000000       1       1 0.909091 0.750000     0.340909
    928   h1       1 0.625000 1.000000       1 1.000000       1       1 0.909091 0.750000     0.426136
    929   h1       1 0.625000 1.000000       1 1.000000       1       1 0.909091 0.750000     0.426136
    930   h1       1 0.625000 1.000000       1 1.000000       1       1 0.909091 0.750000     0.426136
    931   h1       1 0.937500 0.750000       1 0.666667       1       1 1.000000 0.666667     0.312500
    932   h1       1 1.000000 0.750000       1 0.666667       1       1 1.000000 0.666667     0.333333
    933   h1       1 1.000000 0.750000       1 0.666667       1       1 1.000000 0.666667     0.333333
    934   h1       1 1.000000 0.750000       1 0.666667       1       1 1.000000 0.695513     0.347756
    935   h1       1 1.000000 0.750000       1 0.666667       1       1 1.000000 0.750000     0.375000