 ChipID Half   Layer0   Layer1   Layer2  Layer3  Layer4   Layer5   Layer6  Layer7  Layer8  Pseaudo_Eff
    332   h0 0.937500 0.705882 0.941176       1       1 0.947368 0.784091       1       1     0.462658
    333   h0 1.000000 0.750000 1.000000       1       1 1.000000 0.818182       1       1     0.613636
    334   h0 1.000000 0.750000 1.000000       1       1 1.000000 0.818182       1       1     0.613636
    335   h0 0.585938 0.823529 0.588235       1       1 0.631579 0.958333       1       1     0.171801
    336   h0 0.625000 0.875000 0.625000       1       1 0.666667 1.000000       1       1     0.227865
    337   h0 0.625000 0.875000 0.625000       1       1 0.666667 1.000000       1       1     0.227865
    338   h0 0.585938 0.705882 0.941176       1       1 0.894737 0.696970       1       1     0.242753
    339   h0 0.625000 0.750000 1.000000       1       1 1.000000 0.727273       1       1     0.340909
    340   h0 0.625000 0.750000 1.000000       1       1 1.000000 0.818182       1       1     0.383523
    341   h0 0.937500 0.941176 0.588235       1       1 0.596491 0.958333       1       1     0.296698
    342   h0 1.000000 1.000000 0.625000       1       1 0.666667 1.000000       1       1     0.416667
    343   h0 1.000000 1.000000 0.625000       1       1 0.666667 1.000000       1       1     0.416667
    356   h0 0.937500 0.705882 0.941176       1       1 0.736842 0.696970       1       1     0.319862
    357   h0 1.000000 0.750000 1.000000       1       1 0.777778 0.727273       1       1     0.424242
    358   h0 1.000000 0.750000 1.000000       1       1 0.777778 0.727273       1       1     0.424242
    359   h0 1.000000 0.750000 1.000000       1       1 0.777778 0.727273       1       1     0.424242
    360   h0 0.585938 0.823529 0.588235       1       1 0.947368 0.696970       1       1     0.187419
    361   h0 0.625000 0.875000 0.625000       1       1 1.000000 0.727273       1       1     0.248580
    362   h0 0.625000 0.875000 0.625000       1       1 1.000000 0.727273       1       1     0.248580
    363   h0 0.625000 0.875000 0.625000       1       1 1.000000 0.727273       1       1     0.248580
    364   h0 0.500000 0.411765 0.588235       1       1 0.502924 0.424242       1       1     0.025840
    365   h0 1.000000 0.875000 1.000000       1       1 0.666667 0.727273       1       1     0.424242
    366   h0 1.000000 0.875000 1.000000       1       1 0.666667 0.727273       1       1     0.424242
    367   h0 1.000000 0.875000 1.000000       1       1 0.666667 0.727273       1       1     0.424242
    368   h0 0.429688 0.669118 0.492647       1       1 0.947368 0.537879       1       1     0.072176
    369   h0 0.625000 0.875000 0.625000       1       1 1.000000 0.727273       1       1     0.248580
    370   h0 0.625000 0.875000 0.625000       1       1 1.000000 0.727273       1       1     0.248580
    371   h0 0.625000 0.875000 0.625000       1       1 1.000000 0.727273       1       1     0.248580
    372   h0 0.750000 0.669118 0.823529       1       1 0.736842 0.750000       1       1     0.228391
    373   h0 1.000000 0.875000 1.000000       1       1 0.777778 1.000000       1       1     0.680556
    374   h0 1.000000 0.875000 1.000000       1       1 0.777778 1.000000       1       1     0.680556
    375   h0 1.000000 0.875000 1.000000       1       1 0.777778 1.000000       1       1     0.680556
    376   h0 0.460938 0.573529 0.514706       1       1 0.631579 0.613636       1       1     0.052735
    377   h0 0.625000 0.750000 0.625000       1       1 0.666667 0.818182       1       1     0.159801
    378   h0 0.625000 0.750000 0.625000       1       1 0.666667 0.818182       1       1     0.159801
    379   h0 0.625000 0.750000 0.625000       1       1 0.666667 0.818182       1       1     0.159801
    380   h0 0.562500 0.566176 0.647059       1       1 0.789474 0.545455       1       1     0.088739
    381   h0 1.000000 0.875000 1.000000       1       1 1.000000 0.727273       1       1     0.636364
    382   h0 1.000000 0.875000 1.000000       1       1 1.000000 0.727273       1       1     0.636364
    383   h0 1.000000 0.875000 1.000000       1       1 1.000000 0.727273       1       1     0.636364
    384   h0 0.585938 0.705882 0.823529       1       1 0.631579 0.784091       1       1     0.168677
    385   h0 0.625000 0.750000 0.875000       1       1 0.666667 0.727273       1       1     0.198864
    386   h0 0.625000 0.750000 0.875000       1       1 0.666667 0.727273       1       1     0.198864
    387   h0 0.625000 0.750000 0.875000       1       1 0.666667 0.727273       1       1     0.198864
    388   h0 0.937500 0.941176 0.705882       1       1 0.736842 0.696970       1       1     0.319862
    389   h0 1.000000 1.000000 0.750000       1       1 0.777778 0.727273       1       1     0.424242
    390   h0 1.000000 1.000000 0.750000       1       1 0.777778 0.727273       1       1     0.424242
    391   h0 1.000000 0.875000 0.750000       1       1 0.777778 0.727273       1       1     0.371212
    428   h0 0.937500 0.823529 0.941176       1       1 0.631579 0.871212       1       1     0.399828
    429   h0 1.000000 0.875000 1.000000       1       1 0.666667 0.909091       1       1     0.530303
    430   h0 1.000000 0.875000 1.000000       1       1 0.666667 0.909091       1       1     0.530303
    431   h0 1.000000 0.875000 1.000000       1       1 0.666667 0.909091       1       1     0.530303
    432   h0 1.000000 0.875000 1.000000       1       1 0.666667 0.909091       1       1     0.530303
    433   h0 0.000000 0.823529 0.235294       1       1 0.947368 0.189394       1       1     0.000000
    434   h0 0.429688 0.875000 0.536765       1       1 1.000000 0.909091       1       1     0.183464
    435   h0 0.625000 0.875000 0.625000       1       1 1.000000 0.909091       1       1     0.310724
    436   h0 0.625000 0.875000 0.625000       1       1 1.000000 0.909091       1       1     0.310724
    437   h0 0.625000 0.875000 0.625000       1       1 1.000000 0.909091       1       1     0.310724
    438   h0 0.468750 0.000000 0.705882       1       1 0.315789 0.000000       1       1     0.000000
    439   h0 0.578125 0.529412 0.750000       1       1 0.614035 0.666667       1       1     0.093968
    440   h0 0.625000 0.750000 0.750000       1       1 0.666667 0.727273       1       1     0.170455
    441   h0 0.625000 0.750000 0.750000       1       1 0.666667 0.727273       1       1     0.170455
    442   h0 0.625000 0.750000 0.750000       1       1 0.666667 0.727273       1       1     0.170455
    443   h0 0.937500 0.823529 0.823529       1       1 0.947368 0.958333       1       1     0.577251
    444   h0 1.000000 0.875000 0.875000       1       1 1.000000 1.000000       1       1     0.765625
    445   h0 1.000000 0.875000 0.875000       1       1 1.000000 1.000000       1       1     0.765625
    446   h0 1.000000 0.875000 0.875000       1       1 1.000000 1.000000       1       1     0.765625
    447   h0 1.000000 0.875000 0.875000       1       1 1.000000 1.000000       1       1     0.765625
    800   h1 0.937500 0.661765 0.941176       1       1 0.947368 0.871212       1       1     0.481935
    801   h1 1.000000 0.750000 1.000000       1       1 1.000000 0.909091       1       1     0.681818
    802   h1 1.000000 0.750000 1.000000       1       1 1.000000 0.909091       1       1     0.681818
    803   h1 0.585938 0.882353 0.588235       1       1 0.631579 0.958333       1       1     0.184073
    804   h1 0.625000 1.000000 0.625000       1       1 0.666667 1.000000       1       1     0.260417
    805   h1 0.625000 1.000000 0.625000       1       1 0.666667 1.000000       1       1     0.260417
    806   h1 0.601562 0.661765 0.875000       1       1 0.842105 0.784091       1       1     0.229999
    807   h1 0.625000 0.750000 0.875000       1       1 0.918129 0.818182       1       1     0.308108
    808   h1 0.625000 0.750000 0.875000       1       1 1.000000 0.818182       1       1     0.335582
    809   h1 0.937500 0.772059 0.750000       1       1 0.736842 0.958333       1       1     0.383331
    810   h1 1.000000 0.875000 0.750000       1       1 0.748538 1.000000       1       1     0.491228
    811   h1 1.000000 0.875000 0.750000       1       1 0.666667 1.000000       1       1     0.437500
    824   h1 0.937500 0.661765 0.941176       1       1 0.736842 0.696970       1       1     0.299871
    825   h1 1.000000 0.750000 1.000000       1       1 0.777778 0.727273       1       1     0.424242
    826   h1 1.000000 0.750000 1.000000       1       1 0.777778 0.727273       1       1     0.424242
    827   h1 1.000000 0.750000 1.000000       1       1 0.777778 0.727273       1       1     0.424242
    828   h1 0.585938 0.772059 0.595588       1       1 0.947368 0.696970       1       1     0.177902
    829   h1 0.625000 1.000000 0.625000       1       1 1.000000 0.727273       1       1     0.284091
    830   h1 0.625000 1.000000 0.625000       1       1 1.000000 0.727273       1       1     0.284091
    831   h1 0.625000 1.000000 0.625000       1       1 1.000000 0.727273       1       1     0.284091
    832   h1 0.562500 0.308824 0.588235       1       1 0.461988 0.469697       1       1     0.022173
    833   h1 1.000000 0.750000 1.000000       1       1 0.666667 0.727273       1       1     0.363636
    834   h1 1.000000 0.750000 1.000000       1       1 0.666667 0.727273       1       1     0.363636
    835   h1 1.000000 0.750000 1.000000       1       1 0.666667 0.727273       1       1     0.363636
    836   h1 0.453125 0.617647 0.544118       1       1 0.842105 0.568182       1       1     0.072863
    837   h1 0.625000 0.875000 0.625000       1       1 0.888889 0.727273       1       1     0.220960
    838   h1 0.625000 0.875000 0.625000       1       1 0.888889 0.727273       1       1     0.220960
    839   h1 0.625000 0.875000 0.625000       1       1 0.888889 0.727273       1       1     0.220960
    840   h1 0.687500 0.573529 0.882353       1       1 0.842105 0.750000       1       1     0.219735
    841   h1 1.000000 0.750000 1.000000       1       1 0.888889 1.000000       1       1     0.666667
    842   h1 1.000000 0.750000 1.000000       1       1 0.888889 1.000000       1       1     0.666667
    843   h1 1.000000 0.750000 1.000000       1       1 0.888889 1.000000       1       1     0.666667
    844   h1 0.460938 0.669118 0.544118       1       1 0.637427 0.613636       1       1     0.065642
    845   h1 0.625000 0.875000 0.625000       1       1 0.666667 0.818182       1       1     0.186435
    846   h1 0.625000 0.875000 0.625000       1       1 0.666667 0.818182       1       1     0.186435
    847   h1 0.625000 0.875000 0.625000       1       1 0.666667 0.818182       1       1     0.186435
    848   h1 0.500000 0.566176 0.647059       1       1 0.842105 0.515152       1       1     0.079463
    849   h1 1.000000 0.875000 1.000000       1       1 1.000000 0.727273       1       1     0.636364
    850   h1 1.000000 0.875000 1.000000       1       1 1.000000 0.727273       1       1     0.636364
    851   h1 1.000000 0.875000 1.000000       1       1 1.000000 0.727273       1       1     0.636364
    852   h1 0.617188 0.772059 0.750000       1       1 0.631579 0.696970       1       1     0.157315
    853   h1 0.625000 0.875000 0.750000       1       1 0.666667 0.727273       1       1     0.198864
    854   h1 0.625000 0.875000 0.750000       1       1 0.666667 0.727273       1       1     0.198864
    855   h1 0.625000 0.875000 0.750000       1       1 0.666667 0.727273       1       1     0.198864
    856   h1 1.000000 0.772059 0.875000       1       1 0.736842 0.696970       1       1     0.346934
    857   h1 1.000000 0.875000 0.875000       1       1 0.777778 0.727273       1       1     0.433081
    858   h1 1.000000 0.875000 0.875000       1       1 0.777778 0.727273       1       1     0.433081
    859   h1 1.000000 0.875000 0.875000       1       1 0.777778 0.727273       1       1     0.433081
    896   h1 0.937500 0.661765 1.000000       1       1 0.631579 0.958333       1       1     0.375508
    897   h1 1.000000 0.750000 1.000000       1       1 0.666667 1.000000       1       1     0.500000
    898   h1 1.000000 0.750000 1.000000       1       1 0.666667 1.000000       1       1     0.500000
    899   h1 1.000000 0.750000 1.000000       1       1 0.666667 1.000000       1       1     0.500000
    900   h1 1.000000 0.750000 1.000000       1       1 0.666667 1.000000       1       1     0.500000
    901   h1 0.117188 0.772059 0.375000       1       1 0.947368 0.189394       1       1     0.006088
    902   h1 0.468750 0.875000 0.580882       1       1 1.000000 0.909091       1       1     0.216593
    903   h1 0.625000 0.875000 0.625000       1       1 1.000000 0.909091       1       1     0.310724
    904   h1 0.625000 0.875000 0.625000       1       1 1.000000 0.909091       1       1     0.310724
    905   h1 0.625000 0.875000 0.625000       1       1 1.000000 0.909091       1       1     0.310724
    906   h1 0.468750 0.000000 0.625000       1       1 0.315789 0.000000       1       1     0.000000
    907   h1 0.578125 0.617647 0.625000       1       1 0.631579 0.666667       1       1     0.093968
    908   h1 0.625000 0.875000 0.625000       1       1 0.666667 0.727273       1       1     0.165720
    909   h1 0.625000 0.875000 0.625000       1       1 0.666667 0.727273       1       1     0.165720
    910   h1 0.625000 0.875000 0.625000       1       1 0.666667 0.727273       1       1     0.165720
    911   h1 0.937500 0.772059 1.000000       1       1 0.947368 0.958333       1       1     0.657139
    912   h1 1.000000 0.875000 1.000000       1       1 1.000000 1.000000       1       1     0.875000
    913   h1 1.000000 0.875000 1.000000       1       1 1.000000 1.000000       1       1     0.875000
    914   h1 1.000000 0.875000 1.000000       1       1 1.000000 1.000000       1       1     0.875000
    915   h1 1.000000 0.875000 1.000000       1       1 1.000000 1.000000       1       1     0.875000