 ChipID Half  Layer0   Layer1  Layer2   Layer3  Layer4   Layer5   Layer6   Layer7  Layer8  Pseaudo_Eff
    344   h0       1 0.937500       1 0.629630       1 0.631579 0.695652 0.958333       1     0.248538
    345   h0       1 1.000000       1 0.666667       1 0.666667 0.727273 1.000000       1     0.323232
    346   h0       1 1.000000       1 0.666667       1 0.666667 0.727273 1.000000       1     0.323232
    347   h0       1 0.585938       1 0.944444       1 0.947368 0.782609 0.696970       1     0.285960
    348   h0       1 0.625000       1 1.000000       1 1.000000 0.818182 0.727273       1     0.371901
    349   h0       1 0.625000       1 1.000000       1 1.000000 0.727273 0.727273       1     0.330579
    350   h0       1 0.585938       1 0.629630       1 0.894737 0.695652 0.784091       1     0.180049
    351   h0       1 0.625000       1 0.666667       1 1.000000 0.727273 0.818182       1     0.247934
    352   h0       1 0.625000       1 0.666667       1 1.000000 0.727273 0.818182       1     0.247934
    353   h0       1 0.937500       1 0.734568       1 0.596491 0.956522 0.958333       1     0.376547
    354   h0       1 1.000000       1 0.777778       1 0.666667 1.000000 1.000000       1     0.518519
    355   h0       1 1.000000       1 0.777778       1 0.666667 1.000000 1.000000       1     0.518519
    392   h0       1 0.937500       1 0.629630       1 0.631579 0.956522 0.696970       1     0.248538
    393   h0       1 1.000000       1 0.666667       1 0.666667 1.000000 0.727273       1     0.323232
    394   h0       1 1.000000       1 0.666667       1 0.666667 1.000000 0.727273       1     0.323232
    395   h0       1 1.000000       1 0.666667       1 0.666667 1.000000 0.727273       1     0.323232
    396   h0       1 0.585938       1 0.839506       1 0.947368 0.695652 0.696970       1     0.225944
    397   h0       1 0.625000       1 0.888889       1 1.000000 0.727273 0.727273       1     0.293848
    398   h0       1 0.625000       1 0.888889       1 1.000000 0.727273 0.727273       1     0.293848
    399   h0       1 0.625000       1 0.888889       1 1.000000 0.727273 0.727273       1     0.293848
    400   h0       1 0.562500       1 0.666667       1 0.654971 0.513834 0.515152       1     0.065015
    401   h0       1 1.000000       1 1.000000       1 0.888889 0.909091 0.727273       1     0.587695
    402   h0       1 1.000000       1 1.000000       1 0.888889 0.909091 0.727273       1     0.587695
    403   h0       1 1.000000       1 1.000000       1 0.888889 0.909091 0.727273       1     0.587695
    404   h0       1 0.460938       1 0.586420       1 0.625731 0.529644 0.647727       1     0.058025
    405   h0       1 0.625000       1 0.666667       1 0.666667 0.727273 0.818182       1     0.165289
    406   h0       1 0.625000       1 0.666667       1 0.666667 0.727273 0.818182       1     0.165289
    407   h0       1 0.625000       1 0.666667       1 0.666667 0.727273 0.818182       1     0.165289
    408   h0       1 0.750000       1 0.833333       1 0.947368 0.509881 0.750000       1     0.226428
    409   h0       1 1.000000       1 1.000000       1 1.000000 0.727273 1.000000       1     0.727273
    410   h0       1 1.000000       1 1.000000       1 1.000000 0.727273 1.000000       1     0.727273
    411   h0       1 1.000000       1 1.000000       1 1.000000 0.727273 1.000000       1     0.727273
    412   h0       1 0.445312       1 0.580247       1 0.631579 0.695652 0.575758       1     0.065364
    413   h0       1 0.625000       1 0.666667       1 0.666667 1.000000 0.727273       1     0.202020
    414   h0       1 0.625000       1 0.666667       1 0.666667 1.000000 0.727273       1     0.202020
    415   h0       1 0.625000       1 0.666667       1 0.666667 1.000000 0.727273       1     0.202020
    416   h0       1 0.500000       1 0.611111       1 0.684211 0.537549 0.469697       1     0.052786
    417   h0       1 1.000000       1 1.000000       1 1.000000 0.727273 0.727273       1     0.528926
    418   h0       1 1.000000       1 1.000000       1 1.000000 0.727273 0.727273       1     0.528926
    419   h0       1 1.000000       1 1.000000       1 1.000000 0.727273 0.727273       1     0.528926
    420   h0       1 0.585938       1 0.629630       1 0.842105 0.956522 0.696970       1     0.207115
    421   h0       1 0.625000       1 0.666667       1 0.888889 1.000000 0.727273       1     0.269360
    422   h0       1 0.625000       1 0.666667       1 0.888889 1.000000 0.727273       1     0.269360
    423   h0       1 0.625000       1 0.666667       1 0.888889 1.000000 0.727273       1     0.269360
    424   h0       1 0.937500       1 0.944444       1 0.625731 0.695652 0.696970       1     0.268622
    425   h0       1 1.000000       1 1.000000       1 0.666667 0.727273 0.727273       1     0.352617
    426   h0       1 1.000000       1 1.000000       1 0.666667 0.727273 0.727273       1     0.352617
    427   h0       1 1.000000       1 1.000000       1 0.666667 0.727273 0.727273       1     0.352617
    448   h0       1 0.937500       1 0.734568       1 0.631579 0.482213 0.958333       1     0.200996
    449   h0       1 1.000000       1 0.777778       1 0.666667 0.727273 1.000000       1     0.377104
    450   h0       1 1.000000       1 0.777778       1 0.666667 0.727273 1.000000       1     0.377104
    451   h0       1 1.000000       1 0.777778       1 0.666667 0.727273 1.000000       1     0.377104
    452   h0       1 1.000000       1 0.777778       1 0.666667 0.727273 1.000000       1     0.377104
    453   h0       1 0.468750       1 0.629630       1 0.842105 0.158103 0.000000       1     0.000000
    454   h0       1 0.578125       1 0.666667       1 0.888889 0.909091 0.696970       1     0.217070
    455   h0       1 0.625000       1 0.666667       1 0.888889 0.909091 0.727273       1     0.244873
    456   h0       1 0.625000       1 0.666667       1 0.888889 0.909091 0.727273       1     0.244873
    457   h0       1 0.625000       1 0.666667       1 0.888889 0.909091 0.727273       1     0.244873
    458   h0       1 0.117188       1 0.419753       1 0.631579 0.347826 0.170455       1     0.001842
    459   h0       1 0.468750       1 0.617284       1 0.666667 0.695652 0.818182       1     0.109794
    460   h0       1 0.625000       1 0.666667       1 0.666667 0.727273 0.818182       1     0.165289
    461   h0       1 0.625000       1 0.666667       1 0.666667 0.727273 0.818182       1     0.165289
    462   h0       1 0.625000       1 0.666667       1 0.666667 0.727273 0.818182       1     0.165289
    463   h0       1 0.937500       1 0.944444       1 0.842105 0.782609 0.958333       1     0.559211
    464   h0       1 1.000000       1 1.000000       1 0.888889 0.818182 1.000000       1     0.727273
    465   h0       1 1.000000       1 1.000000       1 0.888889 0.818182 1.000000       1     0.727273
    466   h0       1 1.000000       1 1.000000       1 0.888889 0.818182 1.000000       1     0.727273
    467   h0       1 1.000000       1 1.000000       1 0.888889 0.818182 1.000000       1     0.727273
    812   h1       1 0.937500       1 0.623457       1 0.631579 0.727273 1.000000       1     0.268474
    813   h1       1 1.000000       1 0.666667       1 0.666667 0.727273 1.000000       1     0.323232
    814   h1       1 1.000000       1 0.666667       1 0.666667 0.727273 1.000000       1     0.323232
    815   h1       1 0.585938       1 0.944444       1 0.947368 0.818182 0.727273       1     0.311956
    816   h1       1 0.625000       1 1.000000       1 1.000000 0.818182 0.727273       1     0.371901
    817   h1       1 0.625000       1 1.000000       1 1.000000 0.818182 0.727273       1     0.371901
    818   h1       1 0.585938       1 0.629630       1 0.947368 0.727273 0.909091       1     0.231079
    819   h1       1 0.625000       1 0.666667       1 1.000000 0.727273 0.909091       1     0.275482
    820   h1       1 0.625000       1 0.666667       1 1.000000 0.727273 0.909091       1     0.275482
    821   h1       1 0.937500       1 0.839506       1 0.736842 1.000000 1.000000       1     0.579922
    822   h1       1 1.000000       1 0.777778       1 0.754386 1.000000 1.000000       1     0.586745
    823   h1       1 1.000000       1 0.777778       1 0.666667 1.000000 1.000000       1     0.518519
    860   h1       1 0.937500       1 0.629630       1 0.631579 1.000000 0.727273       1     0.271132
    861   h1       1 1.000000       1 0.666667       1 0.666667 1.000000 0.727273       1     0.323232
    862   h1       1 1.000000       1 0.666667       1 0.666667 1.000000 0.727273       1     0.323232
    863   h1       1 1.000000       1 0.666667       1 0.666667 1.000000 0.727273       1     0.323232
    864   h1       1 0.585938       1 0.839506       1 0.947368 0.727273 0.818182       1     0.277294
    865   h1       1 0.625000       1 0.888889       1 1.000000 0.727273 0.818182       1     0.330579
    866   h1       1 0.625000       1 0.888889       1 1.000000 0.727273 0.818182       1     0.330579
    867   h1       1 0.625000       1 0.888889       1 1.000000 0.727273 0.818182       1     0.330579
    868   h1       1 0.562500       1 0.666667       1 0.654971 0.513834 0.575758       1     0.072663
    869   h1       1 1.000000       1 1.000000       1 0.888889 0.909091 0.727273       1     0.587695
    870   h1       1 1.000000       1 1.000000       1 0.888889 0.909091 0.727273       1     0.587695
    871   h1       1 1.000000       1 1.000000       1 0.888889 0.909091 0.727273       1     0.587695
    872   h1       1 0.468750       1 0.586420       1 0.625731 0.561265 0.647727       1     0.062531
    873   h1       1 0.625000       1 0.666667       1 0.666667 0.727273 0.818182       1     0.165289
    874   h1       1 0.625000       1 0.666667       1 0.666667 0.727273 0.818182       1     0.165289
    875   h1       1 0.625000       1 0.666667       1 0.666667 0.727273 0.818182       1     0.165289
    876   h1       1 0.812500       1 0.888889       1 0.947368 0.537549 0.791667       1     0.291173
    877   h1       1 1.000000       1 1.000000       1 1.000000 0.727273 1.000000       1     0.727273
    878   h1       1 1.000000       1 1.000000       1 1.000000 0.727273 1.000000       1     0.727273
    879   h1       1 1.000000       1 1.000000       1 1.000000 0.727273 1.000000       1     0.727273
    880   h1       1 0.484375       1 0.580247       1 0.643275 0.739130 0.568182       1     0.075928
    881   h1       1 0.625000       1 0.666667       1 0.666667 1.000000 0.727273       1     0.202020
    882   h1       1 0.625000       1 0.666667       1 0.666667 1.000000 0.727273       1     0.202020
    883   h1       1 0.625000       1 0.666667       1 0.666667 1.000000 0.727273       1     0.202020
    884   h1       1 0.562500       1 0.611111       1 0.684211 0.569170 0.500000       1     0.066934
    885   h1       1 1.000000       1 1.000000       1 1.000000 0.727273 0.727273       1     0.528926
    886   h1       1 1.000000       1 1.000000       1 1.000000 0.727273 0.727273       1     0.528926
    887   h1       1 1.000000       1 1.000000       1 1.000000 0.727273 0.727273       1     0.528926
    888   h1       1 0.585938       1 0.629630       1 0.947368 1.000000 0.727273       1     0.254187
    889   h1       1 0.625000       1 0.666667       1 1.000000 1.000000 0.727273       1     0.303030
    890   h1       1 0.625000       1 0.666667       1 1.000000 1.000000 0.727273       1     0.303030
    891   h1       1 0.625000       1 0.666667       1 1.000000 1.000000 0.727273       1     0.303030
    892   h1       1 0.937500       1 0.944444       1 0.526316 0.727273 0.727273       1     0.246484
    893   h1       1 1.000000       1 1.000000       1 0.578947 0.727273 0.727273       1     0.306220
    894   h1       1 1.000000       1 1.000000       1 0.666667 0.727273 0.727273       1     0.352617
    895   h1       1 1.000000       1 1.000000       1 0.619883 0.727273 0.727273       1     0.327872
    916   h1       1 0.937500       1 0.691358       1 0.631579 0.584980 1.000000       1     0.239466
    917   h1       1 1.000000       1 0.777778       1 0.666667 0.727273 1.000000       1     0.377104
    918   h1       1 1.000000       1 0.777778       1 0.666667 0.727273 1.000000       1     0.377104
    919   h1       1 1.000000       1 0.777778       1 0.666667 0.727273 1.000000       1     0.377104
    920   h1       1 1.000000       1 0.777778       1 0.666667 0.727273 1.000000       1     0.377104
    921   h1       1 0.468750       1 0.691358       1 0.736842 0.217391 0.117424       1     0.006096
    922   h1       1 0.578125       1 0.777778       1 0.777778 1.000000 0.700758       1     0.245076
    923   h1       1 0.625000       1 0.777778       1 0.777778 1.000000 0.727273       1     0.274972
    924   h1       1 0.625000       1 0.777778       1 0.777778 1.000000 0.727273       1     0.274972
    925   h1       1 0.625000       1 0.777778       1 0.777778 1.000000 0.727273       1     0.274972
    926   h1       1 0.000000       1 0.419753       1 0.631579 0.272727 0.227273       1     0.000000
    927   h1       1 0.500000       1 0.617284       1 0.666667 0.707510 0.909091       1     0.132344
    928   h1       1 0.625000       1 0.666667       1 0.666667 0.727273 0.909091       1     0.183655
    929   h1       1 0.625000       1 0.666667       1 0.666667 0.727273 0.909091       1     0.183655
    930   h1       1 0.625000       1 0.666667       1 0.666667 0.727273 0.909091       1     0.183655
    931   h1       1 0.937500       1 0.944444       1 0.736842 0.818182 1.000000       1     0.533792
    932   h1       1 1.000000       1 1.000000       1 0.777778 0.818182 1.000000       1     0.636364
    933   h1       1 1.000000       1 1.000000       1 0.777778 0.818182 1.000000       1     0.636364
    934   h1       1 1.000000       1 1.000000       1 0.777778 0.818182 1.000000       1     0.636364
    935   h1       1 1.000000       1 1.000000       1 0.777778 0.818182 1.000000       1     0.636364