 ChipID Half   Layer0  Layer1  Layer2   Layer3   Layer4   Layer5   Layer6   Layer7   Layer8  Pseaudo_Eff
    344   h0 0.434783       1       1 0.480000 0.641026 0.000000 0.000000 0.062500 0.000000     0.000000
    345   h0 0.454545       1       1 0.500000 0.666667 0.000000 0.000000 0.062500 0.000000     0.000000
    346   h0 0.355731       1       1 0.280000 0.307692 0.000000 0.000000 0.044643 0.000000     0.000000
    347   h0 0.695652       1       1 0.720000 0.721154 0.962963 0.800000 0.812500 0.764706     0.172890
    348   h0 0.727273       1       1 0.750000 0.750000 1.000000 0.800000 0.812500 0.823529     0.218984
    349   h0 0.569170       1       1 0.420000 0.570513 0.407407 0.635294 0.580357 0.390093     0.007991
    350   h0 0.695652       1       1 0.240000 0.801282 0.888889 0.866667 0.125000 0.058824     0.000758
    351   h0 0.727273       1       1 0.250000 0.833333 0.923077 0.866667 0.125000 0.058824     0.000891
    352   h0 0.600791       1       1 0.140000 0.352564 0.376068 0.688235 0.089286 0.027864     0.000019
    353   h0 0.956522       1       1 0.000000 0.000000 0.074074 0.000000 0.000000 0.000000     0.000000
    354   h0 1.000000       1       1 0.000000 0.000000 0.076923 0.000000 0.000000 0.000000     0.000000
    355   h0 0.826087       1       1 0.000000 0.000000 0.031339 0.000000 0.000000 0.000000     0.000000
    392   h0 0.956522       1       1 0.800000 0.721154 0.814815 0.933333 0.812500 0.823529     0.280809
    393   h0 1.000000       1       1 0.833333 0.750000 0.846154 0.933333 0.812500 0.823529     0.330270
    394   h0 1.000000       1       1 0.448718 0.750000 0.846154 0.741176 0.580357 0.390093     0.047783
    395   h0 1.000000       1       1 0.000000 0.490385 0.501425 0.000000 0.000000 0.000000     0.000000
    396   h0 0.695652       1       1 0.960000 0.801282 0.740741 0.933333 0.812500 0.882353     0.265227
    397   h0 0.727273       1       1 1.000000 0.833333 0.769231 0.933333 0.812500 0.860681     0.304281
    398   h0 0.727273       1       1 1.000000 0.833333 0.769231 0.933333 0.687500 0.823529     0.246355
    399   h0 0.727273       1       1 0.769231 0.544872 0.455840 0.658824 0.225000 0.238390     0.004910
    400   h0 0.909091       1       1 0.750000 0.750000 0.769231 0.800000 0.812500 0.823529     0.210561
    401   h0 0.909091       1       1 0.750000 0.750000 0.769231 0.800000 0.812500 0.823529     0.210561
    402   h0 0.909091       1       1 0.680000 0.750000 0.769231 0.800000 0.792857 0.823529     0.186294
    403   h0 0.909091       1       1 0.115385 0.384615 0.598291 0.333333 0.278571 0.043344     0.000097
    404   h0 0.727273       1       1 0.833333 0.750000 0.846154 0.800000 0.875000 0.823529     0.221719
    405   h0 0.727273       1       1 0.833333 0.750000 0.846154 0.800000 0.875000 0.823529     0.221719
    406   h0 0.727273       1       1 0.833333 0.750000 0.846154 0.800000 0.875000 0.823529     0.221719
    407   h0 0.703557       1       1 0.384615 0.221154 0.188034 0.405882 0.350000 0.068111     0.000109
    408   h0 0.727273       1       1 1.000000 0.750000 1.000000 0.800000 0.875000 0.823529     0.314439
    409   h0 0.727273       1       1 1.000000 0.750000 1.000000 0.800000 0.875000 0.823529     0.314439
    410   h0 0.727273       1       1 1.000000 0.750000 1.000000 0.800000 0.875000 0.823529     0.314439
    411   h0 0.723320       1       1 0.461538 0.224359 0.222222 0.423529 0.350000 0.065015     0.000160
    412   h0 1.000000       1       1 0.750000 0.833333 0.769231 0.800000 0.812500 0.823529     0.257353
    413   h0 1.000000       1       1 0.750000 0.833333 0.769231 0.800000 0.812500 0.823529     0.257353
    414   h0 1.000000       1       1 0.750000 0.833333 0.769231 0.800000 0.812500 0.767802     0.239938
    415   h0 1.000000       1       1 0.317308 0.288462 0.142450 0.358824 0.325000 0.038700     0.000059
    416   h0 0.727273       1       1 0.750000 1.000000 0.769231 0.800000 0.812500 0.823529     0.224599
    417   h0 0.727273       1       1 0.750000 1.000000 0.769231 0.800000 0.812500 0.823529     0.224599
    418   h0 0.727273       1       1 0.730769 1.000000 0.769231 0.758824 0.787500 0.823529     0.201189
    419   h0 0.316206       1       1 0.201923 1.000000 0.643875 0.205882 0.235714 0.255418     0.000510
    420   h0 0.956522       1       1 0.960000 0.721154 0.712251 0.800000 0.812500 0.823529     0.252476
    421   h0 1.000000       1       1 1.000000 0.750000 0.769231 0.800000 0.812500 0.823529     0.308824
    422   h0 1.000000       1       1 1.000000 0.750000 0.769231 0.662745 0.687500 0.606811     0.159511
    423   h0 1.000000       1       1 0.800000 0.490385 0.455840 0.094118 0.225000 0.119195     0.000451
    424   h0 0.695652       1       1 0.720000 0.721154 0.925926 0.800000 0.812500 0.823529     0.179028
    425   h0 0.727273       1       1 0.750000 0.750000 1.000000 0.800000 0.812500 0.823529     0.218984
    426   h0 0.632411       1       1 0.420000 0.653846 1.000000 0.635294 0.580357 0.390093     0.024978
    427   h0 0.181818       1       1 0.000000 0.381410 0.592593 0.000000 0.000000 0.000000     0.000000
    448   h0 0.695652       1       1 0.720000 0.961538 0.740741 0.866667 0.812500 0.823529     0.206877
    449   h0 0.727273       1       1 0.750000 1.000000 0.769231 0.866667 0.812500 0.823529     0.243316
    450   h0 0.727273       1       1 0.750000 1.000000 0.769231 0.866667 0.812500 0.823529     0.243316
    451   h0 0.727273       1       1 0.576923 1.000000 0.643875 0.611765 0.487500 0.572755     0.046147
    452   h0 0.189723       1       1 0.000000 0.846154 0.341880 0.000000 0.000000 0.061920     0.000000
    453   h0 0.869565       1       1 0.720000 0.801282 0.740741 0.800000 0.812500 0.823529     0.198920
    454   h0 0.909091       1       1 0.750000 0.833333 0.769231 0.800000 0.812500 0.823529     0.233957
    455   h0 0.909091       1       1 0.750000 0.833333 0.769231 0.800000 0.812500 0.823529     0.233957
    456   h0 0.909091       1       1 0.600000 0.833333 0.769231 0.564706 0.487500 0.823529     0.079270
    457   h0 0.237154       1       1 0.000000 0.705128 0.569801 0.000000 0.000000 0.108359     0.000000
    458   h0 0.695652       1       1 0.720000 0.801282 0.769231 0.800000 0.812500 0.823529     0.165257
    459   h0 0.727273       1       1 0.750000 0.833333 0.769231 0.800000 0.812500 0.823529     0.187166
    460   h0 0.727273       1       1 0.750000 0.833333 0.769231 0.800000 0.812500 0.823529     0.187166
    461   h0 0.727273       1       1 0.600000 0.833333 0.769231 0.564706 0.487500 0.823529     0.063416
    462   h0 0.189723       1       1 0.000000 0.705128 0.569801 0.000000 0.000000 0.108359     0.000000
    463   h0 0.782609       1       1 0.800000 0.721154 0.732194 0.800000 0.812500 0.823529     0.176962
    464   h0 0.818182       1       1 0.833333 0.750000 0.769231 0.800000 0.812500 0.823529     0.210561
    465   h0 0.818182       1       1 0.833333 0.750000 0.769231 0.800000 0.812500 0.856037     0.218873
    466   h0 0.818182       1       1 0.666667 0.548077 0.675214 0.564706 0.487500 0.255418     0.014194
    467   h0 0.213439       1       1 0.000000 0.141026 0.398860 0.000000 0.000000 0.000000     0.000000
    812   h1 0.434783       1       1 0.400000 0.583333 0.000000 0.000000 0.062500 0.000000     0.000000
    813   h1 0.363636       1       1 0.416667 0.583333 0.059829 0.000000 0.062500 0.000000     0.000000
    814   h1 0.300395       1       1 0.216667 0.269231 0.031339 0.000000 0.042857 0.000000     0.000000
    815   h1 0.695652       1       1 0.720000 0.750000 1.000000 0.733333 0.812500 0.764706     0.171161
    816   h1 0.727273       1       1 0.750000 0.750000 0.940171 0.733333 0.812500 0.764706     0.175245
    817   h1 0.600791       1       1 0.420000 0.525641 0.376068 0.635294 0.580357 0.342105     0.006292
    818   h1 0.695652       1       1 0.333333 0.916667 1.000000 0.800000 0.187500 0.106811     0.003406
    819   h1 0.727273       1       1 0.333333 0.916667 0.940171 0.800000 0.187500 0.058824     0.001843
    820   h1 0.600791       1       1 0.173333 0.423077 0.376068 0.611765 0.133929 0.026316     0.000036
    821   h1 0.956522       1       1 0.000000 0.000000 0.000000 0.000000 0.000000 0.000000     0.000000
    822   h1 1.000000       1       1 0.000000 0.000000 0.059829 0.000000 0.000000 0.000000     0.000000
    823   h1 0.826087       1       1 0.000000 0.000000 0.031339 0.000000 0.000000 0.000000     0.000000
    860   h1 0.956522       1       1 0.880000 0.750000 0.923077 0.866667 0.812500 0.823529     0.337934
    861   h1 1.000000       1       1 0.916667 0.750000 0.923077 0.866667 0.812500 0.823529     0.368015
    862   h1 1.000000       1       1 0.476667 0.750000 0.923077 0.662745 0.557143 0.368421     0.044892
    863   h1 1.000000       1       1 0.000000 0.461538 0.512821 0.000000 0.000000 0.000000     0.000000
    864   h1 0.695652       1       1 1.000000 0.916667 0.769231 0.933333 0.812500 0.823529     0.306337
    865   h1 0.727273       1       1 1.000000 0.916667 0.769231 0.933333 0.812500 0.823529     0.320261
    866   h1 0.727273       1       1 1.000000 0.916667 0.769231 0.933333 0.675000 0.823529     0.266063
    867   h1 0.727273       1       1 0.769231 0.564103 0.427350 0.658824 0.235714 0.216718     0.004539
    868   h1 0.909091       1       1 0.750000 0.750000 0.769231 0.800000 0.812500 0.823529     0.210561
    869   h1 0.909091       1       1 0.750000 0.750000 0.769231 0.800000 0.812500 0.823529     0.210561
    870   h1 0.909091       1       1 0.660256 0.750000 0.769231 0.800000 0.769643 0.823529     0.175589
    871   h1 0.909091       1       1 0.115385 0.394231 0.569801 0.329412 0.255357 0.021672     0.000043
    872   h1 0.727273       1       1 0.916667 0.750000 0.846154 0.800000 0.812500 0.823529     0.226471
    873   h1 0.727273       1       1 0.916667 0.750000 0.846154 0.800000 0.812500 0.823529     0.226471
    874   h1 0.727273       1       1 0.916667 0.750000 0.846154 0.800000 0.812500 0.823529     0.226471
    875   h1 0.660079       1       1 0.423077 0.182692 0.156695 0.403922 0.325000 0.044892     0.000047
    876   h1 0.727273       1       1 1.000000 0.750000 1.000000 0.800000 0.875000 0.823529     0.314439
    877   h1 0.727273       1       1 1.000000 0.750000 1.000000 0.800000 0.875000 0.823529     0.314439
    878   h1 0.727273       1       1 1.000000 0.750000 1.000000 0.800000 0.875000 0.823529     0.314439
    879   h1 0.695652       1       1 0.461538 0.198718 0.222222 0.400000 0.350000 0.043344     0.000086
    880   h1 1.000000       1       1 0.750000 0.916667 0.846154 0.800000 0.812500 0.823529     0.311397
    881   h1 1.000000       1       1 0.750000 0.916667 0.846154 0.800000 0.812500 0.823529     0.311397
    882   h1 1.000000       1       1 0.750000 0.916667 0.846154 0.800000 0.812500 0.773994     0.292666
    883   h1 0.956522       1       1 0.288462 0.271605 0.125356 0.376471 0.325000 0.037152     0.000043
    884   h1 0.727273       1       1 0.750000 1.000000 0.769231 0.800000 0.812500 0.823529     0.224599
    885   h1 0.727273       1       1 0.750000 1.000000 0.769231 0.800000 0.812500 0.823529     0.224599
    886   h1 0.727273       1       1 0.733974 1.000000 0.769231 0.752941 0.801786 0.823529     0.204142
    887   h1 0.284585       1       1 0.259615 1.000000 0.678063 0.247059 0.255357 0.253870     0.000802
    888   h1 0.869565       1       1 1.000000 0.750000 0.846154 0.800000 0.812500 0.823529     0.295396
    889   h1 0.909091       1       1 1.000000 0.750000 0.786325 0.800000 0.812500 0.801858     0.279435
    890   h1 1.000000       1       1 1.000000 0.750000 0.817664 0.658824 0.675000 0.602167     0.164220
    891   h1 1.000000       1       1 0.769231 0.461538 0.470085 0.141176 0.235714 0.123839     0.000688
    892   h1 0.695652       1       1 0.750000 0.750000 0.923077 0.800000 0.812500 0.837461     0.196621
    893   h1 0.727273       1       1 0.750000 0.750000 0.923077 0.800000 0.812500 0.882353     0.216578
    894   h1 0.632411       1       1 0.390000 0.701923 0.923077 0.611765 0.557143 0.394737     0.021501
    895   h1 0.181818       1       1 0.000000 0.410256 0.512821 0.000000 0.000000 0.000000     0.000000
    916   h1 0.695652       1       1 0.750000 1.000000 0.769231 0.933333 0.812500 0.823529     0.250639
    917   h1 0.727273       1       1 0.750000 1.000000 0.769231 0.933333 0.812500 0.823529     0.262032
    918   h1 0.727273       1       1 0.750000 1.000000 0.769231 0.933333 0.812500 0.823529     0.262032
    919   h1 0.727273       1       1 0.570000 1.000000 0.666667 0.658824 0.510714 0.530960     0.049373
    920   h1 0.158103       1       1 0.000000 0.807692 0.398860 0.000000 0.000000 0.054180     0.000000
    921   h1 0.869565       1       1 0.733333 0.750000 0.769231 0.866667 0.812500 0.823529     0.213342
    922   h1 0.909091       1       1 0.750000 0.750000 0.769231 0.866667 0.812500 0.823529     0.228108
    923   h1 0.909091       1       1 0.750000 0.750000 0.769231 0.866667 0.812500 0.823529     0.228108
    924   h1 0.909091       1       1 0.576923 0.750000 0.769231 0.637255 0.492857 0.823529     0.078263
    925   h1 0.197628       1       1 0.000000 0.605769 0.569801 0.000000 0.000000 0.108359     0.000000
    926   h1 0.707510       1       1 0.721154 0.750000 0.769231 0.800000 0.812500 0.823529     0.157569
    927   h1 0.727273       1       1 0.750000 0.750000 0.769231 0.800000 0.812500 0.823529     0.168449
    928   h1 0.727273       1       1 0.750000 0.750000 0.769231 0.800000 0.812500 0.823529     0.168449
    929   h1 0.727273       1       1 0.576923 0.750000 0.769231 0.564706 0.505357 0.823529     0.056890
    930   h1 0.158103       1       1 0.000000 0.611111 0.569801 0.000000 0.000000 0.108359     0.000000
    931   h1 0.909091       1       1 0.881410 0.750000 0.692308 0.800000 0.812500 0.823529     0.222709
    932   h1 0.909091       1       1 0.916667 0.750000 0.754986 0.800000 0.812500 0.825077     0.253062
    933   h1 0.909091       1       1 0.916667 0.750000 0.723647 0.800000 0.812500 0.823529     0.242102
    934   h1 0.909091       1       1 0.705128 0.525641 0.589744 0.564706 0.496429 0.235294     0.013107
    935   h1 0.197628       1       1 0.000000 0.134615 0.341880 0.000000 0.000000 0.000000     0.000000