 ChipID Half  Layer0   Layer1   Layer2   Layer3  Layer4   Layer5   Layer6   Layer7   Layer8  Pseaudo_Eff
    344   h0       1 0.871212 0.000000 0.480000       1 0.000000 0.000000 0.062500 0.000000     0.000000
    345   h0       1 0.965909 0.000000 0.500000       1 0.000000 0.000000 0.062500 0.000000     0.000000
    346   h0       1 0.708333 0.000000 0.280000       1 0.000000 0.000000 0.044643 0.000000     0.000000
    347   h0       1 0.784091 0.960000 0.720000       1 0.962963 0.800000 0.812500 0.764706     0.259410
    348   h0       1 0.818182 1.000000 0.750000       1 1.000000 0.800000 0.812500 0.823529     0.328476
    349   h0       1 0.579545 0.640000 0.420000       1 0.407407 0.635294 0.580357 0.390093     0.009128
    350   h0       1 0.958333 0.610909 0.240000       1 0.888889 0.866667 0.125000 0.058824     0.000796
    351   h0       1 1.000000 0.636364 0.250000       1 0.923077 0.866667 0.125000 0.058824     0.000936
    352   h0       1 0.708333 0.407273 0.140000       1 0.376068 0.688235 0.089286 0.027864     0.000026
    353   h0       1 0.000000 0.436364 0.000000       1 0.074074 0.000000 0.000000 0.000000     0.000000
    354   h0       1 0.000000 0.454545 0.000000       1 0.076923 0.000000 0.000000 0.000000     0.000000
    355   h0       1 0.000000 0.290909 0.000000       1 0.031339 0.000000 0.000000 0.000000     0.000000
    392   h0       1 0.696970 0.698182 0.800000       1 0.814815 0.933333 0.812500 0.823529     0.198094
    393   h0       1 0.727273 0.727273 0.833333       1 0.846154 0.933333 0.812500 0.823529     0.232917
    394   h0       1 0.647727 0.727273 0.448718       1 0.846154 0.741176 0.580357 0.390093     0.030012
    395   h0       1 0.454545 0.669091 0.000000       1 0.501425 0.000000 0.000000 0.000000     0.000000
    396   h0       1 0.696970 0.698182 0.960000       1 0.740741 0.933333 0.812500 0.882353     0.231538
    397   h0       1 0.727273 0.727273 1.000000       1 0.769231 0.933333 0.812500 0.860681     0.265555
    398   h0       1 0.727273 0.727273 1.000000       1 0.769231 0.933333 0.687500 0.823529     0.215001
    399   h0       1 0.727273 0.669091 0.769231       1 0.455840 0.658824 0.225000 0.238390     0.006030
    400   h0       1 0.727273 0.818182 0.750000       1 0.769231 0.800000 0.812500 0.823529     0.183763
    401   h0       1 0.727273 0.818182 0.750000       1 0.769231 0.800000 0.812500 0.823529     0.183763
    402   h0       1 0.727273 0.818182 0.680000       1 0.769231 0.800000 0.792857 0.823529     0.162584
    403   h0       1 0.454545 0.654545 0.115385       1 0.598291 0.333333 0.278571 0.043344     0.000083
    404   h0       1 0.818182 0.727273 0.833333       1 0.846154 0.800000 0.875000 0.823529     0.241876
    405   h0       1 0.818182 0.727273 0.833333       1 0.846154 0.800000 0.875000 0.823529     0.241876
    406   h0       1 0.818182 0.727273 0.833333       1 0.846154 0.800000 0.875000 0.823529     0.241876
    407   h0       1 0.681818 0.461818 0.384615       1 0.188034 0.405882 0.350000 0.068111     0.000220
    408   h0       1 1.000000 0.727273 1.000000       1 1.000000 0.800000 0.875000 0.823529     0.419251
    409   h0       1 1.000000 0.727273 1.000000       1 1.000000 0.800000 0.875000 0.823529     0.419251
    410   h0       1 1.000000 0.727273 1.000000       1 1.000000 0.800000 0.875000 0.823529     0.419251
    411   h0       1 0.875000 0.490909 0.461538       1 0.222222 0.423529 0.350000 0.065015     0.000425
    412   h0       1 0.727273 1.000000 0.750000       1 0.769231 0.800000 0.812500 0.823529     0.224599
    413   h0       1 0.727273 1.000000 0.750000       1 0.769231 0.800000 0.812500 0.823529     0.224599
    414   h0       1 0.727273 1.000000 0.750000       1 0.769231 0.800000 0.812500 0.767802     0.209401
    415   h0       1 0.587121 0.680000 0.317308       1 0.142450 0.358824 0.325000 0.038700     0.000081
    416   h0       1 0.689394 0.909091 0.750000       1 0.769231 0.800000 0.812500 0.823529     0.193546
    417   h0       1 0.727273 0.909091 0.750000       1 0.769231 0.800000 0.812500 0.823529     0.204181
    418   h0       1 0.727273 0.909091 0.730769       1 0.769231 0.758824 0.787500 0.823529     0.182899
    419   h0       1 0.545455 0.181818 0.201923       1 0.643875 0.205882 0.235714 0.255418     0.000160
    420   h0       1 0.696970 0.872727 0.960000       1 0.712251 0.800000 0.812500 0.823529     0.222633
    421   h0       1 0.727273 0.909091 1.000000       1 0.769231 0.800000 0.812500 0.823529     0.272241
    422   h0       1 0.727273 0.909091 1.000000       1 0.769231 0.662745 0.687500 0.606811     0.140616
    423   h0       1 0.727273 0.836364 0.800000       1 0.455840 0.094118 0.225000 0.119195     0.000560
    424   h0       1 0.696970 0.960000 0.720000       1 0.925926 0.800000 0.812500 0.823529     0.238774
    425   h0       1 0.727273 1.000000 0.750000       1 1.000000 0.800000 0.812500 0.823529     0.291979
    426   h0       1 0.674242 0.640000 0.420000       1 1.000000 0.635294 0.580357 0.390093     0.026067
    427   h0       1 0.545455 0.000000 0.000000       1 0.592593 0.000000 0.000000 0.000000     0.000000
    448   h0       1 0.958333 0.698182 0.720000       1 0.740741 0.866667 0.812500 0.823529     0.206937
    449   h0       1 1.000000 0.727273 0.750000       1 0.769231 0.866667 0.812500 0.823529     0.243316
    450   h0       1 1.000000 0.727273 0.750000       1 0.769231 0.866667 0.812500 0.823529     0.243316
    451   h0       1 1.000000 0.669091 0.576923       1 0.643875 0.611765 0.487500 0.572755     0.042455
    452   h0       1 0.166667 0.000000 0.000000       1 0.341880 0.000000 0.000000 0.061920     0.000000
    453   h0       1 0.696970 0.960000 0.720000       1 0.740741 0.800000 0.812500 0.823529     0.191019
    454   h0       1 0.727273 1.000000 0.750000       1 0.769231 0.800000 0.812500 0.823529     0.224599
    455   h0       1 0.727273 1.000000 0.750000       1 0.769231 0.800000 0.812500 0.823529     0.224599
    456   h0       1 0.727273 0.920000 0.600000       1 0.769231 0.564706 0.487500 0.823529     0.070011
    457   h0       1 0.121212 0.000000 0.000000       1 0.569801 0.000000 0.000000 0.108359     0.000000
    458   h0       1 0.784091 0.698182 0.720000       1 0.769231 0.800000 0.812500 0.823529     0.162299
    459   h0       1 0.909091 0.727273 0.750000       1 0.769231 0.800000 0.812500 0.823529     0.204181
    460   h0       1 0.909091 0.727273 0.750000       1 0.769231 0.800000 0.812500 0.823529     0.204181
    461   h0       1 0.909091 0.669091 0.600000       1 0.769231 0.564706 0.487500 0.823529     0.063647
    462   h0       1 0.151515 0.000000 0.000000       1 0.569801 0.000000 0.000000 0.108359     0.000000
    463   h0       1 0.958333 0.698182 0.800000       1 0.732194 0.800000 0.812500 0.823529     0.209794
    464   h0       1 1.000000 0.727273 0.833333       1 0.769231 0.800000 0.812500 0.823529     0.249554
    465   h0       1 1.000000 0.727273 0.833333       1 0.769231 0.800000 0.812500 0.856037     0.259405
    466   h0       1 1.000000 0.669091 0.666667       1 0.675214 0.564706 0.487500 0.255418     0.021178
    467   h0       1 0.166667 0.000000 0.000000       1 0.398860 0.000000 0.000000 0.000000     0.000000
    812   h1       1 0.916667 0.000000 0.400000       1 0.000000 0.000000 0.062500 0.000000     0.000000
    813   h1       1 1.000000 0.000000 0.416667       1 0.059829 0.000000 0.062500 0.000000     0.000000
    814   h1       1 0.750000 0.000000 0.216667       1 0.031339 0.000000 0.042857 0.000000     0.000000
    815   h1       1 0.750000 0.960000 0.720000       1 1.000000 0.733333 0.812500 0.764706     0.236202
    816   h1       1 0.818182 1.000000 0.750000       1 0.940171 0.733333 0.812500 0.764706     0.262868
    817   h1       1 0.613636 0.600000 0.420000       1 0.376068 0.635294 0.580357 0.342105     0.007335
    818   h1       1 0.916667 0.727273 0.333333       1 1.000000 0.800000 0.187500 0.106811     0.003560
    819   h1       1 1.000000 0.727273 0.333333       1 0.940171 0.800000 0.187500 0.058824     0.002011
    820   h1       1 0.750000 0.465455 0.173333       1 0.376068 0.611765 0.133929 0.026316     0.000049
    821   h1       1 0.000000 0.436364 0.000000       1 0.000000 0.000000 0.000000 0.000000     0.000000
    822   h1       1 0.000000 0.454545 0.000000       1 0.059829 0.000000 0.000000 0.000000     0.000000
    823   h1       1 0.000000 0.290909 0.000000       1 0.031339 0.000000 0.000000 0.000000     0.000000
    860   h1       1 0.666667 0.672727 0.880000       1 0.923077 0.866667 0.812500 0.823529     0.211263
    861   h1       1 0.727273 0.727273 0.916667       1 0.923077 0.866667 0.812500 0.823529     0.259537
    862   h1       1 0.636364 0.690909 0.476667       1 0.923077 0.662745 0.557143 0.368421     0.026317
    863   h1       1 0.363636 0.585455 0.000000       1 0.512821 0.000000 0.000000 0.000000     0.000000
    864   h1       1 0.666667 0.669091 1.000000       1 0.769231 0.933333 0.812500 0.823529     0.214284
    865   h1       1 0.727273 0.727273 1.000000       1 0.769231 0.933333 0.812500 0.823529     0.254092
    866   h1       1 0.727273 0.727273 1.000000       1 0.769231 0.933333 0.675000 0.823529     0.211092
    867   h1       1 0.727273 0.669091 0.769231       1 0.427350 0.658824 0.235714 0.216718     0.005384
    868   h1       1 0.715909 0.727273 0.750000       1 0.769231 0.800000 0.812500 0.823529     0.160792
    869   h1       1 0.727273 0.727273 0.750000       1 0.769231 0.800000 0.812500 0.823529     0.163345
    870   h1       1 0.727273 0.727273 0.660256       1 0.769231 0.800000 0.769643 0.823529     0.136214
    871   h1       1 0.367424 0.581818 0.115385       1 0.569801 0.329412 0.255357 0.021672     0.000026
    872   h1       1 0.818182 0.727273 0.916667       1 0.846154 0.800000 0.812500 0.823529     0.247059
    873   h1       1 0.818182 0.727273 0.916667       1 0.846154 0.800000 0.812500 0.823529     0.247059
    874   h1       1 0.818182 0.727273 0.916667       1 0.846154 0.800000 0.812500 0.823529     0.247059
    875   h1       1 0.681818 0.450909 0.423077       1 0.156695 0.403922 0.325000 0.044892     0.000120
    876   h1       1 1.000000 0.727273 1.000000       1 1.000000 0.800000 0.875000 0.823529     0.419251
    877   h1       1 1.000000 0.727273 1.000000       1 1.000000 0.800000 0.875000 0.823529     0.419251
    878   h1       1 1.000000 0.727273 1.000000       1 1.000000 0.800000 0.875000 0.823529     0.419251
    879   h1       1 0.833333 0.465455 0.461538       1 0.222222 0.400000 0.350000 0.043344     0.000241
    880   h1       1 0.727273 1.000000 0.750000       1 0.846154 0.800000 0.812500 0.823529     0.247059
    881   h1       1 0.727273 1.000000 0.750000       1 0.846154 0.800000 0.812500 0.823529     0.247059
    882   h1       1 0.727273 1.000000 0.750000       1 0.846154 0.800000 0.812500 0.773994     0.232198
    883   h1       1 0.587121 0.680000 0.288462       1 0.125356 0.376471 0.325000 0.037152     0.000066
    884   h1       1 0.681818 0.818182 0.750000       1 0.769231 0.800000 0.812500 0.823529     0.172278
    885   h1       1 0.727273 0.818182 0.750000       1 0.769231 0.800000 0.812500 0.823529     0.183763
    886   h1       1 0.727273 0.818182 0.733974       1 0.769231 0.752941 0.801786 0.823529     0.167026
    887   h1       1 0.606061 0.130909 0.259615       1 0.678063 0.247059 0.255357 0.253870     0.000224
    888   h1       1 0.666667 0.960000 1.000000       1 0.846154 0.800000 0.812500 0.823529     0.289882
    889   h1       1 0.727273 1.000000 1.000000       1 0.786325 0.800000 0.812500 0.801858     0.298064
    890   h1       1 0.727273 1.000000 1.000000       1 0.817664 0.658824 0.675000 0.602167     0.159244
    891   h1       1 0.727273 0.920000 0.769231       1 0.470085 0.141176 0.235714 0.123839     0.000997
    892   h1       1 0.666667 0.909091 0.750000       1 0.923077 0.800000 0.812500 0.837461     0.228399
    893   h1       1 0.727273 0.909091 0.750000       1 0.923077 0.800000 0.812500 0.882353     0.262518
    894   h1       1 0.704545 0.640000 0.390000       1 0.923077 0.611765 0.557143 0.394737     0.021840
    895   h1       1 0.636364 0.000000 0.000000       1 0.512821 0.000000 0.000000 0.000000     0.000000
    916   h1       1 0.916667 0.752727 0.750000       1 0.769231 0.933333 0.812500 0.823529     0.248603
    917   h1       1 1.000000 0.818182 0.750000       1 0.769231 0.933333 0.812500 0.823529     0.294786
    918   h1       1 1.000000 0.818182 0.750000       1 0.769231 0.933333 0.812500 0.823529     0.294786
    919   h1       1 1.000000 0.752727 0.570000       1 0.666667 0.658824 0.510714 0.530960     0.051101
    920   h1       1 0.166667 0.000000 0.000000       1 0.398860 0.000000 0.000000 0.054180     0.000000
    921   h1       1 0.666667 0.960000 0.733333       1 0.769231 0.866667 0.812500 0.823529     0.209359
    922   h1       1 0.727273 1.000000 0.750000       1 0.769231 0.866667 0.812500 0.823529     0.243316
    923   h1       1 0.727273 1.000000 0.750000       1 0.769231 0.866667 0.812500 0.823529     0.243316
    924   h1       1 0.727273 0.920000 0.576923       1 0.769231 0.637255 0.492857 0.823529     0.076802
    925   h1       1 0.121212 0.000000 0.000000       1 0.569801 0.000000 0.000000 0.108359     0.000000
    926   h1       1 0.833333 0.698182 0.721154       1 0.769231 0.800000 0.812500 0.823529     0.172768
    927   h1       1 0.909091 0.727273 0.750000       1 0.769231 0.800000 0.812500 0.823529     0.204181
    928   h1       1 0.909091 0.727273 0.750000       1 0.769231 0.800000 0.812500 0.823529     0.204181
    929   h1       1 0.909091 0.669091 0.576923       1 0.769231 0.564706 0.505357 0.823529     0.063441
    930   h1       1 0.151515 0.000000 0.000000       1 0.569801 0.000000 0.000000 0.108359     0.000000
    931   h1       1 0.833333 0.698182 0.881410       1 0.692308 0.800000 0.812500 0.823529     0.190045
    932   h1       1 0.909091 0.727273 0.916667       1 0.754986 0.800000 0.812500 0.825077     0.245393
    933   h1       1 0.909091 0.727273 0.916667       1 0.723647 0.800000 0.812500 0.823529     0.234766
    934   h1       1 0.909091 0.669091 0.705128       1 0.589744 0.564706 0.496429 0.235294     0.016685
    935   h1       1 0.151515 0.000000 0.000000       1 0.341880 0.000000 0.000000 0.000000     0.000000