 ChipID Half   Layer0   Layer1  Layer2   Layer3   Layer4   Layer5   Layer6   Layer7  Layer8  Pseaudo_Eff
    332   h0 0.000000 0.696970       1 0.000000 0.074074 0.000000 0.000000 0.000000       1     0.000000
    333   h0 0.000000 0.670455       1 0.000000 0.076923 0.000000 0.000000 0.000000       1     0.000000
    334   h0 0.000000 0.424242       1 0.000000 0.000000 0.000000 0.000000 0.000000       1     0.000000
    335   h0 0.958333 0.609848       1 0.961538 0.888889 0.519231 0.250000 0.687500       1     0.044579
    336   h0 1.000000 0.696970       1 1.000000 0.923077 0.538462 0.250000 0.687500       1     0.059541
    337   h0 0.708333 0.484848       1 0.500000 0.376068 0.192308 0.183824 0.451786       1     0.001031
    338   h0 0.696970 0.958333       1 0.400641 0.962963 0.741758 0.812500 0.312500       1     0.048532
    339   h0 0.727273 1.000000       1 0.416667 1.000000 0.769231 0.812500 0.312500       1     0.059186
    340   h0 0.545455 0.666667       1 0.208333 0.370370 0.274725 0.597426 0.205357       1     0.000946
    341   h0 0.958333 0.000000       1 0.000000 0.000000 0.148352 0.062500 0.000000       1     0.000000
    342   h0 1.000000 0.000000       1 0.000000 0.000000 0.153846 0.062500 0.000000       1     0.000000
    343   h0 0.750000 0.000000       1 0.000000 0.000000 0.082418 0.045956 0.000000       1     0.000000
    356   h0 0.696970 0.784091       1 0.801282 0.962963 0.741758 0.812500 0.812500       1     0.206483
    357   h0 0.727273 0.818182       1 0.833333 0.923077 0.769231 0.812500 0.812500       1     0.232438
    358   h0 0.700758 0.545455       1 0.416667 0.923077 0.521978 0.597426 0.533929       1     0.024478
    359   h0 0.636364 0.000000       1 0.000000 0.547009 0.192308 0.000000 0.000000       1     0.000000
    360   h0 0.696970 0.958333       1 0.721154 0.740741 0.741758 0.812500 0.875000       1     0.188156
    361   h0 0.727273 1.000000       1 0.750000 0.769231 0.769231 0.812500 0.875000       1     0.229458
    362   h0 0.727273 1.000000       1 0.666667 0.769231 0.769231 0.713235 0.575000       1     0.117658
    363   h0 0.727273 1.000000       1 0.365385 0.455840 0.384615 0.283088 0.000000       1     0.000000
    364   h0 0.681818 0.818182       1 1.000000 0.769231 1.000000 0.812500 0.812500       1     0.283284
    365   h0 0.727273 0.818182       1 1.000000 0.769231 1.000000 0.812500 0.812500       1     0.302169
    366   h0 0.727273 0.818182       1 0.884615 0.769231 1.000000 0.801471 0.683929       1     0.221951
    367   h0 0.606061 0.204545       1 0.000000 0.643875 0.821429 0.286765 0.133929       1     0.000000
    368   h0 0.727273 1.000000       1 0.916667 0.769231 0.846154 0.875000 0.812500       1     0.308494
    369   h0 0.727273 1.000000       1 0.916667 0.769231 0.846154 0.875000 0.812500       1     0.308494
    370   h0 0.727273 1.000000       1 0.916667 0.769231 0.846154 0.875000 0.812500       1     0.308494
    371   h0 0.587121 0.791667       1 0.352564 0.113960 0.120879 0.386029 0.182143       1     0.000159
    372   h0 1.000000 0.727273       1 0.750000 1.000000 0.769231 0.875000 0.812500       1     0.298295
    373   h0 1.000000 0.727273       1 0.750000 1.000000 0.769231 0.875000 0.812500       1     0.298295
    374   h0 1.000000 0.727273       1 0.750000 1.000000 0.769231 0.875000 0.812500       1     0.298295
    375   h0 0.875000 0.575758       1 0.285256 0.222222 0.104396 0.386029 0.232143       1     0.000299
    376   h0 0.818182 0.727273       1 0.750000 0.923077 0.769231 0.812500 0.812500       1     0.209194
    377   h0 0.818182 0.727273       1 0.750000 0.923077 0.769231 0.812500 0.812500       1     0.209194
    378   h0 0.818182 0.727273       1 0.750000 0.923077 0.769231 0.812500 0.812500       1     0.209194
    379   h0 0.681818 0.530303       1 0.269231 0.170940 0.060440 0.358456 0.233929       1     0.000084
    380   h0 0.727273 0.727273       1 0.750000 0.769231 0.769231 0.812500 0.875000       1     0.166879
    381   h0 0.727273 0.727273       1 0.750000 0.769231 0.769231 0.812500 0.875000       1     0.166879
    382   h0 0.727273 0.727273       1 0.711538 0.769231 0.769231 0.775735 0.875000       1     0.151157
    383   h0 0.386364 0.750000       1 0.314103 0.598291 0.351648 0.308824 0.125000       1     0.000739
    384   h0 0.784091 0.696970       1 0.801282 0.740741 0.928571 0.812500 0.812500       1     0.198836
    385   h0 0.818182 0.727273       1 0.833333 0.769231 1.000000 0.812500 0.812500       1     0.251808
    386   h0 0.818182 0.727273       1 0.833333 0.769231 1.000000 0.696691 0.726786       1     0.193139
    387   h0 0.818182 0.727273       1 0.608974 0.455840 0.500000 0.242647 0.305357       1     0.006119
    388   h0 0.696970 0.696970       1 0.721154 0.814815 0.857143 0.812500 0.812500       1     0.161516
    389   h0 0.727273 0.727273       1 0.750000 0.846154 0.923077 0.812500 0.812500       1     0.204545
    390   h0 0.636364 0.727273       1 0.458333 0.846154 0.923077 0.597426 0.533929       1     0.052849
    391   h0 0.363636 0.727273       1 0.121795 0.501425 0.461538 0.000000 0.000000       1     0.000000
    428   h0 0.871212 0.696970       1 0.721154 0.740741 0.741758 0.812500 0.812500       1     0.158833
    429   h0 0.909091 0.727273       1 0.750000 0.769231 0.769231 0.812500 0.812500       1     0.193698
    430   h0 0.909091 0.727273       1 0.750000 0.769231 0.769231 0.812500 0.812500       1     0.193698
    431   h0 0.909091 0.727273       1 0.548077 0.675214 0.384615 0.525735 0.441071       1     0.021822
    432   h0 0.151515 0.060606       1 0.000000 0.398860 0.000000 0.000000 0.000000       1     0.000000
    433   h0 0.871212 0.696970       1 0.721154 0.740741 0.890110 0.812500 0.812500       1     0.190600
    434   h0 0.909091 0.727273       1 0.750000 0.769231 0.923077 0.812500 0.812500       1     0.232438
    435   h0 0.909091 0.727273       1 0.750000 0.769231 0.923077 0.812500 0.812500       1     0.232438
    436   h0 0.909091 0.727273       1 0.548077 0.769231 0.923077 0.525735 0.441071       1     0.059665
    437   h0 0.151515 0.060606       1 0.000000 0.569801 0.593407 0.000000 0.000000       1     0.000000
    438   h0 0.696970 0.958333       1 0.801282 0.740741 0.741758 0.812500 0.875000       1     0.209062
    439   h0 0.727273 1.000000       1 0.833333 0.769231 0.769231 0.812500 0.875000       1     0.254953
    440   h0 0.727273 1.000000       1 0.833333 0.769231 0.769231 0.812500 0.875000       1     0.254953
    441   h0 0.727273 1.000000       1 0.608974 0.769231 0.769231 0.525735 0.475000       1     0.065444
    442   h0 0.121212 0.083333       1 0.000000 0.569801 0.494505 0.000000 0.000000       1     0.000000
    443   h0 0.958333 0.696970       1 0.961538 0.740741 0.815934 0.812500 0.812500       1     0.256251
    444   h0 1.000000 0.727273       1 1.000000 0.769231 0.846154 0.812500 0.812500       1     0.312500
    445   h0 1.000000 0.727273       1 1.000000 0.769231 0.846154 0.812500 0.812500       1     0.312500
    446   h0 1.000000 0.727273       1 0.730769 0.643875 0.846154 0.525735 0.441071       1     0.067144
    447   h0 0.166667 0.060606       1 0.000000 0.341880 0.543956 0.000000 0.000000       1     0.000000
    800   h1 0.000000 0.609848       1 0.000000 0.076923 0.000000 0.000000 0.000000       1     0.000000
    801   h1 0.000000 0.636364       1 0.000000 0.076923 0.000000 0.000000 0.000000       1     0.000000
    802   h1 0.000000 0.450758       1 0.000000 0.000000 0.000000 0.000000 0.000000       1     0.000000
    803   h1 0.916667 0.696970       1 0.961538 0.923077 0.519231 0.250000 0.625000       1     0.046006
    804   h1 1.000000 0.727273       1 1.000000 0.923077 0.598901 0.250000 0.625000       1     0.062822
    805   h1 0.750000 0.515152       1 0.500000 0.376068 0.219780 0.132353 0.392857       1     0.000830
    806   h1 0.750000 0.958333       1 0.500000 1.000000 0.769231 0.812500 0.375000       1     0.084229
    807   h1 0.818182 1.000000       1 0.500000 1.000000 0.706044 0.812500 0.375000       1     0.088005
    808   h1 0.613636 0.708333       1 0.250000 0.407407 0.247253 0.573529 0.235714       1     0.001480
    809   h1 0.916667 0.000000       1 0.000000 0.000000 0.148352 0.125000 0.000000       1     0.000000
    810   h1 1.000000 0.000000       1 0.000000 0.000000 0.214286 0.125000 0.000000       1     0.000000
    811   h1 0.750000 0.000000       1 0.000000 0.000000 0.082418 0.088235 0.000000       1     0.000000
    824   h1 0.666667 0.871212       1 0.721154 1.000000 0.815934 0.812500 0.812500       1     0.225612
    825   h1 0.727273 0.909091       1 0.750000 0.923077 0.785714 0.812500 0.812500       1     0.237419
    826   h1 0.681818 0.643939       1 0.375000 0.923077 0.571429 0.573529 0.510714       1     0.025438
    827   h1 0.545455 0.000000       1 0.000000 0.512821 0.230769 0.000000 0.000000       1     0.000000
    828   h1 0.666667 0.958333       1 0.740385 0.769231 0.741758 0.812500 0.875000       1     0.191882
    829   h1 0.727273 1.000000       1 0.750000 0.769231 0.769231 0.812500 0.875000       1     0.229458
    830   h1 0.727273 1.000000       1 0.625000 0.769231 0.769231 0.702206 0.550000       1     0.103877
    831   h1 0.727273 1.000000       1 0.346154 0.427350 0.384615 0.270221 0.000000       1     0.000000
    832   h1 0.689394 0.818182       1 1.000000 0.769231 1.000000 0.812500 0.812500       1     0.286431
    833   h1 0.727273 0.818182       1 1.000000 0.769231 1.000000 0.812500 0.812500       1     0.302169
    834   h1 0.727273 0.818182       1 0.884615 0.769231 1.000000 0.803309 0.651786       1     0.212005
    835   h1 0.545455 0.227273       1 0.000000 0.615385 0.821429 0.286765 0.100000       1     0.000000
    836   h1 0.727273 1.000000       1 0.916667 0.769231 0.846154 0.812500 0.812500       1     0.286458
    837   h1 0.727273 1.000000       1 0.916667 0.769231 0.846154 0.812500 0.812500       1     0.286458
    838   h1 0.727273 1.000000       1 0.916667 0.769231 0.846154 0.812500 0.812500       1     0.286458
    839   h1 0.587121 0.750000       1 0.352564 0.113960 0.120879 0.334559 0.142857       1     0.000102
    840   h1 1.000000 0.727273       1 0.750000 1.000000 0.769231 0.875000 0.812500       1     0.298295
    841   h1 1.000000 0.727273       1 0.750000 1.000000 0.769231 0.875000 0.812500       1     0.298295
    842   h1 1.000000 0.727273       1 0.750000 1.000000 0.769231 0.875000 0.812500       1     0.298295
    843   h1 0.833333 0.541667       1 0.256410 0.185185 0.107143 0.334559 0.225000       1     0.000173
    844   h1 0.818182 0.727273       1 0.750000 0.923077 0.769231 0.812500 0.812500       1     0.209194
    845   h1 0.818182 0.727273       1 0.750000 0.923077 0.769231 0.812500 0.812500       1     0.209194
    846   h1 0.818182 0.727273       1 0.750000 0.923077 0.750000 0.812500 0.812500       1     0.203964
    847   h1 0.681818 0.511364       1 0.250000 0.170940 0.052198 0.334559 0.216071       1     0.000056
    848   h1 0.712121 0.818182       1 0.750000 0.769231 0.769231 0.812500 0.812500       1     0.170697
    849   h1 0.727273 0.818182       1 0.750000 0.769231 0.769231 0.812500 0.812500       1     0.174329
    850   h1 0.727273 0.818182       1 0.730769 0.769231 0.769231 0.792279 0.812500       1     0.165631
    851   h1 0.439394 0.715909       1 0.333333 0.569801 0.384615 0.286765 0.116071       1     0.000765
    852   h1 0.666667 0.696970       1 0.750000 0.769231 0.964286 0.812500 0.812500       1     0.170645
    853   h1 0.727273 0.727273       1 0.750000 0.769231 0.936813 0.812500 0.812500       1     0.188718
    854   h1 0.727273 0.727273       1 0.750000 0.769231 0.975275 0.702206 0.742857       1     0.155242
    855   h1 0.727273 0.727273       1 0.519231 0.427350 0.500000 0.270221 0.339286       1     0.005380
    856   h1 0.666667 0.784091       1 0.750000 0.846154 1.000000 0.812500 0.812500       1     0.218994
    857   h1 0.727273 0.818182       1 0.750000 0.846154 1.000000 0.812500 0.812500       1     0.249290
    858   h1 0.636364 0.818182       1 0.500000 0.846154 1.000000 0.573529 0.510714       1     0.064522
    859   h1 0.363636 0.818182       1 0.173077 0.470085 0.500000 0.000000 0.000000       1     0.000000
    896   h1 0.916667 0.696970       1 0.750000 0.769231 0.741758 0.812500 0.812500       1     0.180490
    897   h1 1.000000 0.727273       1 0.750000 0.769231 0.769231 0.812500 0.812500       1     0.213068
    898   h1 1.000000 0.727273       1 0.750000 0.769231 0.769231 0.812500 0.812500       1     0.213068
    899   h1 1.000000 0.727273       1 0.519231 0.666667 0.423077 0.501838 0.441071       1     0.023575
    900   h1 0.166667 0.030303       1 0.000000 0.378917 0.049451 0.000000 0.000000       1     0.000000
    901   h1 0.833333 0.696970       1 0.750000 0.769231 0.815934 0.812500 0.812500       1     0.180490
    902   h1 0.909091 0.727273       1 0.750000 0.769231 0.846154 0.812500 0.812500       1     0.213068
    903   h1 0.909091 0.727273       1 0.750000 0.769231 0.846154 0.812500 0.812500       1     0.213068
    904   h1 0.909091 0.727273       1 0.519231 0.769231 0.846154 0.520221 0.437500       1     0.050855
    905   h1 0.151515 0.030303       1 0.000000 0.541311 0.543956 0.000000 0.000000       1     0.000000
    906   h1 0.666667 0.958333       1 0.916667 0.769231 0.741758 0.812500 0.875000       1     0.237568
    907   h1 0.727273 1.000000       1 0.916667 0.769231 0.769231 0.812500 0.875000       1     0.280449
    908   h1 0.727273 1.000000       1 0.916667 0.769231 0.769231 0.812500 0.875000       1     0.280449
    909   h1 0.727273 1.000000       1 0.634615 0.769231 0.769231 0.501838 0.475000       1     0.065100
    910   h1 0.121212 0.041667       1 0.000000 0.541311 0.494505 0.000000 0.000000       1     0.000000
    911   h1 0.958333 0.696970       1 1.000000 0.769231 0.741758 0.812500 0.812500       1     0.251592
    912   h1 1.000000 0.727273       1 1.000000 0.769231 0.769231 0.812500 0.812500       1     0.284091
    913   h1 1.000000 0.727273       1 1.000000 0.769231 0.769231 0.812500 0.812500       1     0.284091
    914   h1 1.000000 0.727273       1 0.692308 0.632479 0.769231 0.501838 0.419643       1     0.051587
    915   h1 0.166667 0.030303       1 0.000000 0.324786 0.494505 0.000000 0.000000       1     0.000000