 ChipID Half  Layer0   Layer1   Layer2   Layer3   Layer4   Layer5   Layer6  Layer7   Layer8  Pseaudo_Eff
    344   h0       1 0.871212 0.000000 0.480000 0.641026 0.000000 0.000000       1 0.000000     0.000000
    345   h0       1 0.965909 0.000000 0.500000 0.666667 0.000000 0.000000       1 0.000000     0.000000
    346   h0       1 0.708333 0.000000 0.280000 0.307692 0.000000 0.000000       1 0.000000     0.000000
    347   h0       1 0.784091 0.960000 0.720000 0.721154 0.962963 0.800000       1 0.764706     0.230246
    348   h0       1 0.818182 1.000000 0.750000 0.750000 1.000000 0.800000       1 0.823529     0.303209
    349   h0       1 0.579545 0.640000 0.420000 0.570513 0.407407 0.635294       1 0.390093     0.008973
    350   h0       1 0.958333 0.610909 0.240000 0.801282 0.888889 0.866667       1 0.058824     0.005102
    351   h0       1 1.000000 0.636364 0.250000 0.833333 0.923077 0.866667       1 0.058824     0.006239
    352   h0       1 0.708333 0.407273 0.140000 0.352564 0.376068 0.688235       1 0.027864     0.000103
    353   h0       1 0.000000 0.436364 0.000000 0.000000 0.074074 0.000000       1 0.000000     0.000000
    354   h0       1 0.000000 0.454545 0.000000 0.000000 0.076923 0.000000       1 0.000000     0.000000
    355   h0       1 0.000000 0.290909 0.000000 0.000000 0.031339 0.000000       1 0.000000     0.000000
    392   h0       1 0.696970 0.698182 0.800000 0.721154 0.814815 0.933333       1 0.823529     0.175823
    393   h0       1 0.727273 0.727273 0.833333 0.750000 0.846154 0.933333       1 0.823529     0.215001
    394   h0       1 0.647727 0.727273 0.448718 0.750000 0.846154 0.741176       1 0.390093     0.038785
    395   h0       1 0.454545 0.669091 0.000000 0.490385 0.501425 0.000000       1 0.000000     0.000000
    396   h0       1 0.696970 0.698182 0.960000 0.801282 0.740741 0.933333       1 0.882353     0.228341
    397   h0       1 0.727273 0.727273 1.000000 0.833333 0.769231 0.933333       1 0.860681     0.272364
    398   h0       1 0.727273 0.727273 1.000000 0.833333 0.769231 0.933333       1 0.823529     0.260607
    399   h0       1 0.727273 0.669091 0.769231 0.544872 0.455840 0.658824       1 0.238390     0.014602
    400   h0       1 0.727273 0.818182 0.750000 0.750000 0.769231 0.800000       1 0.823529     0.169627
    401   h0       1 0.727273 0.818182 0.750000 0.750000 0.769231 0.800000       1 0.823529     0.169627
    402   h0       1 0.727273 0.818182 0.680000 0.750000 0.769231 0.800000       1 0.823529     0.153795
    403   h0       1 0.454545 0.654545 0.115385 0.384615 0.598291 0.333333       1 0.043344     0.000114
    404   h0       1 0.818182 0.727273 0.833333 0.750000 0.846154 0.800000       1 0.823529     0.207322
    405   h0       1 0.818182 0.727273 0.833333 0.750000 0.846154 0.800000       1 0.823529     0.207322
    406   h0       1 0.818182 0.727273 0.833333 0.750000 0.846154 0.800000       1 0.823529     0.207322
    407   h0       1 0.681818 0.461818 0.384615 0.221154 0.188034 0.405882       1 0.068111     0.000139
    408   h0       1 1.000000 0.727273 1.000000 0.750000 1.000000 0.800000       1 0.823529     0.359358
    409   h0       1 1.000000 0.727273 1.000000 0.750000 1.000000 0.800000       1 0.823529     0.359358
    410   h0       1 1.000000 0.727273 1.000000 0.750000 1.000000 0.800000       1 0.823529     0.359358
    411   h0       1 0.875000 0.490909 0.461538 0.224359 0.222222 0.423529       1 0.065015     0.000272
    412   h0       1 0.727273 1.000000 0.750000 0.833333 0.769231 0.800000       1 0.823529     0.230358
    413   h0       1 0.727273 1.000000 0.750000 0.833333 0.769231 0.800000       1 0.823529     0.230358
    414   h0       1 0.727273 1.000000 0.750000 0.833333 0.769231 0.800000       1 0.767802     0.214770
    415   h0       1 0.587121 0.680000 0.317308 0.288462 0.142450 0.358824       1 0.038700     0.000072
    416   h0       1 0.689394 0.909091 0.750000 1.000000 0.769231 0.800000       1 0.823529     0.238211
    417   h0       1 0.727273 0.909091 0.750000 1.000000 0.769231 0.800000       1 0.823529     0.251300
    418   h0       1 0.727273 0.909091 0.730769 1.000000 0.769231 0.758824       1 0.823529     0.232253
    419   h0       1 0.545455 0.181818 0.201923 1.000000 0.643875 0.205882       1 0.255418     0.000678
    420   h0       1 0.696970 0.872727 0.960000 0.721154 0.712251 0.800000       1 0.823529     0.197603
    421   h0       1 0.727273 0.909091 1.000000 0.750000 0.769231 0.800000       1 0.823529     0.251300
    422   h0       1 0.727273 0.909091 1.000000 0.750000 0.769231 0.662745       1 0.606811     0.153399
    423   h0       1 0.727273 0.836364 0.800000 0.490385 0.455840 0.094118       1 0.119195     0.001220
    424   h0       1 0.696970 0.960000 0.720000 0.721154 0.925926 0.800000       1 0.823529     0.211929
    425   h0       1 0.727273 1.000000 0.750000 0.750000 1.000000 0.800000       1 0.823529     0.269519
    426   h0       1 0.674242 0.640000 0.420000 0.653846 1.000000 0.635294       1 0.390093     0.029367
    427   h0       1 0.545455 0.000000 0.000000 0.381410 0.592593 0.000000       1 0.000000     0.000000
    448   h0       1 0.958333 0.698182 0.720000 0.961538 0.740741 0.866667       1 0.823529     0.244896
    449   h0       1 1.000000 0.727273 0.750000 1.000000 0.769231 0.866667       1 0.823529     0.299465
    450   h0       1 1.000000 0.727273 0.750000 1.000000 0.769231 0.866667       1 0.823529     0.299465
    451   h0       1 1.000000 0.669091 0.576923 1.000000 0.643875 0.611765       1 0.572755     0.087088
    452   h0       1 0.166667 0.000000 0.000000 0.846154 0.341880 0.000000       1 0.061920     0.000000
    453   h0       1 0.696970 0.960000 0.720000 0.801282 0.740741 0.800000       1 0.823529     0.188382
    454   h0       1 0.727273 1.000000 0.750000 0.833333 0.769231 0.800000       1 0.823529     0.230358
    455   h0       1 0.727273 1.000000 0.750000 0.833333 0.769231 0.800000       1 0.823529     0.230358
    456   h0       1 0.727273 0.920000 0.600000 0.833333 0.769231 0.564706       1 0.823529     0.119678
    457   h0       1 0.121212 0.000000 0.000000 0.705128 0.569801 0.000000       1 0.108359     0.000000
    458   h0       1 0.784091 0.698182 0.720000 0.801282 0.769231 0.800000       1 0.823529     0.160058
    459   h0       1 0.909091 0.727273 0.750000 0.833333 0.769231 0.800000       1 0.823529     0.209416
    460   h0       1 0.909091 0.727273 0.750000 0.833333 0.769231 0.800000       1 0.823529     0.209416
    461   h0       1 0.909091 0.669091 0.600000 0.833333 0.769231 0.564706       1 0.823529     0.108798
    462   h0       1 0.151515 0.000000 0.000000 0.705128 0.569801 0.000000       1 0.108359     0.000000
    463   h0       1 0.958333 0.698182 0.800000 0.721154 0.732194 0.800000       1 0.823529     0.186208
    464   h0       1 1.000000 0.727273 0.833333 0.750000 0.769231 0.800000       1 0.823529     0.230358
    465   h0       1 1.000000 0.727273 0.833333 0.750000 0.769231 0.800000       1 0.856037     0.239451
    466   h0       1 1.000000 0.669091 0.666667 0.548077 0.675214 0.564706       1 0.255418     0.023810
    467   h0       1 0.166667 0.000000 0.000000 0.141026 0.398860 0.000000       1 0.000000     0.000000
    812   h1       1 0.916667 0.000000 0.400000 0.583333 0.000000 0.000000       1 0.000000     0.000000
    813   h1       1 1.000000 0.000000 0.416667 0.583333 0.059829 0.000000       1 0.000000     0.000000
    814   h1       1 0.750000 0.000000 0.216667 0.269231 0.031339 0.000000       1 0.000000     0.000000
    815   h1       1 0.750000 0.960000 0.720000 0.750000 1.000000 0.733333       1 0.764706     0.218033
    816   h1       1 0.818182 1.000000 0.750000 0.750000 0.940171 0.733333       1 0.764706     0.242647
    817   h1       1 0.613636 0.600000 0.420000 0.525641 0.376068 0.635294       1 0.342105     0.006644
    818   h1       1 0.916667 0.727273 0.333333 0.916667 1.000000 0.800000       1 0.106811     0.017406
    819   h1       1 1.000000 0.727273 0.333333 0.916667 0.940171 0.800000       1 0.058824     0.009832
    820   h1       1 0.750000 0.465455 0.173333 0.423077 0.376068 0.611765       1 0.026316     0.000155
    821   h1       1 0.000000 0.436364 0.000000 0.000000 0.000000 0.000000       1 0.000000     0.000000
    822   h1       1 0.000000 0.454545 0.000000 0.000000 0.059829 0.000000       1 0.000000     0.000000
    823   h1       1 0.000000 0.290909 0.000000 0.000000 0.031339 0.000000       1 0.000000     0.000000
    860   h1       1 0.666667 0.672727 0.880000 0.750000 0.923077 0.866667       1 0.823529     0.195012
    861   h1       1 0.727273 0.727273 0.916667 0.750000 0.923077 0.866667       1 0.823529     0.239572
    862   h1       1 0.636364 0.690909 0.476667 0.750000 0.923077 0.662745       1 0.368421     0.035427
    863   h1       1 0.363636 0.585455 0.000000 0.461538 0.512821 0.000000       1 0.000000     0.000000
    864   h1       1 0.666667 0.669091 1.000000 0.916667 0.769231 0.933333       1 0.823529     0.241756
    865   h1       1 0.727273 0.727273 1.000000 0.916667 0.769231 0.933333       1 0.823529     0.286668
    866   h1       1 0.727273 0.727273 1.000000 0.916667 0.769231 0.933333       1 0.823529     0.286668
    867   h1       1 0.727273 0.669091 0.769231 0.564103 0.427350 0.658824       1 0.216718     0.012884
    868   h1       1 0.715909 0.727273 0.750000 0.750000 0.769231 0.800000       1 0.823529     0.148424
    869   h1       1 0.727273 0.727273 0.750000 0.750000 0.769231 0.800000       1 0.823529     0.150780
    870   h1       1 0.727273 0.727273 0.660256 0.750000 0.769231 0.800000       1 0.823529     0.132738
    871   h1       1 0.367424 0.581818 0.115385 0.394231 0.569801 0.329412       1 0.021672     0.000040
    872   h1       1 0.818182 0.727273 0.916667 0.750000 0.846154 0.800000       1 0.823529     0.228054
    873   h1       1 0.818182 0.727273 0.916667 0.750000 0.846154 0.800000       1 0.823529     0.228054
    874   h1       1 0.818182 0.727273 0.916667 0.750000 0.846154 0.800000       1 0.823529     0.228054
    875   h1       1 0.681818 0.450909 0.423077 0.182692 0.156695 0.403922       1 0.044892     0.000068
    876   h1       1 1.000000 0.727273 1.000000 0.750000 1.000000 0.800000       1 0.823529     0.359358
    877   h1       1 1.000000 0.727273 1.000000 0.750000 1.000000 0.800000       1 0.823529     0.359358
    878   h1       1 1.000000 0.727273 1.000000 0.750000 1.000000 0.800000       1 0.823529     0.359358
    879   h1       1 0.833333 0.465455 0.461538 0.198718 0.222222 0.400000       1 0.043344     0.000137
    880   h1       1 0.727273 1.000000 0.750000 0.916667 0.846154 0.800000       1 0.823529     0.278733
    881   h1       1 0.727273 1.000000 0.750000 0.916667 0.846154 0.800000       1 0.823529     0.278733
    882   h1       1 0.727273 1.000000 0.750000 0.916667 0.846154 0.800000       1 0.773994     0.261967
    883   h1       1 0.587121 0.680000 0.288462 0.271605 0.125356 0.376471       1 0.037152     0.000055
    884   h1       1 0.681818 0.818182 0.750000 1.000000 0.769231 0.800000       1 0.823529     0.212034
    885   h1       1 0.727273 0.818182 0.750000 1.000000 0.769231 0.800000       1 0.823529     0.226170
    886   h1       1 0.727273 0.818182 0.733974 1.000000 0.769231 0.752941       1 0.823529     0.208317
    887   h1       1 0.606061 0.130909 0.259615 1.000000 0.678063 0.247059       1 0.253870     0.000876
    888   h1       1 0.666667 0.960000 1.000000 0.750000 0.846154 0.800000       1 0.823529     0.267584
    889   h1       1 0.727273 1.000000 1.000000 0.750000 0.786325 0.800000       1 0.801858     0.275136
    890   h1       1 0.727273 1.000000 1.000000 0.750000 0.817664 0.658824       1 0.602167     0.176937
    891   h1       1 0.727273 0.920000 0.769231 0.461538 0.470085 0.141176       1 0.123839     0.001952
    892   h1       1 0.666667 0.909091 0.750000 0.750000 0.923077 0.800000       1 0.837461     0.210829
    893   h1       1 0.727273 0.909091 0.750000 0.750000 0.923077 0.800000       1 0.882353     0.242325
    894   h1       1 0.704545 0.640000 0.390000 0.701923 0.923077 0.611765       1 0.394737     0.027515
    895   h1       1 0.636364 0.000000 0.000000 0.410256 0.512821 0.000000       1 0.000000     0.000000
    916   h1       1 0.916667 0.752727 0.750000 1.000000 0.769231 0.933333       1 0.823529     0.305973
    917   h1       1 1.000000 0.818182 0.750000 1.000000 0.769231 0.933333       1 0.823529     0.362814
    918   h1       1 1.000000 0.818182 0.750000 1.000000 0.769231 0.933333       1 0.823529     0.362814
    919   h1       1 1.000000 0.752727 0.570000 1.000000 0.666667 0.658824       1 0.530960     0.100058
    920   h1       1 0.166667 0.000000 0.000000 0.807692 0.398860 0.000000       1 0.054180     0.000000
    921   h1       1 0.666667 0.960000 0.733333 0.750000 0.769231 0.866667       1 0.823529     0.193255
    922   h1       1 0.727273 1.000000 0.750000 0.750000 0.769231 0.866667       1 0.823529     0.224599
    923   h1       1 0.727273 1.000000 0.750000 0.750000 0.769231 0.866667       1 0.823529     0.224599
    924   h1       1 0.727273 0.920000 0.576923 0.750000 0.769231 0.637255       1 0.823529     0.116873
    925   h1       1 0.121212 0.000000 0.000000 0.605769 0.569801 0.000000       1 0.108359     0.000000
    926   h1       1 0.833333 0.698182 0.721154 0.750000 0.769231 0.800000       1 0.823529     0.159479
    927   h1       1 0.909091 0.727273 0.750000 0.750000 0.769231 0.800000       1 0.823529     0.188475
    928   h1       1 0.909091 0.727273 0.750000 0.750000 0.769231 0.800000       1 0.823529     0.188475
    929   h1       1 0.909091 0.669091 0.576923 0.750000 0.769231 0.564706       1 0.823529     0.094152
    930   h1       1 0.151515 0.000000 0.000000 0.611111 0.569801 0.000000       1 0.108359     0.000000
    931   h1       1 0.833333 0.698182 0.881410 0.750000 0.692308 0.800000       1 0.823529     0.175426
    932   h1       1 0.909091 0.727273 0.916667 0.750000 0.754986 0.800000       1 0.825077     0.226517
    933   h1       1 0.909091 0.727273 0.916667 0.750000 0.723647 0.800000       1 0.823529     0.216707
    934   h1       1 0.909091 0.669091 0.705128 0.525641 0.589744 0.564706       1 0.235294     0.017666
    935   h1       1 0.151515 0.000000 0.000000 0.134615 0.341880 0.000000       1 0.000000     0.000000