ChipID	Half	Layer0	Layer1	Layer2	Layer3	Layer4	Layer5	Layer6	Layer7	Layer8	Peff(%)	Peff_Original(%)
332	h0	1	1	0.95	1	1	0.0	1.0	0.759	0.968	0.0	60.58
333	h0	1	1	1.0	1	1	0.0	1.0	0.769	1.0	0.0	69.9
334	h0	1	1	1.0	1	1	0.0	1.0	0.769	1.0	0.0	63.52
335	h0	1	1	0.665	1	1	0.0	0.846	0.743	0.968	0.0	35.12
336	h0	1	1	0.7	1	1	0.0	0.846	0.769	1.0	0.0	41.4
337	h0	1	1	0.7	1	1	0.0	0.846	0.769	1.0	0.0	41.4
338	h0	1	1	0.76	1	1	0.694	0.742	0.891	0.968	33.75	33.75
339	h0	1	1	0.765	1	1	0.727	0.846	0.923	1.0	43.43	43.43
340	h0	1	1	0.7	1	1	0.727	0.846	0.923	1.0	39.74	39.74
341	h0	1	1	0.95	1	1	0.694	1.0	0.966	1.0	63.69	63.69
342	h0	1	1	1.0	1	1	0.727	1.0	1.0	1.0	72.7	72.7
343	h0	1	1	1.0	1	1	0.719	1.0	1.0	1.0	71.9	71.9
356	h0	1	1	0.76	1	1	0.0	0.769	0.743	0.968	0.0	29.17
357	h0	1	1	0.8	1	1	0.0	0.769	0.769	1.0	0.0	34.39
358	h0	1	1	0.8	1	1	0.0	0.769	0.769	1.0	0.0	34.39
359	h0	1	1	0.8	1	1	0.0	0.725	0.316	1.0	0.0	13.32
360	h0	1	1	0.95	1	1	0.0	0.769	0.817	0.968	0.0	45.12
361	h0	1	1	1.0	1	1	0.0	0.769	0.846	1.0	0.0	53.22
362	h0	1	1	1.0	1	1	0.0	0.769	0.846	1.0	0.0	53.22
363	h0	1	1	1.0	1	1	0.0	0.769	0.846	1.0	0.0	53.22
364	h0	1	1	0.64	1	1	0.711	0.769	0.891	1.0	31.18	31.18
365	h0	1	1	0.8	1	1	0.727	0.769	0.923	1.0	41.28	41.28
366	h0	1	1	0.8	1	1	0.727	0.769	0.923	1.0	41.28	41.28
367	h0	1	1	0.8	1	1	0.727	0.769	0.923	1.0	41.28	41.28
368	h0	1	1	0.7	1	1	1.0	0.923	0.769	1.0	49.69	49.69
369	h0	1	1	0.7	1	1	1.0	0.923	0.769	1.0	49.69	49.69
370	h0	1	1	0.7	1	1	1.0	0.923	0.769	1.0	49.69	49.69
371	h0	1	1	0.7	1	1	1.0	0.923	0.769	1.0	49.69	49.69
372	h0	1	1	1.0	1	1	0.727	1.0	0.769	1.0	55.91	55.91
373	h0	1	1	1.0	1	1	0.727	1.0	0.769	1.0	55.91	55.91
374	h0	1	1	1.0	1	1	0.727	1.0	0.769	1.0	55.91	55.91
375	h0	1	1	1.0	1	1	0.727	1.0	0.769	1.0	55.91	55.91
376	h0	1	1	0.7	1	1	0.727	0.846	0.769	1.0	33.11	33.11
377	h0	1	1	0.7	1	1	0.727	0.846	0.769	1.0	33.11	33.11
378	h0	1	1	0.7	1	1	0.727	0.846	0.769	1.0	33.11	33.11
379	h0	1	1	0.7	1	1	0.727	0.846	0.769	1.0	33.11	33.11
380	h0	1	1	0.595	1	1	1.0	0.75	0.703	0.968	30.37	30.37
381	h0	1	1	0.7	1	1	1.0	0.769	0.769	1.0	41.4	41.4
382	h0	1	1	0.7	1	1	1.0	0.769	0.769	1.0	41.4	41.4
383	h0	1	1	0.7	1	1	1.0	0.769	0.769	1.0	41.4	41.4
384	h0	1	1	0.855	1	1	0.781	0.769	0.743	0.968	36.93	36.93
385	h0	1	1	0.9	1	1	0.818	0.769	0.769	1.0	43.54	43.54
386	h0	1	1	0.9	1	1	0.818	0.769	0.769	1.0	43.54	43.54
387	h0	1	1	0.9	1	1	0.818	0.769	0.769	1.0	43.54	43.54
388	h0	1	1	0.855	1	1	0.955	0.766	0.817	0.968	49.46	49.46
389	h0	1	1	0.9	1	1	1.0	0.769	0.846	1.0	58.55	58.55
390	h0	1	1	0.9	1	1	1.0	0.769	0.846	1.0	58.55	58.55
391	h0	1	1	0.9	1	1	1.0	0.725	0.846	1.0	55.2	55.2
428	h0	1	1	0.665	1	1	0.0	0.769	0.891	1.0	0.0	43.51
429	h0	1	1	0.7	1	1	0.0	0.769	0.923	1.0	0.0	49.69
430	h0	1	1	0.7	1	1	0.0	0.769	0.923	1.0	0.0	49.69
431	h0	1	1	0.7	1	1	0.0	0.769	0.923	1.0	0.0	49.69
432	h0	1	1	0.56	1	1	0.0	0.412	0.382	1.0	0.0	8.81
433	h0	1	1	0.95	1	1	0.521	0.67	0.966	1.0	32.03	42.67
434	h0	1	1	1.0	1	1	0.545	0.769	1.0	1.0	41.91	55.91
435	h0	1	1	1.0	1	1	0.545	0.769	1.0	1.0	41.91	55.91
436	h0	1	1	1.0	1	1	0.545	0.769	1.0	1.0	41.91	55.91
437	h0	1	1	0.8	1	1	0.545	0.484	0.414	1.0	8.74	11.65
438	h0	1	1	0.95	1	1	0.781	0.58	0.472	0.968	19.66	19.66
439	h0	1	1	1.0	1	1	0.818	0.769	0.769	1.0	48.37	48.37
440	h0	1	1	1.0	1	1	0.818	0.769	0.769	1.0	48.37	48.37
441	h0	1	1	1.0	1	1	0.818	0.769	0.769	1.0	48.37	48.37
442	h0	1	1	0.8	1	1	0.818	0.519	0.589	1.0	20.0	20.0
443	h0	1	1	0.665	1	1	0.694	0.769	0.743	1.0	26.37	26.37
444	h0	1	1	0.7	1	1	0.727	0.769	0.769	1.0	30.09	30.09
445	h0	1	1	0.7	1	1	0.727	0.769	0.769	1.0	30.09	30.09
446	h0	1	1	0.7	1	1	0.727	0.769	0.769	1.0	30.09	30.09
447	h0	1	1	0.56	1	1	0.727	0.412	0.318	1.0	5.33	5.33
800	h1	1	1	0.95	1	1	0.781	1.0	0.756	0.968	54.3	54.3
801	h1	1	1	1.0	1	1	0.818	1.0	0.769	1.0	62.9	62.9
802	h1	1	1	1.0	1	1	0.744	1.0	0.769	1.0	57.21	57.21
803	h1	1	1	0.76	1	1	0.955	0.846	0.743	0.968	44.16	44.16
804	h1	1	1	0.8	1	1	1.0	0.846	0.769	1.0	52.05	52.05
805	h1	1	1	0.8	1	1	1.0	0.846	0.769	1.0	52.05	52.05
806	h1	1	1	0.665	1	1	0.694	0.742	0.891	1.0	30.51	30.51
807	h1	1	1	0.7	1	1	0.727	0.769	0.923	1.0	36.12	36.12
808	h1	1	1	0.7	1	1	0.727	0.769	0.923	1.0	36.12	36.12
809	h1	1	1	0.95	1	1	0.694	0.923	0.966	0.968	56.9	56.9
810	h1	1	1	1.0	1	1	0.727	0.923	1.0	1.0	67.1	67.1
811	h1	1	1	1.0	1	1	0.719	0.923	1.0	1.0	66.36	66.36
824	h1	1	1	0.57	1	1	0.694	0.745	0.743	0.968	21.2	21.2
825	h1	1	1	0.6	1	1	0.727	0.769	0.769	1.0	25.8	25.8
826	h1	1	1	0.6	1	1	0.727	0.769	0.769	1.0	25.8	25.8
827	h1	1	1	0.6	1	1	0.727	0.728	0.316	1.0	10.03	10.03
828	h1	1	1	0.95	1	1	0.694	0.742	0.743	0.968	35.18	35.18
829	h1	1	1	1.0	1	1	0.727	0.769	0.769	1.0	42.99	42.99
830	h1	1	1	1.0	1	1	0.727	0.769	0.769	1.0	42.99	42.99
831	h1	1	1	1.0	1	1	0.727	0.769	0.769	1.0	42.99	42.99
832	h1	1	1	0.72	1	1	0.694	0.742	0.891	1.0	33.03	33.03
833	h1	1	1	0.9	1	1	0.727	0.769	0.923	1.0	46.44	46.44
834	h1	1	1	0.9	1	1	0.727	0.769	0.923	1.0	46.44	46.44
835	h1	1	1	0.9	1	1	0.727	0.769	0.923	0.933	43.33	43.33
836	h1	1	1	0.7	1	1	1.0	0.816	0.743	1.0	42.44	42.44
837	h1	1	1	0.7	1	1	1.0	0.846	0.769	1.0	45.54	45.54
838	h1	1	1	0.7	1	1	1.0	0.846	0.769	1.0	45.54	45.54
839	h1	1	1	0.7	1	1	1.0	0.846	0.769	0.933	42.49	42.49
840	h1	1	1	1.0	1	1	0.818	0.964	0.745	1.0	58.75	58.75
841	h1	1	1	1.0	1	1	0.818	1.0	0.769	1.0	62.9	62.9
842	h1	1	1	1.0	1	1	0.818	1.0	0.769	1.0	62.9	62.9
843	h1	1	1	1.0	1	1	0.818	1.0	0.769	0.933	58.69	58.69
844	h1	1	1	0.7	1	1	0.727	0.89	0.761	1.0	34.47	34.47
845	h1	1	1	0.7	1	1	0.727	0.923	0.769	1.0	36.12	36.12
846	h1	1	1	0.7	1	1	0.727	0.923	0.769	1.0	36.12	36.12
847	h1	1	1	0.7	1	1	0.727	0.923	0.769	0.933	33.7	33.7
848	h1	1	1	0.61	1	1	0.909	0.769	0.706	1.0	30.1	30.1
849	h1	1	1	0.7	1	1	0.909	0.769	0.769	1.0	37.63	37.63
850	h1	1	1	0.7	1	1	0.909	0.769	0.769	0.933	35.11	35.11
851	h1	1	1	0.685	1	1	0.909	0.769	0.769	1.0	36.82	36.82
852	h1	1	1	0.76	1	1	0.694	0.769	0.743	1.0	30.14	30.14
853	h1	1	1	0.8	1	1	0.727	0.769	0.769	1.0	34.39	34.39
854	h1	1	1	0.8	1	1	0.727	0.769	0.769	1.0	34.39	34.39
855	h1	1	1	0.8	1	1	0.727	0.769	0.769	1.0	34.39	34.39
856	h1	1	1	0.95	1	1	0.955	0.764	0.817	0.968	54.82	54.82
857	h1	1	1	1.0	1	1	1.0	0.769	0.846	1.0	65.06	65.06
858	h1	1	1	1.0	1	1	1.0	0.769	0.846	1.0	65.06	65.06
859	h1	1	1	1.0	1	1	1.0	0.687	0.846	1.0	58.12	58.12
896	h1	1	1	0.665	1	1	0.955	0.742	0.891	0.968	40.64	40.64
897	h1	1	1	0.7	1	1	1.0	0.769	0.923	1.0	49.69	49.69
898	h1	1	1	0.7	1	1	1.0	0.769	0.923	1.0	49.69	49.69
899	h1	1	1	0.7	1	1	1.0	0.769	0.923	1.0	49.69	49.69
900	h1	1	1	0.56	1	1	1.0	0.44	0.414	1.0	10.2	10.2
901	h1	1	1	0.855	1	1	0.694	0.593	0.966	0.968	32.9	32.9
902	h1	1	1	0.9	1	1	0.727	0.769	1.0	1.0	50.32	50.32
903	h1	1	1	0.9	1	1	0.727	0.769	1.0	1.0	50.32	50.32
904	h1	1	1	0.9	1	1	0.727	0.769	1.0	1.0	50.32	50.32
905	h1	1	1	0.72	1	1	0.727	0.538	0.448	1.0	12.62	12.62
906	h1	1	1	0.95	1	1	0.868	0.621	0.456	1.0	23.35	23.35
907	h1	1	1	1.0	1	1	0.909	0.769	0.769	1.0	53.75	53.75
908	h1	1	1	1.0	1	1	0.909	0.769	0.769	1.0	53.75	53.75
909	h1	1	1	1.0	1	1	0.909	0.769	0.769	1.0	53.75	53.75
910	h1	1	1	0.8	1	1	0.909	0.505	0.599	0.933	20.52	20.52
911	h1	1	1	0.665	1	1	0.694	0.758	0.743	1.0	25.99	25.99
912	h1	1	1	0.7	1	1	0.727	0.769	0.769	1.0	30.09	30.09
913	h1	1	1	0.7	1	1	0.727	0.769	0.769	1.0	30.09	30.09
914	h1	1	1	0.7	1	1	0.727	0.769	0.769	1.0	30.09	30.09
915	h1	1	1	0.56	1	1	0.727	0.44	0.345	1.0	6.18	6.18
