 ChipID Half   Layer0   Layer1  Layer2  Layer3   Layer4   Layer5   Layer6   Layer7   Layer8  Pseaudo_Eff
    344   h0 0.631579 0.842105   0.665       1 0.954545 0.668182 0.740741 0.846154 0.785714     0.111093
    345   h0 0.666667 0.888889   0.700       1 1.000000 0.700000 0.769231 0.846154 0.785714     0.148499
    346   h0 0.666667 0.888889   0.700       1 1.000000 0.700000 0.769231 0.846154 0.785714     0.148499
    347   h0 0.842105 0.842105   0.950       1 0.668182 0.859091 0.740741 0.769231 0.714286     0.157393
    348   h0 0.888889 0.888889   1.000       1 0.700000 0.900000 0.769231 0.769231 0.714286     0.210388
    349   h0 0.888889 0.888889   1.000       1 0.700000 0.900000 0.769231 0.769231 0.783410     0.230748
    350   h0 0.631579 0.947368   0.665       1 0.954545 0.727273 0.740741 0.769231 0.785714     0.123666
    351   h0 0.666667 1.000000   0.700       1 1.000000 0.800000 0.769231 0.769231 0.785714     0.173570
    352   h0 0.666667 1.000000   0.700       1 1.000000 0.800000 0.769231 0.769231 0.785714     0.173570
    353   h0 0.947368 0.631579   0.760       1 0.668182 0.645455 0.740741 0.923077 0.857143     0.114942
    354   h0 1.000000 0.666667   0.800       1 0.700000 0.700000 0.769231 0.923077 0.785714     0.145799
    355   h0 1.000000 0.666667   0.800       1 0.668182 0.700000 0.769231 0.923077 0.785714     0.139172
    392   h0 0.842105 0.631579   0.665       1 0.668182 0.954545 0.814815 0.769231 0.857143     0.121192
    393   h0 0.888889 0.666667   0.700       1 0.700000 1.000000 0.846154 0.769231 0.857143     0.161999
    394   h0 0.888889 0.666667   0.700       1 0.700000 1.000000 0.846154 0.769231 0.790323     0.149370
    395   h0 0.888889 0.666667   0.700       1 0.700000 1.000000 0.846154 0.675824 0.785714     0.130467
    396   h0 0.631579 0.947368   0.855       1 0.954545 0.668182 0.962963 0.769231 0.785714     0.189904
    397   h0 0.666667 1.000000   0.900       1 1.000000 0.700000 1.000000 0.769231 0.785714     0.253846
    398   h0 0.666667 1.000000   0.900       1 1.000000 0.700000 1.000000 0.769231 0.785714     0.253846
    399   h0 0.666667 1.000000   0.900       1 1.000000 0.700000 1.000000 0.769231 0.785714     0.253846
    400   h0 0.789474 0.614035   0.850       1 0.954545 0.654545 0.649573 0.769231 0.721198     0.092774
    401   h0 1.000000 0.777778   1.000       1 1.000000 0.700000 0.769231 0.769231 0.785714     0.253123
    402   h0 1.000000 0.777778   1.000       1 1.000000 0.700000 0.769231 0.769231 0.785714     0.253123
    403   h0 1.000000 0.777778   1.000       1 1.000000 0.700000 0.769231 0.769231 0.769585     0.247927
    404   h0 0.736842 0.666667   0.700       1 0.700000 0.700000 0.746439 0.923077 0.767281     0.089077
    405   h0 0.777778 0.666667   0.700       1 0.700000 0.700000 0.769231 0.923077 0.785714     0.099224
    406   h0 0.777778 0.666667   0.700       1 0.700000 0.700000 0.769231 0.923077 0.785714     0.099224
    407   h0 0.777778 0.666667   0.700       1 0.700000 0.700000 0.769231 0.923077 0.785714     0.099224
    408   h0 0.736842 0.947368   0.700       1 0.700000 1.000000 0.746439 1.000000 0.767281     0.195902
    409   h0 0.777778 1.000000   0.700       1 0.700000 1.000000 0.769231 1.000000 0.785714     0.230342
    410   h0 0.777778 1.000000   0.700       1 0.700000 1.000000 0.769231 1.000000 0.785714     0.230342
    411   h0 0.777778 1.000000   0.700       1 0.700000 1.000000 0.769231 1.000000 0.785714     0.230342
    412   h0 0.947368 0.654971   1.000       1 1.000000 0.700000 0.712251 0.923077 0.767281     0.219111
    413   h0 1.000000 0.666667   1.000       1 1.000000 0.700000 0.769231 0.923077 0.785714     0.260355
    414   h0 1.000000 0.666667   1.000       1 1.000000 0.700000 0.769231 0.923077 0.785714     0.260355
    415   h0 1.000000 0.666667   1.000       1 1.000000 0.700000 0.769231 0.923077 0.758065     0.251193
    416   h0 0.502924 0.684211   0.610       1 0.677273 0.618182 0.888889 0.769231 0.682028     0.040983
    417   h0 0.666667 1.000000   0.700       1 0.700000 0.700000 0.923077 0.769231 0.785714     0.127574
    418   h0 0.666667 1.000000   0.700       1 0.700000 0.700000 0.923077 0.769231 0.785714     0.127574
    419   h0 0.666667 1.000000   0.700       1 0.700000 0.700000 0.923077 0.769231 0.785714     0.127574
    420   h0 0.842105 0.947368   0.665       1 0.668182 0.659091 0.740741 0.769231 0.785714     0.104601
    421   h0 0.888889 1.000000   0.700       1 0.700000 0.700000 0.769231 0.769231 0.785714     0.141749
    422   h0 0.888889 1.000000   0.700       1 0.700000 0.700000 0.769231 0.769231 0.785714     0.141749
    423   h0 0.888889 1.000000   0.700       1 0.700000 0.700000 0.769231 0.769231 0.852535     0.153804
    424   h0 0.842105 0.631579   0.950       1 0.668182 0.909091 0.740741 0.769231 0.785714     0.137406
    425   h0 0.888889 0.666667   1.000       1 0.700000 1.000000 0.769231 0.769231 0.785714     0.192856
    426   h0 0.888889 0.666667   1.000       1 0.700000 1.000000 0.769231 0.769231 0.785714     0.192856
    427   h0 0.888889 0.666667   1.000       1 0.700000 1.000000 0.569801 0.675824 0.721198     0.115203
    448   h0 0.947368 0.631579   0.855       1 0.668182 0.763636 0.814815 0.769231 0.785714     0.128551
    449   h0 1.000000 0.666667   0.900       1 0.700000 0.800000 0.846154 0.769231 0.785714     0.171834
    450   h0 1.000000 0.666667   0.900       1 0.700000 0.800000 0.846154 0.769231 0.785714     0.171834
    451   h0 1.000000 0.666667   0.900       1 0.700000 0.800000 0.846154 0.769231 0.785714     0.171834
    452   h0 1.000000 0.666667   0.810       1 0.700000 0.800000 0.532764 0.384615 0.785714     0.048686
    453   h0 0.210526 0.947368   0.475       1 0.668182 0.954545 0.279202 0.642857 0.564516     0.006122
    454   h0 0.619883 1.000000   0.690       1 0.700000 1.000000 0.769231 0.769231 0.785714     0.139199
    455   h0 0.666667 1.000000   0.700       1 0.700000 1.000000 0.769231 0.769231 0.785714     0.151874
    456   h0 0.666667 1.000000   0.700       1 0.700000 1.000000 0.769231 0.769231 0.785714     0.151874
    457   h0 0.666667 1.000000   0.650       1 0.700000 1.000000 0.740741 0.461538 0.758065     0.078614
    458   h0 0.947368 0.736842   0.950       1 0.668182 0.954545 0.923077 0.670330 0.714286     0.186942
    459   h0 1.000000 0.777778   1.000       1 0.700000 1.000000 0.923077 0.769231 0.714286     0.276134
    460   h0 1.000000 0.777778   1.000       1 0.700000 1.000000 0.923077 0.769231 0.714286     0.276134
    461   h0 1.000000 0.777778   1.000       1 0.700000 1.000000 0.923077 0.769231 0.714286     0.276134
    462   h0 1.000000 0.777778   0.900       1 0.700000 1.000000 0.581197 0.461538 0.778802     0.102366
    463   h0 0.631579 0.631579   0.760       1 0.954545 0.668182 0.740741 0.769231 0.785714     0.086566
    464   h0 0.666667 0.666667   0.800       1 1.000000 0.700000 0.769231 0.769231 0.785714     0.115713
    465   h0 0.666667 0.666667   0.800       1 1.000000 0.700000 0.769231 0.769231 0.785714     0.115713
    466   h0 0.666667 0.666667   0.800       1 1.000000 0.700000 0.769231 0.769231 0.785714     0.115713
    467   h0 0.666667 0.666667   0.720       1 1.000000 0.700000 0.484330 0.384615 0.656682     0.027401
    812   h1 0.596491 0.947368   0.695       1 0.954545 0.800000 0.769231 0.846154 0.785714     0.153379
    813   h1 0.666667 1.000000   0.700       1 1.000000 0.750000 0.769231 0.846154 0.785714     0.178994
    814   h1 0.666667 1.000000   0.700       1 1.000000 0.686364 0.769231 0.846154 0.785714     0.163807
    815   h1 0.795322 0.736842   0.950       1 0.668182 0.900000 0.769231 0.769231 0.785714     0.155652
    816   h1 0.888889 0.777778   1.000       1 0.700000 0.900000 0.769231 0.769231 0.785714     0.202498
    817   h1 0.888889 0.777778   1.000       1 0.700000 0.900000 0.769231 0.769231 0.785714     0.202498
    818   h1 0.596491 0.947368   0.700       1 0.954545 0.800000 0.769231 0.769231 0.857143     0.153205
    819   h1 0.666667 1.000000   0.700       1 1.000000 0.800000 0.769231 0.769231 0.857143     0.189349
    820   h1 0.666667 1.000000   0.700       1 1.000000 0.800000 0.769231 0.769231 0.857143     0.189349
    821   h1 0.894737 0.631579   0.800       1 0.668182 0.700000 0.769231 0.923077 0.857143     0.128693
    822   h1 1.000000 0.666667   0.800       1 0.700000 0.650000 0.769231 0.923077 0.788018     0.135782
    823   h1 1.000000 0.666667   0.800       1 0.700000 0.595455 0.769231 0.923077 0.785714     0.124024
    860   h1 0.795322 0.631579   0.665       1 0.763636 1.000000 0.846154 0.769231 0.785714     0.130452
    861   h1 0.888889 0.666667   0.700       1 0.800000 1.000000 0.846154 0.769231 0.785714     0.169713
    862   h1 0.888889 0.666667   0.700       1 0.800000 1.000000 0.846154 0.769231 0.785714     0.169713
    863   h1 0.888889 0.666667   0.700       1 0.800000 1.000000 0.846154 0.620879 0.785714     0.136983
    864   h1 0.596491 0.947368   0.855       1 0.954545 0.700000 1.000000 0.769231 0.785714     0.195121
    865   h1 0.666667 1.000000   0.900       1 1.000000 0.700000 1.000000 0.769231 0.785714     0.253846
    866   h1 0.666667 1.000000   0.900       1 1.000000 0.700000 1.000000 0.769231 0.785714     0.253846
    867   h1 0.666667 1.000000   0.900       1 1.000000 0.700000 1.000000 0.769231 0.785714     0.253846
    868   h1 0.842105 0.573099   0.900       1 0.954545 0.677273 0.683761 0.846154 0.737327     0.119788
    869   h1 1.000000 0.777778   1.000       1 1.000000 0.700000 0.769231 0.846154 0.785714     0.278435
    870   h1 1.000000 0.777778   1.000       1 1.000000 0.700000 0.769231 0.769231 0.785714     0.253123
    871   h1 1.000000 0.777778   1.000       1 1.000000 0.700000 0.769231 0.846154 0.767281     0.271903
    872   h1 0.596491 0.666667   0.700       1 0.700000 0.700000 0.757835 0.923077 0.778802     0.074310
    873   h1 0.666667 0.666667   0.700       1 0.700000 0.700000 0.769231 0.923077 0.785714     0.085049
    874   h1 0.666667 0.666667   0.700       1 0.700000 0.700000 0.769231 0.923077 0.785714     0.085049
    875   h1 0.666667 0.666667   0.700       1 0.700000 0.700000 0.769231 0.923077 0.785714     0.085049
    876   h1 0.695906 1.000000   0.700       1 0.700000 1.000000 0.769231 1.000000 0.760369     0.199447
    877   h1 0.777778 1.000000   0.700       1 0.700000 1.000000 0.769231 1.000000 0.785714     0.230342
    878   h1 0.777778 1.000000   0.700       1 0.700000 1.000000 0.769231 1.000000 0.785714     0.230342
    879   h1 0.777778 1.000000   0.700       1 0.700000 1.000000 0.769231 1.000000 0.785714     0.230342
    880   h1 0.894737 0.649123   1.000       1 1.000000 0.700000 0.814815 0.846154 0.744240     0.208613
    881   h1 1.000000 0.666667   1.000       1 1.000000 0.700000 0.846154 0.846154 0.785714     0.262525
    882   h1 1.000000 0.666667   1.000       1 1.000000 0.700000 0.769231 0.846154 0.785714     0.238659
    883   h1 1.000000 0.666667   1.000       1 1.000000 0.700000 0.769231 0.846154 0.767281     0.233060
    884   h1 0.479532 0.736842   0.625       1 0.663636 0.618182 0.925926 0.747253 0.702765     0.044053
    885   h1 0.666667 1.000000   0.700       1 0.700000 0.700000 1.000000 0.769231 0.785714     0.138205
    886   h1 0.666667 1.000000   0.700       1 0.700000 0.700000 1.000000 0.769231 0.785714     0.138205
    887   h1 0.666667 1.000000   0.700       1 0.700000 0.700000 1.000000 0.769231 0.785714     0.138205
    888   h1 0.947368 0.947368   0.700       1 0.668182 0.600000 0.769231 0.769231 0.785714     0.117101
    889   h1 1.000000 1.000000   0.700       1 0.700000 0.650000 0.769231 0.769231 0.788018     0.148511
    890   h1 1.000000 1.000000   0.700       1 0.700000 0.695455 0.769231 0.769231 0.788018     0.158897
    891   h1 1.000000 1.000000   0.700       1 0.700000 0.600000 0.769231 0.769231 0.785714     0.136686
    892   h1 0.695906 0.631579   1.000       1 0.668182 1.000000 0.769231 0.769231 0.857143     0.148950
    893   h1 0.777778 0.666667   1.000       1 0.700000 1.000000 0.769231 0.769231 0.857143     0.184089
    894   h1 0.777778 0.666667   1.000       1 0.700000 1.000000 0.769231 0.769231 0.790323     0.169738
    895   h1 0.777778 0.666667   1.000       1 0.700000 1.000000 0.555556 0.670330 0.714286     0.096550
    916   h1 0.894737 0.631579   0.900       1 0.668182 0.800000 0.846154 0.769231 0.785714     0.139034
    917   h1 1.000000 0.666667   0.900       1 0.700000 0.800000 0.846154 0.769231 0.785714     0.171834
    918   h1 1.000000 0.666667   0.900       1 0.700000 0.800000 0.846154 0.769231 0.785714     0.171834
    919   h1 1.000000 0.666667   0.900       1 0.700000 0.800000 0.846154 0.769231 0.785714     0.171834
    920   h1 1.000000 0.666667   0.810       1 0.700000 0.800000 0.532764 0.376374 0.785714     0.047643
    921   h1 0.298246 0.947368   0.510       1 0.763636 1.000000 0.307692 0.706044 0.619816     0.014817
    922   h1 0.631579 1.000000   0.690       1 0.800000 1.000000 0.769231 0.769231 0.785714     0.162086
    923   h1 0.666667 1.000000   0.700       1 0.800000 1.000000 0.769231 0.769231 0.785714     0.173570
    924   h1 0.666667 1.000000   0.700       1 0.800000 1.000000 0.769231 0.769231 0.785714     0.173570
    925   h1 0.666667 1.000000   0.650       1 0.800000 1.000000 0.740741 0.398352 0.764977     0.078252
    926   h1 0.894737 0.631579   1.000       1 0.668182 1.000000 0.923077 0.620879 0.714286     0.154573
    927   h1 1.000000 0.666667   1.000       1 0.700000 1.000000 0.923077 0.769231 0.714286     0.236686
    928   h1 1.000000 0.666667   1.000       1 0.700000 1.000000 0.923077 0.769231 0.714286     0.236686
    929   h1 1.000000 0.666667   1.000       1 0.700000 1.000000 0.923077 0.769231 0.781106     0.258828
    930   h1 1.000000 0.666667   0.900       1 0.700000 1.000000 0.547009 0.500000 0.785714     0.090256
    931   h1 0.619883 0.736842   0.800       1 0.954545 0.700000 0.769231 0.769231 0.785714     0.113513
    932   h1 0.666667 0.777778   0.800       1 1.000000 0.700000 0.769231 0.769231 0.788018     0.135395
    933   h1 0.666667 0.777778   0.800       1 1.000000 0.700000 0.769231 0.769231 0.854839     0.146876
    934   h1 0.666667 0.777778   0.800       1 1.000000 0.700000 0.769231 0.769231 0.790323     0.135791
    935   h1 0.666667 0.777778   0.720       1 1.000000 0.700000 0.455840 0.370879 0.721198     0.031864