 ChipID Half   Layer0   Layer1  Layer2   Layer3   Layer4   Layer5   Layer6   Layer7  Layer8  Pseaudo_Eff
    332   h0 0.631579 0.950000   0.950 0.666667 0.668182 0.867769 0.964286 0.742706       1     0.157799
    333   h0 0.666667 1.000000   1.000 0.700000 0.700000 0.909091 1.000000 0.769231       1     0.228438
    334   h0 0.666667 1.000000   1.000 0.700000 0.700000 0.867769 1.000000 0.769231       1     0.218055
    335   h0 0.947368 0.633333   0.665 0.952381 0.668182 0.867769 0.890110 0.742706       1     0.145661
    336   h0 1.000000 0.666667   0.700 1.000000 0.700000 0.909091 0.923077 0.769231       1     0.210866
    337   h0 1.000000 0.666667   0.700 1.000000 0.700000 0.909091 0.923077 0.769231       1     0.210866
    338   h0 0.736842 0.950000   0.665 0.666667 0.954545 0.661157 0.741758 0.891247       1     0.129476
    339   h0 0.777778 1.000000   0.700 0.700000 1.000000 0.727273 0.769231 0.923077       1     0.196808
    340   h0 0.777778 1.000000   0.700 0.700000 1.000000 0.727273 0.769231 0.923077       1     0.196808
    341   h0 0.947368 0.633333   0.950 0.952381 0.668182 0.665289 0.890110 0.965517       1     0.207393
    342   h0 1.000000 0.666667   1.000 1.000000 0.700000 0.727273 0.923077 1.000000       1     0.313287
    343   h0 1.000000 0.666667   1.000 1.000000 0.677273 0.723140 0.923077 1.000000       1     0.301393
    356   h0 0.631579 0.950000   0.665 0.857143 0.954545 0.694215 0.741758 0.742706       1     0.124852
    357   h0 0.666667 1.000000   0.700 0.900000 1.000000 0.727273 0.769231 0.769231       1     0.180742
    358   h0 0.666667 1.000000   0.700 0.900000 1.000000 0.727273 0.769231 0.769231       1     0.180742
    359   h0 0.666667 1.000000   0.700 0.800000 1.000000 0.727273 0.769231 0.315650       1     0.065926
    360   h0 0.947368 0.738889   0.950 0.666667 0.668182 0.780992 0.741758 0.816976       1     0.140198
    361   h0 1.000000 0.777778   1.000 0.700000 0.700000 0.818182 0.769231 0.846154       1     0.202959
    362   h0 1.000000 0.777778   1.000 0.700000 0.700000 0.818182 0.769231 0.846154       1     0.202959
    363   h0 1.000000 0.777778   1.000 0.700000 0.700000 0.818182 0.769231 0.846154       1     0.202959
    364   h0 0.684211 0.533333   0.675 0.652381 0.604545 0.710744 0.744505 0.859416       1     0.044178
    365   h0 1.000000 0.666667   0.900 0.700000 0.700000 0.727273 0.769231 0.923077       1     0.151824
    366   h0 1.000000 0.666667   0.900 0.700000 0.700000 0.727273 0.769231 0.923077       1     0.151824
    367   h0 1.000000 0.666667   0.900 0.628571 0.700000 0.727273 0.769231 0.923077       1     0.136331
    368   h0 0.631579 1.000000   0.700 1.000000 0.700000 1.000000 0.846154 0.769231       1     0.201433
    369   h0 0.666667 1.000000   0.700 1.000000 0.700000 1.000000 0.846154 0.769231       1     0.212623
    370   h0 0.666667 1.000000   0.700 1.000000 0.700000 1.000000 0.846154 0.769231       1     0.212623
    371   h0 0.666667 1.000000   0.700 1.000000 0.700000 1.000000 0.846154 0.769231       1     0.212623
    372   h0 0.947368 0.777778   1.000 0.700000 1.000000 0.727273 0.964286 0.769231       1     0.278248
    373   h0 1.000000 0.777778   1.000 0.700000 1.000000 0.727273 1.000000 0.769231       1     0.304584
    374   h0 1.000000 0.777778   1.000 0.700000 1.000000 0.727273 1.000000 0.769231       1     0.304584
    375   h0 1.000000 0.777778   1.000 0.700000 1.000000 0.727273 1.000000 0.769231       1     0.304584
    376   h0 0.666667 0.638889   0.700 0.700000 0.800000 0.727273 0.923077 0.769231       1     0.086221
    377   h0 0.666667 0.666667   0.700 0.700000 0.800000 0.727273 0.923077 0.769231       1     0.089970
    378   h0 0.666667 0.666667   0.700 0.700000 0.800000 0.727273 0.923077 0.769231       1     0.089970
    379   h0 0.666667 0.666667   0.700 0.700000 0.800000 0.727273 0.923077 0.769231       1     0.089970
    380   h0 0.573099 0.850000   0.610 0.904762 0.663636 1.000000 0.769231 0.702918       1     0.096473
    381   h0 0.777778 1.000000   0.700 1.000000 0.700000 1.000000 0.769231 0.769231       1     0.225510
    382   h0 0.777778 1.000000   0.700 1.000000 0.700000 1.000000 0.769231 0.769231       1     0.225510
    383   h0 0.777778 1.000000   0.690 1.000000 0.700000 1.000000 0.769231 0.769231       1     0.222288
    384   h0 0.947368 0.844444   0.760 0.952381 0.668182 0.780992 0.741758 0.742706       1     0.166469
    385   h0 1.000000 0.888889   0.800 1.000000 0.700000 0.818182 0.769231 0.769231       1     0.240990
    386   h0 1.000000 0.888889   0.800 1.000000 0.700000 0.818182 0.769231 0.769231       1     0.240990
    387   h0 1.000000 0.888889   0.800 1.000000 0.700000 0.818182 0.769231 0.769231       1     0.240990
    388   h0 0.631579 0.633333   0.950 0.666667 0.859091 0.909091 0.741758 0.816976       1     0.119898
    389   h0 0.666667 0.666667   1.000 0.700000 0.900000 1.000000 0.769231 0.846154       1     0.182249
    390   h0 0.666667 0.666667   1.000 0.700000 0.900000 1.000000 0.769231 0.846154       1     0.182249
    391   h0 0.666667 0.666667   1.000 0.700000 0.900000 1.000000 0.681319 0.846154       1     0.161420
    428   h0 0.736842 0.633333   0.665 0.952381 0.668182 0.954545 0.741758 0.891247       1     0.124621
    429   h0 0.777778 0.666667   0.700 1.000000 0.700000 1.000000 0.769231 0.923077       1     0.180408
    430   h0 0.777778 0.666667   0.700 1.000000 0.700000 1.000000 0.769231 0.923077       1     0.180408
    431   h0 0.777778 0.666667   0.700 1.000000 0.700000 1.000000 0.769231 0.923077       1     0.180408
    432   h0 0.777778 0.666667   0.595 0.666667 0.700000 1.000000 0.412088 0.381963       1     0.022662
    433   h0 0.631579 0.950000   0.855 0.761905 0.954545 0.694215 0.593407 0.965517       1     0.148396
    434   h0 0.666667 1.000000   0.900 0.800000 1.000000 0.727273 0.769231 1.000000       1     0.268531
    435   h0 0.666667 1.000000   0.900 0.800000 1.000000 0.727273 0.769231 1.000000       1     0.268531
    436   h0 0.666667 1.000000   0.900 0.800000 1.000000 0.727273 0.769231 1.000000       1     0.268531
    437   h0 0.666667 1.000000   0.765 0.533333 1.000000 0.727273 0.519231 0.413793       1     0.042502
    438   h0 0.947368 0.422222   0.950 0.666667 0.954545 0.780992 0.615385 0.456233       1     0.053024
    439   h0 1.000000 0.644444   1.000 0.700000 1.000000 0.818182 0.769231 0.769231       1     0.218397
    440   h0 1.000000 0.666667   1.000 0.700000 1.000000 0.818182 0.769231 0.769231       1     0.225928
    441   h0 1.000000 0.666667   1.000 0.700000 1.000000 0.818182 0.769231 0.769231       1     0.225928
    442   h0 1.000000 0.666667   0.850 0.466667 1.000000 0.818182 0.483516 0.588859       1     0.061604
    443   h0 0.631579 0.844444   0.665 0.666667 0.859091 0.694215 0.741758 0.742706       1     0.077686
    444   h0 0.666667 0.888889   0.700 0.700000 0.900000 0.727273 0.769231 0.769231       1     0.112462
    445   h0 0.666667 0.888889   0.700 0.700000 0.900000 0.727273 0.769231 0.769231       1     0.112462
    446   h0 0.666667 0.888889   0.700 0.700000 0.900000 0.727273 0.769231 0.769231       1     0.112462
    447   h0 0.666667 1.000000   0.595 0.466667 0.900000 0.727273 0.412088 0.318302       1     0.015893
    800   h1 0.631579 0.900000   1.000 0.666667 0.700000 0.909091 1.000000 0.769231       1     0.185499
    801   h1 0.666667 1.000000   1.000 0.700000 0.700000 0.859504 1.000000 0.769231       1     0.215978
    802   h1 0.666667 1.000000   1.000 0.700000 0.690909 0.743802 1.000000 0.769231       1     0.184477
    803   h1 0.947368 0.600000   0.670 0.952381 0.800000 1.000000 0.846154 0.769231       1     0.188865
    804   h1 1.000000 0.666667   0.700 1.000000 0.800000 1.000000 0.846154 0.769231       1     0.242998
    805   h1 1.000000 0.666667   0.700 1.000000 0.800000 1.000000 0.846154 0.769231       1     0.242998
    806   h1 0.842105 0.900000   0.700 0.700000 0.900000 0.818182 0.769231 1.000000       1     0.210356
    807   h1 0.888889 1.000000   0.700 0.700000 0.900000 0.768595 0.769231 1.000000       1     0.231761
    808   h1 0.888889 1.000000   0.700 0.700000 0.900000 0.739669 0.769231 1.000000       1     0.223039
    809   h1 0.842105 0.600000   1.000 1.000000 0.700000 0.727273 0.923077 0.923077       1     0.219174
    810   h1 0.888889 0.666667   1.000 1.000000 0.700000 0.677686 0.923077 0.923077       1     0.239529
    811   h1 0.888889 0.666667   1.000 1.000000 0.681818 0.636364 0.923077 0.923077       1     0.219082
    824   h1 0.631579 0.900000   0.665 0.800000 1.000000 0.727273 0.769231 0.769231       1     0.130134
    825   h1 0.666667 1.000000   0.700 0.800000 1.000000 0.727273 0.769231 0.769231       1     0.160660
    826   h1 0.666667 1.000000   0.700 0.800000 1.000000 0.727273 0.769231 0.769231       1     0.160660
    827   h1 0.666667 1.000000   0.700 0.800000 1.000000 0.727273 0.725275 0.238727       1     0.047011
    828   h1 0.947368 0.600000   0.950 0.700000 0.700000 0.727273 0.769231 0.846154       1     0.125254
    829   h1 1.000000 0.666667   1.000 0.700000 0.700000 0.727273 0.769231 0.846154       1     0.154635
    830   h1 1.000000 0.666667   1.000 0.700000 0.700000 0.727273 0.769231 0.846154       1     0.154635
    831   h1 1.000000 0.666667   1.000 0.700000 0.700000 0.727273 0.769231 0.846154       1     0.154635
    832   h1 0.736842 0.550000   0.720 0.661905 0.604545 0.702479 0.744505 0.816976       1     0.049889
    833   h1 1.000000 0.666667   0.900 0.700000 0.700000 0.727273 0.769231 0.846154       1     0.139172
    834   h1 1.000000 0.666667   0.900 0.700000 0.700000 0.727273 0.769231 0.846154       1     0.139172
    835   h1 1.000000 0.666667   0.900 0.604762 0.700000 0.727273 0.769231 0.846154       1     0.120237
    836   h1 0.631579 0.950000   0.700 1.000000 0.700000 1.000000 0.846154 0.769231       1     0.191361
    837   h1 0.666667 1.000000   0.700 1.000000 0.700000 1.000000 0.846154 0.769231       1     0.212623
    838   h1 0.666667 1.000000   0.700 1.000000 0.700000 1.000000 0.846154 0.769231       1     0.212623
    839   h1 0.666667 1.000000   0.700 1.000000 0.700000 1.000000 0.846154 0.769231       1     0.212623
    840   h1 0.947368 0.777778   1.000 0.700000 1.000000 0.818182 1.000000 0.769231       1     0.324623
    841   h1 1.000000 0.777778   1.000 0.700000 1.000000 0.818182 1.000000 0.769231       1     0.342657
    842   h1 1.000000 0.666667   1.000 0.700000 1.000000 0.818182 1.000000 0.769231       1     0.293706
    843   h1 1.000000 0.666667   1.000 0.700000 1.000000 0.818182 1.000000 0.769231       1     0.293706
    844   h1 0.666667 0.633333   0.700 0.700000 0.700000 0.727273 0.923077 0.769231       1     0.074787
    845   h1 0.666667 0.666667   0.700 0.700000 0.700000 0.727273 0.923077 0.769231       1     0.078723
    846   h1 0.666667 0.666667   0.700 0.700000 0.700000 0.727273 0.923077 0.769231       1     0.078723
    847   h1 0.666667 0.666667   0.700 0.700000 0.700000 0.727273 0.923077 0.769231       1     0.078723
    848   h1 0.573099 0.850000   0.640 0.952381 0.677273 0.909091 0.769231 0.702918       1     0.098849
    849   h1 0.777778 1.000000   0.700 1.000000 0.700000 0.909091 0.769231 0.769231       1     0.205009
    850   h1 0.777778 1.000000   0.700 1.000000 0.700000 0.909091 0.769231 0.769231       1     0.205009
    851   h1 0.777778 1.000000   0.685 1.000000 0.700000 0.909091 0.769231 0.769231       1     0.200616
    852   h1 1.000000 0.700000   0.800 1.000000 0.700000 0.727273 0.769231 0.769231       1     0.168693
    853   h1 1.000000 0.777778   0.800 1.000000 0.700000 0.727273 0.769231 0.769231       1     0.187436
    854   h1 1.000000 0.777778   0.800 1.000000 0.700000 0.727273 0.769231 0.769231       1     0.187436
    855   h1 1.000000 0.777778   0.800 1.000000 0.700000 0.727273 0.769231 0.769231       1     0.187436
    856   h1 0.637427 0.600000   1.000 0.700000 0.900000 1.000000 0.769231 0.923077       1     0.171087
    857   h1 0.666667 0.666667   1.000 0.700000 0.900000 1.000000 0.769231 0.923077       1     0.198817
    858   h1 0.666667 0.666667   1.000 0.700000 0.900000 1.000000 0.769231 0.923077       1     0.198817
    859   h1 0.666667 0.666667   1.000 0.700000 0.900000 1.000000 0.681319 0.923077       1     0.176095
    896   h1 0.631579 0.700000   0.685 1.000000 0.700000 1.000000 0.769231 1.000000       1     0.163069
    897   h1 0.666667 0.777778   0.700 1.000000 0.700000 1.000000 0.769231 1.000000       1     0.195442
    898   h1 0.666667 0.777778   0.700 1.000000 0.700000 1.000000 0.769231 1.000000       1     0.195442
    899   h1 0.666667 0.777778   0.700 1.000000 0.700000 1.000000 0.769231 1.000000       1     0.195442
    900   h1 0.666667 0.777778   0.560 0.619048 0.700000 1.000000 0.425824 0.448276       1     0.024019
    901   h1 0.631579 0.900000   0.900 0.761905 1.000000 0.727273 0.620879 1.000000       1     0.176002
    902   h1 0.777778 1.000000   0.900 0.800000 1.000000 0.727273 0.769231 1.000000       1     0.313287
    903   h1 0.777778 1.000000   0.900 0.700000 1.000000 0.727273 0.769231 0.923077       1     0.253039
    904   h1 0.777778 1.000000   0.900 0.700000 1.000000 0.727273 0.769231 0.923077       1     0.253039
    905   h1 0.777778 1.000000   0.720 0.433333 1.000000 0.727273 0.538462 0.381963       1     0.036298
    906   h1 0.947368 0.300000   1.000 0.700000 1.000000 0.909091 0.642857 0.435013       1     0.050578
    907   h1 1.000000 0.633333   1.000 0.700000 1.000000 0.909091 0.769231 0.769231       1     0.238479
    908   h1 1.000000 0.666667   1.000 0.700000 1.000000 0.909091 0.769231 0.769231       1     0.251031
    909   h1 1.000000 0.666667   1.000 0.700000 1.000000 0.909091 0.769231 0.769231       1     0.251031
    910   h1 1.000000 0.666667   0.800 0.433333 1.000000 0.909091 0.483516 0.641910       1     0.065210
    911   h1 0.643275 0.900000   0.700 0.700000 0.800000 0.727273 0.769231 0.769231       1     0.097664
    912   h1 0.666667 1.000000   0.700 0.700000 0.800000 0.727273 0.769231 0.769231       1     0.112462
    913   h1 0.666667 1.000000   0.700 0.700000 0.800000 0.727273 0.769231 0.769231       1     0.112462
    914   h1 0.666667 1.000000   0.700 0.700000 0.800000 0.727273 0.769231 0.769231       1     0.112462
    915   h1 0.666667 1.000000   0.560 0.433333 0.800000 0.727273 0.412088 0.339523       1     0.013169