 ChipID Half  Layer0   Layer1   Layer2   Layer3  Layer4   Layer5  Layer6   Layer7   Layer8  Pseaudo_Eff
    344   h0       1 0.871212 0.000000 0.480000       1 0.000000       1 0.062500 0.000000     0.000000
    345   h0       1 0.965909 0.000000 0.500000       1 0.000000       1 0.062500 0.000000     0.000000
    346   h0       1 0.708333 0.000000 0.280000       1 0.000000       1 0.044643 0.000000     0.000000
    347   h0       1 0.784091 0.960000 0.720000       1 0.962963       1 0.812500 0.764706     0.324263
    348   h0       1 0.818182 1.000000 0.750000       1 1.000000       1 0.812500 0.823529     0.410595
    349   h0       1 0.579545 0.640000 0.420000       1 0.407407       1 0.580357 0.390093     0.014368
    350   h0       1 0.958333 0.610909 0.240000       1 0.888889       1 0.125000 0.058824     0.000918
    351   h0       1 1.000000 0.636364 0.250000       1 0.923077       1 0.125000 0.058824     0.001080
    352   h0       1 0.708333 0.407273 0.140000       1 0.376068       1 0.089286 0.027864     0.000038
    353   h0       1 0.000000 0.436364 0.000000       1 0.074074       1 0.000000 0.000000     0.000000
    354   h0       1 0.000000 0.454545 0.000000       1 0.076923       1 0.000000 0.000000     0.000000
    355   h0       1 0.000000 0.290909 0.000000       1 0.031339       1 0.000000 0.000000     0.000000
    392   h0       1 0.696970 0.698182 0.800000       1 0.814815       1 0.812500 0.823529     0.212243
    393   h0       1 0.727273 0.727273 0.833333       1 0.846154       1 0.812500 0.823529     0.249554
    394   h0       1 0.647727 0.727273 0.448718       1 0.846154       1 0.580357 0.390093     0.040493
    395   h0       1 0.454545 0.669091 0.000000       1 0.501425       1 0.000000 0.000000     0.000000
    396   h0       1 0.696970 0.698182 0.960000       1 0.740741       1 0.812500 0.882353     0.248076
    397   h0       1 0.727273 0.727273 1.000000       1 0.769231       1 0.812500 0.860681     0.284523
    398   h0       1 0.727273 0.727273 1.000000       1 0.769231       1 0.687500 0.823529     0.230358
    399   h0       1 0.727273 0.669091 0.769231       1 0.455840       1 0.225000 0.238390     0.009152
    400   h0       1 0.727273 0.818182 0.750000       1 0.769231       1 0.812500 0.823529     0.229703
    401   h0       1 0.727273 0.818182 0.750000       1 0.769231       1 0.812500 0.823529     0.229703
    402   h0       1 0.727273 0.818182 0.680000       1 0.769231       1 0.792857 0.823529     0.203229
    403   h0       1 0.454545 0.654545 0.115385       1 0.598291       1 0.278571 0.043344     0.000248
    404   h0       1 0.818182 0.727273 0.833333       1 0.846154       1 0.875000 0.823529     0.302345
    405   h0       1 0.818182 0.727273 0.833333       1 0.846154       1 0.875000 0.823529     0.302345
    406   h0       1 0.818182 0.727273 0.833333       1 0.846154       1 0.875000 0.823529     0.302345
    407   h0       1 0.681818 0.461818 0.384615       1 0.188034       1 0.350000 0.068111     0.000543
    408   h0       1 1.000000 0.727273 1.000000       1 1.000000       1 0.875000 0.823529     0.524064
    409   h0       1 1.000000 0.727273 1.000000       1 1.000000       1 0.875000 0.823529     0.524064
    410   h0       1 1.000000 0.727273 1.000000       1 1.000000       1 0.875000 0.823529     0.524064
    411   h0       1 0.875000 0.490909 0.461538       1 0.222222       1 0.350000 0.065015     0.001003
    412   h0       1 0.727273 1.000000 0.750000       1 0.769231       1 0.812500 0.823529     0.280749
    413   h0       1 0.727273 1.000000 0.750000       1 0.769231       1 0.812500 0.823529     0.280749
    414   h0       1 0.727273 1.000000 0.750000       1 0.769231       1 0.812500 0.767802     0.261751
    415   h0       1 0.587121 0.680000 0.317308       1 0.142450       1 0.325000 0.038700     0.000227
    416   h0       1 0.689394 0.909091 0.750000       1 0.769231       1 0.812500 0.823529     0.241933
    417   h0       1 0.727273 0.909091 0.750000       1 0.769231       1 0.812500 0.823529     0.255226
    418   h0       1 0.727273 0.909091 0.730769       1 0.769231       1 0.787500 0.823529     0.241030
    419   h0       1 0.545455 0.181818 0.201923       1 0.643875       1 0.235714 0.255418     0.000776
    420   h0       1 0.696970 0.872727 0.960000       1 0.712251       1 0.812500 0.823529     0.278291
    421   h0       1 0.727273 0.909091 1.000000       1 0.769231       1 0.812500 0.823529     0.340301
    422   h0       1 0.727273 0.909091 1.000000       1 0.769231       1 0.687500 0.606811     0.212172
    423   h0       1 0.727273 0.836364 0.800000       1 0.455840       1 0.225000 0.119195     0.005949
    424   h0       1 0.696970 0.960000 0.720000       1 0.925926       1 0.812500 0.823529     0.298467
    425   h0       1 0.727273 1.000000 0.750000       1 1.000000       1 0.812500 0.823529     0.364973
    426   h0       1 0.674242 0.640000 0.420000       1 1.000000       1 0.580357 0.390093     0.041031
    427   h0       1 0.545455 0.000000 0.000000       1 0.592593       1 0.000000 0.000000     0.000000
    448   h0       1 0.958333 0.698182 0.720000       1 0.740741       1 0.812500 0.823529     0.238774
    449   h0       1 1.000000 0.727273 0.750000       1 0.769231       1 0.812500 0.823529     0.280749
    450   h0       1 1.000000 0.727273 0.750000       1 0.769231       1 0.812500 0.823529     0.280749
    451   h0       1 1.000000 0.669091 0.576923       1 0.643875       1 0.487500 0.572755     0.069398
    452   h0       1 0.166667 0.000000 0.000000       1 0.341880       1 0.000000 0.061920     0.000000
    453   h0       1 0.696970 0.960000 0.720000       1 0.740741       1 0.812500 0.823529     0.238774
    454   h0       1 0.727273 1.000000 0.750000       1 0.769231       1 0.812500 0.823529     0.280749
    455   h0       1 0.727273 1.000000 0.750000       1 0.769231       1 0.812500 0.823529     0.280749
    456   h0       1 0.727273 0.920000 0.600000       1 0.769231       1 0.487500 0.823529     0.123979
    457   h0       1 0.121212 0.000000 0.000000       1 0.569801       1 0.000000 0.108359     0.000000
    458   h0       1 0.784091 0.698182 0.720000       1 0.769231       1 0.812500 0.823529     0.202874
    459   h0       1 0.909091 0.727273 0.750000       1 0.769231       1 0.812500 0.823529     0.255226
    460   h0       1 0.909091 0.727273 0.750000       1 0.769231       1 0.812500 0.823529     0.255226
    461   h0       1 0.909091 0.669091 0.600000       1 0.769231       1 0.487500 0.823529     0.112708
    462   h0       1 0.151515 0.000000 0.000000       1 0.569801       1 0.000000 0.108359     0.000000
    463   h0       1 0.958333 0.698182 0.800000       1 0.732194       1 0.812500 0.823529     0.262243
    464   h0       1 1.000000 0.727273 0.833333       1 0.769231       1 0.812500 0.823529     0.311943
    465   h0       1 1.000000 0.727273 0.833333       1 0.769231       1 0.812500 0.856037     0.324256
    466   h0       1 1.000000 0.669091 0.666667       1 0.675214       1 0.487500 0.255418     0.037503
    467   h0       1 0.166667 0.000000 0.000000       1 0.398860       1 0.000000 0.000000     0.000000
    812   h1       1 0.916667 0.000000 0.400000       1 0.000000       1 0.062500 0.000000     0.000000
    813   h1       1 1.000000 0.000000 0.416667       1 0.059829       1 0.062500 0.000000     0.000000
    814   h1       1 0.750000 0.000000 0.216667       1 0.031339       1 0.042857 0.000000     0.000000
    815   h1       1 0.750000 0.960000 0.720000       1 1.000000       1 0.812500 0.764706     0.322094
    816   h1       1 0.818182 1.000000 0.750000       1 0.940171       1 0.812500 0.764706     0.358456
    817   h1       1 0.613636 0.600000 0.420000       1 0.376068       1 0.580357 0.342105     0.011546
    818   h1       1 0.916667 0.727273 0.333333       1 1.000000       1 0.187500 0.106811     0.004450
    819   h1       1 1.000000 0.727273 0.333333       1 0.940171       1 0.187500 0.058824     0.002514
    820   h1       1 0.750000 0.465455 0.173333       1 0.376068       1 0.133929 0.026316     0.000080
    821   h1       1 0.000000 0.436364 0.000000       1 0.000000       1 0.000000 0.000000     0.000000
    822   h1       1 0.000000 0.454545 0.000000       1 0.059829       1 0.000000 0.000000     0.000000
    823   h1       1 0.000000 0.290909 0.000000       1 0.031339       1 0.000000 0.000000     0.000000
    860   h1       1 0.666667 0.672727 0.880000       1 0.923077       1 0.812500 0.823529     0.243765
    861   h1       1 0.727273 0.727273 0.916667       1 0.923077       1 0.812500 0.823529     0.299465
    862   h1       1 0.636364 0.690909 0.476667       1 0.923077       1 0.557143 0.368421     0.039709
    863   h1       1 0.363636 0.585455 0.000000       1 0.512821       1 0.000000 0.000000     0.000000
    864   h1       1 0.666667 0.669091 1.000000       1 0.769231       1 0.812500 0.823529     0.229590
    865   h1       1 0.727273 0.727273 1.000000       1 0.769231       1 0.812500 0.823529     0.272241
    866   h1       1 0.727273 0.727273 1.000000       1 0.769231       1 0.675000 0.823529     0.226170
    867   h1       1 0.727273 0.669091 0.769231       1 0.427350       1 0.235714 0.216718     0.008172
    868   h1       1 0.715909 0.727273 0.750000       1 0.769231       1 0.812500 0.823529     0.200991
    869   h1       1 0.727273 0.727273 0.750000       1 0.769231       1 0.812500 0.823529     0.204181
    870   h1       1 0.727273 0.727273 0.660256       1 0.769231       1 0.769643 0.823529     0.170268
    871   h1       1 0.367424 0.581818 0.115385       1 0.569801       1 0.255357 0.021672     0.000078
    872   h1       1 0.818182 0.727273 0.916667       1 0.846154       1 0.812500 0.823529     0.308824
    873   h1       1 0.818182 0.727273 0.916667       1 0.846154       1 0.812500 0.823529     0.308824
    874   h1       1 0.818182 0.727273 0.916667       1 0.846154       1 0.812500 0.823529     0.308824
    875   h1       1 0.681818 0.450909 0.423077       1 0.156695       1 0.325000 0.044892     0.000297
    876   h1       1 1.000000 0.727273 1.000000       1 1.000000       1 0.875000 0.823529     0.524064
    877   h1       1 1.000000 0.727273 1.000000       1 1.000000       1 0.875000 0.823529     0.524064
    878   h1       1 1.000000 0.727273 1.000000       1 1.000000       1 0.875000 0.823529     0.524064
    879   h1       1 0.833333 0.465455 0.461538       1 0.222222       1 0.350000 0.043344     0.000604
    880   h1       1 0.727273 1.000000 0.750000       1 0.846154       1 0.812500 0.823529     0.308824
    881   h1       1 0.727273 1.000000 0.750000       1 0.846154       1 0.812500 0.823529     0.308824
    882   h1       1 0.727273 1.000000 0.750000       1 0.846154       1 0.812500 0.773994     0.290248
    883   h1       1 0.587121 0.680000 0.288462       1 0.125356       1 0.325000 0.037152     0.000174
    884   h1       1 0.681818 0.818182 0.750000       1 0.769231       1 0.812500 0.823529     0.215347
    885   h1       1 0.727273 0.818182 0.750000       1 0.769231       1 0.812500 0.823529     0.229703
    886   h1       1 0.727273 0.818182 0.733974       1 0.769231       1 0.801786 0.823529     0.221831
    887   h1       1 0.606061 0.130909 0.259615       1 0.678063       1 0.255357 0.253870     0.000905
    888   h1       1 0.666667 0.960000 1.000000       1 0.846154       1 0.812500 0.823529     0.362353
    889   h1       1 0.727273 1.000000 1.000000       1 0.786325       1 0.812500 0.801858     0.372580
    890   h1       1 0.727273 1.000000 1.000000       1 0.817664       1 0.675000 0.602167     0.241709
    891   h1       1 0.727273 0.920000 0.769231       1 0.470085       1 0.235714 0.123839     0.007063
    892   h1       1 0.666667 0.909091 0.750000       1 0.923077       1 0.812500 0.837461     0.285498
    893   h1       1 0.727273 0.909091 0.750000       1 0.923077       1 0.812500 0.882353     0.328148
    894   h1       1 0.704545 0.640000 0.390000       1 0.923077       1 0.557143 0.394737     0.035700
    895   h1       1 0.636364 0.000000 0.000000       1 0.512821       1 0.000000 0.000000     0.000000
    916   h1       1 0.916667 0.752727 0.750000       1 0.769231       1 0.812500 0.823529     0.266360
    917   h1       1 1.000000 0.818182 0.750000       1 0.769231       1 0.812500 0.823529     0.315842
    918   h1       1 1.000000 0.818182 0.750000       1 0.769231       1 0.812500 0.823529     0.315842
    919   h1       1 1.000000 0.752727 0.570000       1 0.666667       1 0.510714 0.530960     0.077564
    920   h1       1 0.166667 0.000000 0.000000       1 0.398860       1 0.000000 0.054180     0.000000
    921   h1       1 0.666667 0.960000 0.733333       1 0.769231       1 0.812500 0.823529     0.241569
    922   h1       1 0.727273 1.000000 0.750000       1 0.769231       1 0.812500 0.823529     0.280749
    923   h1       1 0.727273 1.000000 0.750000       1 0.769231       1 0.812500 0.823529     0.280749
    924   h1       1 0.727273 0.920000 0.576923       1 0.769231       1 0.492857 0.823529     0.120520
    925   h1       1 0.121212 0.000000 0.000000       1 0.569801       1 0.000000 0.108359     0.000000
    926   h1       1 0.833333 0.698182 0.721154       1 0.769231       1 0.812500 0.823529     0.215961
    927   h1       1 0.909091 0.727273 0.750000       1 0.769231       1 0.812500 0.823529     0.255226
    928   h1       1 0.909091 0.727273 0.750000       1 0.769231       1 0.812500 0.823529     0.255226
    929   h1       1 0.909091 0.669091 0.576923       1 0.769231       1 0.505357 0.823529     0.112343
    930   h1       1 0.151515 0.000000 0.000000       1 0.569801       1 0.000000 0.108359     0.000000
    931   h1       1 0.833333 0.698182 0.881410       1 0.692308       1 0.812500 0.823529     0.237557
    932   h1       1 0.909091 0.727273 0.916667       1 0.754986       1 0.812500 0.825077     0.306742
    933   h1       1 0.909091 0.727273 0.916667       1 0.723647       1 0.812500 0.823529     0.293457
    934   h1       1 0.909091 0.669091 0.705128       1 0.589744       1 0.496429 0.235294     0.029546
    935   h1       1 0.151515 0.000000 0.000000       1 0.341880       1 0.000000 0.000000     0.000000