 ChipID Half   Layer0  Layer1  Layer2   Layer3   Layer4   Layer5   Layer6   Layer7  Layer8  Pseaudo_Eff
    344   h0 0.434783       1       1 0.480000 0.641026 0.000000 0.000000 0.062500       1     0.000000
    345   h0 0.454545       1       1 0.500000 0.666667 0.000000 0.000000 0.062500       1     0.000000
    346   h0 0.355731       1       1 0.280000 0.307692 0.000000 0.000000 0.044643       1     0.000000
    347   h0 0.695652       1       1 0.720000 0.721154 0.962963 0.800000 0.812500       1     0.226087
    348   h0 0.727273       1       1 0.750000 0.750000 1.000000 0.800000 0.812500       1     0.265909
    349   h0 0.569170       1       1 0.420000 0.570513 0.407407 0.635294 0.580357       1     0.020486
    350   h0 0.695652       1       1 0.240000 0.801282 0.888889 0.866667 0.125000       1     0.012882
    351   h0 0.727273       1       1 0.250000 0.833333 0.923077 0.866667 0.125000       1     0.015152
    352   h0 0.600791       1       1 0.140000 0.352564 0.376068 0.688235 0.089286       1     0.000685
    353   h0 0.956522       1       1 0.000000 0.000000 0.074074 0.000000 0.000000       1     0.000000
    354   h0 1.000000       1       1 0.000000 0.000000 0.076923 0.000000 0.000000       1     0.000000
    355   h0 0.826087       1       1 0.000000 0.000000 0.031339 0.000000 0.000000       1     0.000000
    392   h0 0.956522       1       1 0.800000 0.721154 0.814815 0.933333 0.812500       1     0.340982
    393   h0 1.000000       1       1 0.833333 0.750000 0.846154 0.933333 0.812500       1     0.401042
    394   h0 1.000000       1       1 0.448718 0.750000 0.846154 0.741176 0.580357       1     0.122490
    395   h0 1.000000       1       1 0.000000 0.490385 0.501425 0.000000 0.000000       1     0.000000
    396   h0 0.695652       1       1 0.960000 0.801282 0.740741 0.933333 0.812500       1     0.300590
    397   h0 0.727273       1       1 1.000000 0.833333 0.769231 0.933333 0.812500       1     0.353535
    398   h0 0.727273       1       1 1.000000 0.833333 0.769231 0.933333 0.687500       1     0.299145
    399   h0 0.727273       1       1 0.769231 0.544872 0.455840 0.658824 0.225000       1     0.020597
    400   h0 0.909091       1       1 0.750000 0.750000 0.769231 0.800000 0.812500       1     0.255682
    401   h0 0.909091       1       1 0.750000 0.750000 0.769231 0.800000 0.812500       1     0.255682
    402   h0 0.909091       1       1 0.680000 0.750000 0.769231 0.800000 0.792857       1     0.226214
    403   h0 0.909091       1       1 0.115385 0.384615 0.598291 0.333333 0.278571       1     0.002241
    404   h0 0.727273       1       1 0.833333 0.750000 0.846154 0.800000 0.875000       1     0.269231
    405   h0 0.727273       1       1 0.833333 0.750000 0.846154 0.800000 0.875000       1     0.269231
    406   h0 0.727273       1       1 0.833333 0.750000 0.846154 0.800000 0.875000       1     0.269231
    407   h0 0.703557       1       1 0.384615 0.221154 0.188034 0.405882 0.350000       1     0.001599
    408   h0 0.727273       1       1 1.000000 0.750000 1.000000 0.800000 0.875000       1     0.381818
    409   h0 0.727273       1       1 1.000000 0.750000 1.000000 0.800000 0.875000       1     0.381818
    410   h0 0.727273       1       1 1.000000 0.750000 1.000000 0.800000 0.875000       1     0.381818
    411   h0 0.723320       1       1 0.461538 0.224359 0.222222 0.423529 0.350000       1     0.002467
    412   h0 1.000000       1       1 0.750000 0.833333 0.769231 0.800000 0.812500       1     0.312500
    413   h0 1.000000       1       1 0.750000 0.833333 0.769231 0.800000 0.812500       1     0.312500
    414   h0 1.000000       1       1 0.750000 0.833333 0.769231 0.800000 0.812500       1     0.312500
    415   h0 1.000000       1       1 0.317308 0.288462 0.142450 0.358824 0.325000       1     0.001521
    416   h0 0.727273       1       1 0.750000 1.000000 0.769231 0.800000 0.812500       1     0.272727
    417   h0 0.727273       1       1 0.750000 1.000000 0.769231 0.800000 0.812500       1     0.272727
    418   h0 0.727273       1       1 0.730769 1.000000 0.769231 0.758824 0.787500       1     0.244301
    419   h0 0.316206       1       1 0.201923 1.000000 0.643875 0.205882 0.235714       1     0.001995
    420   h0 0.956522       1       1 0.960000 0.721154 0.712251 0.800000 0.812500       1     0.306577
    421   h0 1.000000       1       1 1.000000 0.750000 0.769231 0.800000 0.812500       1     0.375000
    422   h0 1.000000       1       1 1.000000 0.750000 0.769231 0.662745 0.687500       1     0.262868
    423   h0 1.000000       1       1 0.800000 0.490385 0.455840 0.094118 0.225000       1     0.003787
    424   h0 0.695652       1       1 0.720000 0.721154 0.925926 0.800000 0.812500       1     0.217391
    425   h0 0.727273       1       1 0.750000 0.750000 1.000000 0.800000 0.812500       1     0.265909
    426   h0 0.632411       1       1 0.420000 0.653846 1.000000 0.635294 0.580357       1     0.064032
    427   h0 0.181818       1       1 0.000000 0.381410 0.592593 0.000000 0.000000       1     0.000000
    448   h0 0.695652       1       1 0.720000 0.961538 0.740741 0.866667 0.812500       1     0.251208
    449   h0 0.727273       1       1 0.750000 1.000000 0.769231 0.866667 0.812500       1     0.295455
    450   h0 0.727273       1       1 0.750000 1.000000 0.769231 0.866667 0.812500       1     0.295455
    451   h0 0.727273       1       1 0.576923 1.000000 0.643875 0.611765 0.487500       1     0.080570
    452   h0 0.189723       1       1 0.000000 0.846154 0.341880 0.000000 0.000000       1     0.000000
    453   h0 0.869565       1       1 0.720000 0.801282 0.740741 0.800000 0.812500       1     0.241546
    454   h0 0.909091       1       1 0.750000 0.833333 0.769231 0.800000 0.812500       1     0.284091
    455   h0 0.909091       1       1 0.750000 0.833333 0.769231 0.800000 0.812500       1     0.284091
    456   h0 0.909091       1       1 0.600000 0.833333 0.769231 0.564706 0.487500       1     0.096257
    457   h0 0.237154       1       1 0.000000 0.705128 0.569801 0.000000 0.000000       1     0.000000
    458   h0 0.695652       1       1 0.720000 0.801282 0.769231 0.800000 0.812500       1     0.200669
    459   h0 0.727273       1       1 0.750000 0.833333 0.769231 0.800000 0.812500       1     0.227273
    460   h0 0.727273       1       1 0.750000 0.833333 0.769231 0.800000 0.812500       1     0.227273
    461   h0 0.727273       1       1 0.600000 0.833333 0.769231 0.564706 0.487500       1     0.077005
    462   h0 0.189723       1       1 0.000000 0.705128 0.569801 0.000000 0.000000       1     0.000000
    463   h0 0.782609       1       1 0.800000 0.721154 0.732194 0.800000 0.812500       1     0.214883
    464   h0 0.818182       1       1 0.833333 0.750000 0.769231 0.800000 0.812500       1     0.255682
    465   h0 0.818182       1       1 0.833333 0.750000 0.769231 0.800000 0.812500       1     0.255682
    466   h0 0.818182       1       1 0.666667 0.548077 0.675214 0.564706 0.487500       1     0.055570
    467   h0 0.213439       1       1 0.000000 0.141026 0.398860 0.000000 0.000000       1     0.000000
    812   h1 0.434783       1       1 0.400000 0.583333 0.000000 0.000000 0.062500       1     0.000000
    813   h1 0.363636       1       1 0.416667 0.583333 0.059829 0.000000 0.062500       1     0.000000
    814   h1 0.300395       1       1 0.216667 0.269231 0.031339 0.000000 0.042857       1     0.000000
    815   h1 0.695652       1       1 0.720000 0.750000 1.000000 0.733333 0.812500       1     0.223826
    816   h1 0.727273       1       1 0.750000 0.750000 0.940171 0.733333 0.812500       1     0.229167
    817   h1 0.600791       1       1 0.420000 0.525641 0.376068 0.635294 0.580357       1     0.018391
    818   h1 0.695652       1       1 0.333333 0.916667 1.000000 0.800000 0.187500       1     0.031884
    819   h1 0.727273       1       1 0.333333 0.916667 0.940171 0.800000 0.187500       1     0.031339
    820   h1 0.600791       1       1 0.173333 0.423077 0.376068 0.611765 0.133929       1     0.001358
    821   h1 0.956522       1       1 0.000000 0.000000 0.000000 0.000000 0.000000       1     0.000000
    822   h1 1.000000       1       1 0.000000 0.000000 0.059829 0.000000 0.000000       1     0.000000
    823   h1 0.826087       1       1 0.000000 0.000000 0.031339 0.000000 0.000000       1     0.000000
    860   h1 0.956522       1       1 0.880000 0.750000 0.923077 0.866667 0.812500       1     0.410348
    861   h1 1.000000       1       1 0.916667 0.750000 0.923077 0.866667 0.812500       1     0.446875
    862   h1 1.000000       1       1 0.476667 0.750000 0.923077 0.662745 0.557143       1     0.121850
    863   h1 1.000000       1       1 0.000000 0.461538 0.512821 0.000000 0.000000       1     0.000000
    864   h1 0.695652       1       1 1.000000 0.916667 0.769231 0.933333 0.812500       1     0.371981
    865   h1 0.727273       1       1 1.000000 0.916667 0.769231 0.933333 0.812500       1     0.388889
    866   h1 0.727273       1       1 1.000000 0.916667 0.769231 0.933333 0.675000       1     0.323077
    867   h1 0.727273       1       1 0.769231 0.564103 0.427350 0.658824 0.235714       1     0.020944
    868   h1 0.909091       1       1 0.750000 0.750000 0.769231 0.800000 0.812500       1     0.255682
    869   h1 0.909091       1       1 0.750000 0.750000 0.769231 0.800000 0.812500       1     0.255682
    870   h1 0.909091       1       1 0.660256 0.750000 0.769231 0.800000 0.769643       1     0.213215
    871   h1 0.909091       1       1 0.115385 0.394231 0.569801 0.329412 0.255357       1     0.001982
    872   h1 0.727273       1       1 0.916667 0.750000 0.846154 0.800000 0.812500       1     0.275000
    873   h1 0.727273       1       1 0.916667 0.750000 0.846154 0.800000 0.812500       1     0.275000
    874   h1 0.727273       1       1 0.916667 0.750000 0.846154 0.800000 0.812500       1     0.275000
    875   h1 0.660079       1       1 0.423077 0.182692 0.156695 0.403922 0.325000       1     0.001049
    876   h1 0.727273       1       1 1.000000 0.750000 1.000000 0.800000 0.875000       1     0.381818
    877   h1 0.727273       1       1 1.000000 0.750000 1.000000 0.800000 0.875000       1     0.381818
    878   h1 0.727273       1       1 1.000000 0.750000 1.000000 0.800000 0.875000       1     0.381818
    879   h1 0.695652       1       1 0.461538 0.198718 0.222222 0.400000 0.350000       1     0.001985
    880   h1 1.000000       1       1 0.750000 0.916667 0.846154 0.800000 0.812500       1     0.378125
    881   h1 1.000000       1       1 0.750000 0.916667 0.846154 0.800000 0.812500       1     0.378125
    882   h1 1.000000       1       1 0.750000 0.916667 0.846154 0.800000 0.812500       1     0.378125
    883   h1 0.956522       1       1 0.288462 0.271605 0.125356 0.376471 0.325000       1     0.001149
    884   h1 0.727273       1       1 0.750000 1.000000 0.769231 0.800000 0.812500       1     0.272727
    885   h1 0.727273       1       1 0.750000 1.000000 0.769231 0.800000 0.812500       1     0.272727
    886   h1 0.727273       1       1 0.733974 1.000000 0.769231 0.752941 0.801786       1     0.247887
    887   h1 0.284585       1       1 0.259615 1.000000 0.678063 0.247059 0.255357       1     0.003161
    888   h1 0.869565       1       1 1.000000 0.750000 0.846154 0.800000 0.812500       1     0.358696
    889   h1 0.909091       1       1 1.000000 0.750000 0.786325 0.800000 0.812500       1     0.348485
    890   h1 1.000000       1       1 1.000000 0.750000 0.817664 0.658824 0.675000       1     0.272715
    891   h1 1.000000       1       1 0.769231 0.461538 0.470085 0.141176 0.235714       1     0.005554
    892   h1 0.695652       1       1 0.750000 0.750000 0.923077 0.800000 0.812500       1     0.234783
    893   h1 0.727273       1       1 0.750000 0.750000 0.923077 0.800000 0.812500       1     0.245455
    894   h1 0.632411       1       1 0.390000 0.701923 0.923077 0.611765 0.557143       1     0.054468
    895   h1 0.181818       1       1 0.000000 0.410256 0.512821 0.000000 0.000000       1     0.000000
    916   h1 0.695652       1       1 0.750000 1.000000 0.769231 0.933333 0.812500       1     0.304348
    917   h1 0.727273       1       1 0.750000 1.000000 0.769231 0.933333 0.812500       1     0.318182
    918   h1 0.727273       1       1 0.750000 1.000000 0.769231 0.933333 0.812500       1     0.318182
    919   h1 0.727273       1       1 0.570000 1.000000 0.666667 0.658824 0.510714       1     0.092988
    920   h1 0.158103       1       1 0.000000 0.807692 0.398860 0.000000 0.000000       1     0.000000
    921   h1 0.869565       1       1 0.733333 0.750000 0.769231 0.866667 0.812500       1     0.259058
    922   h1 0.909091       1       1 0.750000 0.750000 0.769231 0.866667 0.812500       1     0.276989
    923   h1 0.909091       1       1 0.750000 0.750000 0.769231 0.866667 0.812500       1     0.276989
    924   h1 0.909091       1       1 0.576923 0.750000 0.769231 0.637255 0.492857       1     0.095034
    925   h1 0.197628       1       1 0.000000 0.605769 0.569801 0.000000 0.000000       1     0.000000
    926   h1 0.707510       1       1 0.721154 0.750000 0.769231 0.800000 0.812500       1     0.191334
    927   h1 0.727273       1       1 0.750000 0.750000 0.769231 0.800000 0.812500       1     0.204545
    928   h1 0.727273       1       1 0.750000 0.750000 0.769231 0.800000 0.812500       1     0.204545
    929   h1 0.727273       1       1 0.576923 0.750000 0.769231 0.564706 0.505357       1     0.069080
    930   h1 0.158103       1       1 0.000000 0.611111 0.569801 0.000000 0.000000       1     0.000000
    931   h1 0.909091       1       1 0.881410 0.750000 0.692308 0.800000 0.812500       1     0.270433
    932   h1 0.909091       1       1 0.916667 0.750000 0.754986 0.800000 0.812500       1     0.306713
    933   h1 0.909091       1       1 0.916667 0.750000 0.723647 0.800000 0.812500       1     0.293981
    934   h1 0.909091       1       1 0.705128 0.525641 0.589744 0.564706 0.496429       1     0.055707
    935   h1 0.197628       1       1 0.000000 0.134615 0.341880 0.000000 0.000000       1     0.000000