 ChipID Half   Layer0   Layer1  Layer2   Layer3   Layer4   Layer5  Layer6  Layer7   Layer8  Pseaudo_Eff
    344   h0 0.434783 0.871212       1 0.480000 0.641026 0.000000       1       1 0.000000     0.000000
    345   h0 0.454545 0.965909       1 0.500000 0.666667 0.000000       1       1 0.000000     0.000000
    346   h0 0.355731 0.708333       1 0.280000 0.307692 0.000000       1       1 0.000000     0.000000
    347   h0 0.695652 0.784091       1 0.720000 0.721154 0.962963       1       1 0.764706     0.208556
    348   h0 0.727273 0.818182       1 0.750000 0.750000 1.000000       1       1 0.823529     0.275644
    349   h0 0.569170 0.579545       1 0.420000 0.570513 0.407407       1       1 0.390093     0.012561
    350   h0 0.695652 0.958333       1 0.240000 0.801282 0.888889       1       1 0.058824     0.006704
    351   h0 0.727273 1.000000       1 0.250000 0.833333 0.923077       1       1 0.058824     0.008227
    352   h0 0.600791 0.708333       1 0.140000 0.352564 0.376068       1       1 0.027864     0.000220
    353   h0 0.956522 0.000000       1 0.000000 0.000000 0.074074       1       1 0.000000     0.000000
    354   h0 1.000000 0.000000       1 0.000000 0.000000 0.076923       1       1 0.000000     0.000000
    355   h0 0.826087 0.000000       1 0.000000 0.000000 0.031339       1       1 0.000000     0.000000
    392   h0 0.956522 0.696970       1 0.800000 0.721154 0.814815       1       1 0.823529     0.258086
    393   h0 1.000000 0.727273       1 0.833333 0.750000 0.846154       1       1 0.823529     0.316742
    394   h0 1.000000 0.647727       1 0.448718 0.750000 0.846154       1       1 0.390093     0.071952
    395   h0 1.000000 0.454545       1 0.000000 0.490385 0.501425       1       1 0.000000     0.000000
    396   h0 0.695652 0.696970       1 0.960000 0.801282 0.740741       1       1 0.882353     0.243765
    397   h0 0.727273 0.727273       1 1.000000 0.833333 0.769231       1       1 0.860681     0.291818
    398   h0 0.727273 0.727273       1 1.000000 0.833333 0.769231       1       1 0.823529     0.279222
    399   h0 0.727273 0.727273       1 0.769231 0.544872 0.455840       1       1 0.238390     0.024091
    400   h0 0.909091 0.727273       1 0.750000 0.750000 0.769231       1       1 0.823529     0.235593
    401   h0 0.909091 0.727273       1 0.750000 0.750000 0.769231       1       1 0.823529     0.235593
    402   h0 0.909091 0.727273       1 0.680000 0.750000 0.769231       1       1 0.823529     0.213605
    403   h0 0.909091 0.454545       1 0.115385 0.384615 0.598291       1       1 0.043344     0.000476
    404   h0 0.727273 0.818182       1 0.833333 0.750000 0.846154       1       1 0.823529     0.259153
    405   h0 0.727273 0.818182       1 0.833333 0.750000 0.846154       1       1 0.823529     0.259153
    406   h0 0.727273 0.818182       1 0.833333 0.750000 0.846154       1       1 0.823529     0.259153
    407   h0 0.703557 0.681818       1 0.384615 0.221154 0.188034       1       1 0.068111     0.000523
    408   h0 0.727273 1.000000       1 1.000000 0.750000 1.000000       1       1 0.823529     0.449198
    409   h0 0.727273 1.000000       1 1.000000 0.750000 1.000000       1       1 0.823529     0.449198
    410   h0 0.727273 1.000000       1 1.000000 0.750000 1.000000       1       1 0.823529     0.449198
    411   h0 0.723320 0.875000       1 0.461538 0.224359 0.222222       1       1 0.065015     0.000947
    412   h0 1.000000 0.727273       1 0.750000 0.833333 0.769231       1       1 0.823529     0.287947
    413   h0 1.000000 0.727273       1 0.750000 0.833333 0.769231       1       1 0.823529     0.287947
    414   h0 1.000000 0.727273       1 0.750000 0.833333 0.769231       1       1 0.767802     0.268462
    415   h0 1.000000 0.587121       1 0.317308 0.288462 0.142450       1       1 0.038700     0.000296
    416   h0 0.727273 0.689394       1 0.750000 1.000000 0.769231       1       1 0.823529     0.238211
    417   h0 0.727273 0.727273       1 0.750000 1.000000 0.769231       1       1 0.823529     0.251300
    418   h0 0.727273 0.727273       1 0.730769 1.000000 0.769231       1       1 0.823529     0.244856
    419   h0 0.316206 0.545455       1 0.201923 1.000000 0.643875       1       1 0.255418     0.005728
    420   h0 0.956522 0.696970       1 0.960000 0.721154 0.712251       1       1 0.823529     0.270720
    421   h0 1.000000 0.727273       1 1.000000 0.750000 0.769231       1       1 0.823529     0.345537
    422   h0 1.000000 0.727273       1 1.000000 0.750000 0.769231       1       1 0.606811     0.254606
    423   h0 1.000000 0.727273       1 0.800000 0.490385 0.455840       1       1 0.119195     0.015502
    424   h0 0.695652 0.696970       1 0.720000 0.721154 0.925926       1       1 0.823529     0.191965
    425   h0 0.727273 0.727273       1 0.750000 0.750000 1.000000       1       1 0.823529     0.245017
    426   h0 0.632411 0.674242       1 0.420000 0.653846 1.000000       1       1 0.390093     0.045678
    427   h0 0.181818 0.545455       1 0.000000 0.381410 0.592593       1       1 0.000000     0.000000
    448   h0 0.695652 0.958333       1 0.720000 0.961538 0.740741       1       1 0.823529     0.281549
    449   h0 0.727273 1.000000       1 0.750000 1.000000 0.769231       1       1 0.823529     0.345537
    450   h0 0.727273 1.000000       1 0.750000 1.000000 0.769231       1       1 0.823529     0.345537
    451   h0 0.727273 1.000000       1 0.576923 1.000000 0.643875       1       1 0.572755     0.154734
    452   h0 0.189723 0.166667       1 0.000000 0.846154 0.341880       1       1 0.061920     0.000000
    453   h0 0.869565 0.696970       1 0.720000 0.801282 0.740741       1       1 0.823529     0.213294
    454   h0 0.909091 0.727273       1 0.750000 0.833333 0.769231       1       1 0.823529     0.261770
    455   h0 0.909091 0.727273       1 0.750000 0.833333 0.769231       1       1 0.823529     0.261770
    456   h0 0.909091 0.727273       1 0.600000 0.833333 0.769231       1       1 0.823529     0.209416
    457   h0 0.237154 0.121212       1 0.000000 0.705128 0.569801       1       1 0.108359     0.000000
    458   h0 0.695652 0.784091       1 0.720000 0.801282 0.769231       1       1 0.823529     0.199348
    459   h0 0.727273 0.909091       1 0.750000 0.833333 0.769231       1       1 0.823529     0.261770
    460   h0 0.727273 0.909091       1 0.750000 0.833333 0.769231       1       1 0.823529     0.261770
    461   h0 0.727273 0.909091       1 0.600000 0.833333 0.769231       1       1 0.823529     0.209416
    462   h0 0.189723 0.151515       1 0.000000 0.705128 0.569801       1       1 0.108359     0.000000
    463   h0 0.782609 0.958333       1 0.800000 0.721154 0.732194       1       1 0.823529     0.260906
    464   h0 0.818182 1.000000       1 0.833333 0.750000 0.769231       1       1 0.823529     0.323941
    465   h0 0.818182 1.000000       1 0.833333 0.750000 0.769231       1       1 0.856037     0.336728
    466   h0 0.818182 1.000000       1 0.666667 0.548077 0.675214       1       1 0.255418     0.051558
    467   h0 0.213439 0.166667       1 0.000000 0.141026 0.398860       1       1 0.000000     0.000000
    812   h1 0.434783 0.916667       1 0.400000 0.583333 0.000000       1       1 0.000000     0.000000
    813   h1 0.363636 1.000000       1 0.416667 0.583333 0.059829       1       1 0.000000     0.000000
    814   h1 0.300395 0.750000       1 0.216667 0.269231 0.031339       1       1 0.000000     0.000000
    815   h1 0.695652 0.750000       1 0.720000 0.750000 1.000000       1       1 0.764706     0.215448
    816   h1 0.727273 0.818182       1 0.750000 0.750000 0.940171       1       1 0.764706     0.240642
    817   h1 0.600791 0.613636       1 0.420000 0.525641 0.376068       1       1 0.342105     0.010471
    818   h1 0.695652 0.916667       1 0.333333 0.916667 1.000000       1       1 0.106811     0.020812
    819   h1 0.727273 1.000000       1 0.333333 0.916667 0.940171       1       1 0.058824     0.012290
    820   h1 0.600791 0.750000       1 0.173333 0.423077 0.376068       1       1 0.026316     0.000327
    821   h1 0.956522 0.000000       1 0.000000 0.000000 0.000000       1       1 0.000000     0.000000
    822   h1 1.000000 0.000000       1 0.000000 0.000000 0.059829       1       1 0.000000     0.000000
    823   h1 0.826087 0.000000       1 0.000000 0.000000 0.031339       1       1 0.000000     0.000000
    860   h1 0.956522 0.666667       1 0.880000 0.750000 0.923077       1       1 0.823529     0.319937
    861   h1 1.000000 0.727273       1 0.916667 0.750000 0.923077       1       1 0.823529     0.380090
    862   h1 1.000000 0.636364       1 0.476667 0.750000 0.923077       1       1 0.368421     0.077368
    863   h1 1.000000 0.363636       1 0.000000 0.461538 0.512821       1       1 0.000000     0.000000
    864   h1 0.695652 0.666667       1 1.000000 0.916667 0.769231       1       1 0.823529     0.269307
    865   h1 0.727273 0.727273       1 1.000000 0.916667 0.769231       1       1 0.823529     0.307144
    866   h1 0.727273 0.727273       1 1.000000 0.916667 0.769231       1       1 0.823529     0.307144
    867   h1 0.727273 0.727273       1 0.769231 0.564103 0.427350       1       1 0.216718     0.021256
    868   h1 0.909091 0.715909       1 0.750000 0.750000 0.769231       1       1 0.823529     0.231912
    869   h1 0.909091 0.727273       1 0.750000 0.750000 0.769231       1       1 0.823529     0.235593
    870   h1 0.909091 0.727273       1 0.660256 0.750000 0.769231       1       1 0.823529     0.207403
    871   h1 0.909091 0.367424       1 0.115385 0.394231 0.569801       1       1 0.021672     0.000188
    872   h1 0.727273 0.818182       1 0.916667 0.750000 0.846154       1       1 0.823529     0.285068
    873   h1 0.727273 0.818182       1 0.916667 0.750000 0.846154       1       1 0.823529     0.285068
    874   h1 0.727273 0.818182       1 0.916667 0.750000 0.846154       1       1 0.823529     0.285068
    875   h1 0.660079 0.681818       1 0.423077 0.182692 0.156695       1       1 0.044892     0.000245
    876   h1 0.727273 1.000000       1 1.000000 0.750000 1.000000       1       1 0.823529     0.449198
    877   h1 0.727273 1.000000       1 1.000000 0.750000 1.000000       1       1 0.823529     0.449198
    878   h1 0.727273 1.000000       1 1.000000 0.750000 1.000000       1       1 0.823529     0.449198
    879   h1 0.695652 0.833333       1 0.461538 0.198718 0.222222       1       1 0.043344     0.000512
    880   h1 1.000000 0.727273       1 0.750000 0.916667 0.846154       1       1 0.823529     0.348416
    881   h1 1.000000 0.727273       1 0.750000 0.916667 0.846154       1       1 0.823529     0.348416
    882   h1 1.000000 0.727273       1 0.750000 0.916667 0.846154       1       1 0.773994     0.327459
    883   h1 0.956522 0.587121       1 0.288462 0.271605 0.125356       1       1 0.037152     0.000205
    884   h1 0.727273 0.681818       1 0.750000 1.000000 0.769231       1       1 0.823529     0.235593
    885   h1 0.727273 0.727273       1 0.750000 1.000000 0.769231       1       1 0.823529     0.251300
    886   h1 0.727273 0.727273       1 0.733974 1.000000 0.769231       1       1 0.823529     0.245930
    887   h1 0.284585 0.606061       1 0.259615 1.000000 0.678063       1       1 0.253870     0.007708
    888   h1 0.869565 0.666667       1 1.000000 0.750000 0.846154       1       1 0.823529     0.302971
    889   h1 0.909091 0.727273       1 1.000000 0.750000 0.786325       1       1 0.801858     0.312655
    890   h1 1.000000 0.727273       1 1.000000 0.750000 0.817664       1       1 0.602167     0.268566
    891   h1 1.000000 0.727273       1 0.769231 0.461538 0.470085       1       1 0.123839     0.015031
    892   h1 0.695652 0.666667       1 0.750000 0.750000 0.923077       1       1 0.837461     0.201663
    893   h1 0.727273 0.727273       1 0.750000 0.750000 0.923077       1       1 0.882353     0.242325
    894   h1 0.632411 0.704545       1 0.390000 0.701923 0.923077       1       1 0.394737     0.044443
    895   h1 0.181818 0.636364       1 0.000000 0.410256 0.512821       1       1 0.000000     0.000000
    916   h1 0.695652 0.916667       1 0.750000 1.000000 0.769231       1       1 0.823529     0.302971
    917   h1 0.727273 1.000000       1 0.750000 1.000000 0.769231       1       1 0.823529     0.345537
    918   h1 0.727273 1.000000       1 0.750000 1.000000 0.769231       1       1 0.823529     0.345537
    919   h1 0.727273 1.000000       1 0.570000 1.000000 0.666667       1       1 0.530960     0.146738
    920   h1 0.158103 0.166667       1 0.000000 0.807692 0.398860       1       1 0.054180     0.000000
    921   h1 0.869565 0.666667       1 0.733333 0.750000 0.769231       1       1 0.823529     0.201980
    922   h1 0.909091 0.727273       1 0.750000 0.750000 0.769231       1       1 0.823529     0.235593
    923   h1 0.909091 0.727273       1 0.750000 0.750000 0.769231       1       1 0.823529     0.235593
    924   h1 0.909091 0.727273       1 0.576923 0.750000 0.769231       1       1 0.823529     0.181226
    925   h1 0.197628 0.121212       1 0.000000 0.605769 0.569801       1       1 0.108359     0.000000
    926   h1 0.707510 0.833333       1 0.721154 0.750000 0.769231       1       1 0.823529     0.202012
    927   h1 0.727273 0.909091       1 0.750000 0.750000 0.769231       1       1 0.823529     0.235593
    928   h1 0.727273 0.909091       1 0.750000 0.750000 0.769231       1       1 0.823529     0.235593
    929   h1 0.727273 0.909091       1 0.576923 0.750000 0.769231       1       1 0.823529     0.181226
    930   h1 0.158103 0.151515       1 0.000000 0.611111 0.569801       1       1 0.108359     0.000000
    931   h1 0.909091 0.833333       1 0.881410 0.750000 0.692308       1       1 0.823529     0.285525
    932   h1 0.909091 0.909091       1 0.916667 0.750000 0.754986       1       1 0.825077     0.353933
    933   h1 0.909091 0.909091       1 0.916667 0.750000 0.723647       1       1 0.823529     0.338605
    934   h1 0.909091 0.909091       1 0.705128 0.525641 0.589744       1       1 0.235294     0.042506
    935   h1 0.197628 0.151515       1 0.000000 0.134615 0.341880       1       1 0.000000     0.000000