 ChipID Half   Layer0   Layer1   Layer2   Layer3  Layer4  Layer5   Layer6   Layer7  Layer8  Pseaudo_Eff
    332   h0 0.000000 0.696970 0.000000 0.000000       1       1 0.000000 0.000000       1     0.000000
    333   h0 0.000000 0.670455 0.000000 0.000000       1       1 0.000000 0.000000       1     0.000000
    334   h0 0.000000 0.424242 0.000000 0.000000       1       1 0.000000 0.000000       1     0.000000
    335   h0 0.958333 0.609848 0.480000 0.961538       1       1 0.250000 0.687500       1     0.046362
    336   h0 1.000000 0.696970 0.500000 1.000000       1       1 0.250000 0.687500       1     0.059896
    337   h0 0.708333 0.484848 0.250000 0.500000       1       1 0.183824 0.451786       1     0.003565
    338   h0 0.696970 0.958333 0.640000 0.400641       1       1 0.812500 0.312500       1     0.043485
    339   h0 0.727273 1.000000 0.666667 0.416667       1       1 0.812500 0.312500       1     0.051294
    340   h0 0.545455 0.666667 0.400000 0.208333       1       1 0.597426 0.205357       1     0.003718
    341   h0 0.958333 0.000000 0.640000 0.000000       1       1 0.062500 0.000000       1     0.000000
    342   h0 1.000000 0.000000 0.666667 0.000000       1       1 0.062500 0.000000       1     0.000000
    343   h0 0.750000 0.000000 0.400000 0.000000       1       1 0.045956 0.000000       1     0.000000
    356   h0 0.696970 0.784091 0.720000 0.801282       1       1 0.812500 0.812500       1     0.208135
    357   h0 0.727273 0.818182 0.750000 0.833333       1       1 0.812500 0.812500       1     0.245513
    358   h0 0.700758 0.545455 0.516667 0.416667       1       1 0.597426 0.533929       1     0.026248
    359   h0 0.636364 0.000000 0.146667 0.000000       1       1 0.000000 0.000000       1     0.000000
    360   h0 0.696970 0.958333 0.880000 0.721154       1       1 0.812500 0.875000       1     0.301351
    361   h0 0.727273 1.000000 0.916667 0.750000       1       1 0.812500 0.875000       1     0.355469
    362   h0 0.727273 1.000000 0.916667 0.666667       1       1 0.713235 0.575000       1     0.182271
    363   h0 0.727273 1.000000 0.806667 0.365385       1       1 0.283088 0.000000       1     0.000000
    364   h0 0.681818 0.818182 0.736667 1.000000       1       1 0.812500 0.812500       1     0.271291
    365   h0 0.727273 0.818182 0.750000 1.000000       1       1 0.812500 0.812500       1     0.294615
    366   h0 0.727273 0.818182 0.750000 0.884615       1       1 0.801471 0.683929       1     0.216402
    367   h0 0.606061 0.204545 0.330000 0.000000       1       1 0.286765 0.133929       1     0.000000
    368   h0 0.727273 1.000000 0.750000 0.916667       1       1 0.875000 0.812500       1     0.355469
    369   h0 0.727273 1.000000 0.750000 0.916667       1       1 0.875000 0.812500       1     0.355469
    370   h0 0.727273 1.000000 0.750000 0.916667       1       1 0.875000 0.812500       1     0.355469
    371   h0 0.587121 0.791667 0.400000 0.352564       1       1 0.386029 0.182143       1     0.004609
    372   h0 1.000000 0.727273 1.000000 0.750000       1       1 0.875000 0.812500       1     0.387784
    373   h0 1.000000 0.727273 1.000000 0.750000       1       1 0.875000 0.812500       1     0.387784
    374   h0 1.000000 0.727273 1.000000 0.750000       1       1 0.875000 0.812500       1     0.387784
    375   h0 0.875000 0.575758 0.560000 0.285256       1       1 0.386029 0.232143       1     0.007212
    376   h0 0.818182 0.727273 0.833333 0.750000       1       1 0.812500 0.812500       1     0.245513
    377   h0 0.818182 0.727273 0.833333 0.750000       1       1 0.812500 0.812500       1     0.245513
    378   h0 0.818182 0.727273 0.833333 0.750000       1       1 0.812500 0.812500       1     0.245513
    379   h0 0.681818 0.530303 0.466667 0.269231       1       1 0.358456 0.233929       1     0.003809
    380   h0 0.727273 0.727273 0.750000 0.750000       1       1 0.812500 0.875000       1     0.211519
    381   h0 0.727273 0.727273 0.750000 0.750000       1       1 0.812500 0.875000       1     0.211519
    382   h0 0.727273 0.727273 0.703333 0.711538       1       1 0.775735 0.875000       1     0.179670
    383   h0 0.386364 0.750000 0.133333 0.314103       1       1 0.308824 0.125000       1     0.000468
    384   h0 0.784091 0.696970 0.960000 0.801282       1       1 0.812500 0.812500       1     0.277513
    385   h0 0.818182 0.727273 1.000000 0.833333       1       1 0.812500 0.812500       1     0.327350
    386   h0 0.818182 0.727273 1.000000 0.833333       1       1 0.696691 0.726786       1     0.251080
    387   h0 0.818182 0.727273 0.880000 0.608974       1       1 0.242647 0.305357       1     0.023627
    388   h0 0.696970 0.696970 0.720000 0.721154       1       1 0.812500 0.812500       1     0.166508
    389   h0 0.727273 0.727273 0.750000 0.750000       1       1 0.812500 0.812500       1     0.196410
    390   h0 0.636364 0.727273 0.450000 0.458333       1       1 0.597426 0.533929       1     0.030448
    391   h0 0.363636 0.727273 0.000000 0.121795       1       1 0.000000 0.000000       1     0.000000
    428   h0 0.871212 0.696970 0.960000 0.721154       1       1 0.812500 0.812500       1     0.277513
    429   h0 0.909091 0.727273 1.000000 0.750000       1       1 0.812500 0.812500       1     0.327350
    430   h0 0.909091 0.727273 1.000000 0.750000       1       1 0.812500 0.812500       1     0.327350
    431   h0 0.909091 0.727273 0.880000 0.548077       1       1 0.525735 0.441071       1     0.073944
    432   h0 0.151515 0.060606 0.000000 0.000000       1       1 0.000000 0.000000       1     0.000000
    433   h0 0.871212 0.696970 0.720000 0.721154       1       1 0.812500 0.812500       1     0.208135
    434   h0 0.909091 0.727273 0.750000 0.750000       1       1 0.812500 0.812500       1     0.245513
    435   h0 0.909091 0.727273 0.750000 0.750000       1       1 0.812500 0.812500       1     0.245513
    436   h0 0.909091 0.727273 0.660000 0.548077       1       1 0.525735 0.441071       1     0.055458
    437   h0 0.151515 0.060606 0.000000 0.000000       1       1 0.000000 0.000000       1     0.000000
    438   h0 0.696970 0.958333 0.720000 0.801282       1       1 0.812500 0.875000       1     0.273955
    439   h0 0.727273 1.000000 0.750000 0.833333       1       1 0.812500 0.875000       1     0.323153
    440   h0 0.727273 1.000000 0.750000 0.833333       1       1 0.812500 0.875000       1     0.323153
    441   h0 0.727273 1.000000 0.660000 0.608974       1       1 0.525735 0.475000       1     0.072996
    442   h0 0.121212 0.083333 0.000000 0.000000       1       1 0.000000 0.000000       1     0.000000
    443   h0 0.958333 0.696970 0.720000 0.961538       1       1 0.812500 0.812500       1     0.305265
    444   h0 1.000000 0.727273 0.750000 1.000000       1       1 0.812500 0.812500       1     0.360085
    445   h0 1.000000 0.727273 0.750000 1.000000       1       1 0.812500 0.812500       1     0.360085
    446   h0 1.000000 0.727273 0.660000 0.730769       1       1 0.525735 0.441071       1     0.081339
    447   h0 0.166667 0.060606 0.000000 0.000000       1       1 0.000000 0.000000       1     0.000000
    800   h1 0.000000 0.609848 0.000000 0.000000       1       1 0.000000 0.000000       1     0.000000
    801   h1 0.000000 0.636364 0.000000 0.000000       1       1 0.000000 0.000000       1     0.000000
    802   h1 0.000000 0.450758 0.000000 0.000000       1       1 0.000000 0.000000       1     0.000000
    803   h1 0.916667 0.696970 0.416667 0.961538       1       1 0.250000 0.625000       1     0.039995
    804   h1 1.000000 0.727273 0.416667 1.000000       1       1 0.250000 0.625000       1     0.047348
    805   h1 0.750000 0.515152 0.233333 0.500000       1       1 0.132353 0.392857       1     0.002344
    806   h1 0.750000 0.958333 0.750000 0.500000       1       1 0.812500 0.375000       1     0.082123
    807   h1 0.818182 1.000000 0.750000 0.500000       1       1 0.812500 0.375000       1     0.093484
    808   h1 0.613636 0.708333 0.450000 0.250000       1       1 0.573529 0.235714       1     0.006611
    809   h1 0.916667 0.000000 0.583333 0.000000       1       1 0.125000 0.000000       1     0.000000
    810   h1 1.000000 0.000000 0.583333 0.000000       1       1 0.125000 0.000000       1     0.000000
    811   h1 0.750000 0.000000 0.350000 0.000000       1       1 0.088235 0.000000       1     0.000000
    824   h1 0.666667 0.871212 0.743333 0.721154       1       1 0.812500 0.812500       1     0.205537
    825   h1 0.727273 0.909091 0.750000 0.750000       1       1 0.812500 0.812500       1     0.245513
    826   h1 0.681818 0.643939 0.493333 0.375000       1       1 0.573529 0.510714       1     0.023791
    827   h1 0.545455 0.000000 0.140000 0.000000       1       1 0.000000 0.000000       1     0.000000
    828   h1 0.666667 0.958333 0.880000 0.740385       1       1 0.812500 0.875000       1     0.295935
    829   h1 0.727273 1.000000 0.916667 0.750000       1       1 0.812500 0.875000       1     0.355469
    830   h1 0.727273 1.000000 0.916667 0.625000       1       1 0.702206 0.550000       1     0.160922
    831   h1 0.727273 1.000000 0.770000 0.346154       1       1 0.270221 0.000000       1     0.000000
    832   h1 0.689394 0.818182 0.750000 1.000000       1       1 0.812500 0.812500       1     0.279271
    833   h1 0.727273 0.818182 0.750000 1.000000       1       1 0.812500 0.812500       1     0.294615
    834   h1 0.727273 0.818182 0.750000 0.884615       1       1 0.803309 0.651786       1     0.206705
    835   h1 0.545455 0.227273 0.300000 0.000000       1       1 0.286765 0.100000       1     0.000000
    836   h1 0.727273 1.000000 0.750000 0.916667       1       1 0.812500 0.812500       1     0.330078
    837   h1 0.727273 1.000000 0.750000 0.916667       1       1 0.812500 0.812500       1     0.330078
    838   h1 0.727273 1.000000 0.750000 0.916667       1       1 0.812500 0.812500       1     0.330078
    839   h1 0.587121 0.750000 0.360000 0.352564       1       1 0.334559 0.142857       1     0.002671
    840   h1 1.000000 0.727273 1.000000 0.750000       1       1 0.875000 0.812500       1     0.387784
    841   h1 1.000000 0.727273 1.000000 0.750000       1       1 0.875000 0.812500       1     0.387784
    842   h1 1.000000 0.727273 1.000000 0.750000       1       1 0.875000 0.812500       1     0.387784
    843   h1 0.833333 0.541667 0.560000 0.256410       1       1 0.334559 0.225000       1     0.004879
    844   h1 0.818182 0.727273 0.833333 0.750000       1       1 0.812500 0.812500       1     0.245513
    845   h1 0.818182 0.727273 0.833333 0.750000       1       1 0.812500 0.812500       1     0.245513
    846   h1 0.818182 0.727273 0.833333 0.750000       1       1 0.812500 0.812500       1     0.245513
    847   h1 0.681818 0.511364 0.433333 0.250000       1       1 0.334559 0.216071       1     0.002730
    848   h1 0.712121 0.818182 0.750000 0.750000       1       1 0.812500 0.812500       1     0.216358
    849   h1 0.727273 0.818182 0.750000 0.750000       1       1 0.812500 0.812500       1     0.220961
    850   h1 0.727273 0.818182 0.703333 0.730769       1       1 0.792279 0.812500       1     0.196875
    851   h1 0.439394 0.715909 0.126667 0.333333       1       1 0.286765 0.116071       1     0.000442
    852   h1 0.666667 0.696970 1.000000 0.750000       1       1 0.812500 0.812500       1     0.230054
    853   h1 0.727273 0.727273 1.000000 0.750000       1       1 0.812500 0.812500       1     0.261880
    854   h1 0.727273 0.727273 1.000000 0.750000       1       1 0.702206 0.742857       1     0.206931
    855   h1 0.727273 0.727273 0.840000 0.519231       1       1 0.270221 0.339286       1     0.021150
    856   h1 0.666667 0.784091 0.750000 0.750000       1       1 0.812500 0.812500       1     0.194108
    857   h1 0.727273 0.818182 0.750000 0.750000       1       1 0.812500 0.812500       1     0.220961
    858   h1 0.636364 0.818182 0.450000 0.500000       1       1 0.573529 0.510714       1     0.034314
    859   h1 0.363636 0.818182 0.000000 0.173077       1       1 0.000000 0.000000       1     0.000000
    896   h1 0.916667 0.696970 0.960000 0.750000       1       1 0.812500 0.812500       1     0.303672
    897   h1 1.000000 0.727273 1.000000 0.750000       1       1 0.812500 0.812500       1     0.360085
    898   h1 1.000000 0.727273 0.916667 0.750000       1       1 0.812500 0.812500       1     0.330078
    899   h1 1.000000 0.727273 0.770000 0.519231       1       1 0.501838 0.441071       1     0.064361
    900   h1 0.166667 0.030303 0.000000 0.000000       1       1 0.000000 0.000000       1     0.000000
    901   h1 0.833333 0.696970 0.746667 0.750000       1       1 0.812500 0.812500       1     0.214717
    902   h1 0.909091 0.727273 0.750000 0.750000       1       1 0.812500 0.812500       1     0.245513
    903   h1 0.909091 0.727273 0.750000 0.750000       1       1 0.812500 0.812500       1     0.245513
    904   h1 0.909091 0.727273 0.630000 0.519231       1       1 0.520221 0.437500       1     0.049223
    905   h1 0.151515 0.030303 0.000000 0.000000       1       1 0.000000 0.000000       1     0.000000
    906   h1 0.666667 0.958333 0.750000 0.916667       1       1 0.812500 0.875000       1     0.312269
    907   h1 0.727273 1.000000 0.750000 0.916667       1       1 0.812500 0.875000       1     0.355469
    908   h1 0.727273 1.000000 0.750000 0.916667       1       1 0.812500 0.875000       1     0.355469
    909   h1 0.727273 1.000000 0.630000 0.634615       1       1 0.501838 0.475000       1     0.069312
    910   h1 0.121212 0.041667 0.000000 0.000000       1       1 0.000000 0.000000       1     0.000000
    911   h1 0.958333 0.696970 0.750000 1.000000       1       1 0.812500 0.812500       1     0.330703
    912   h1 1.000000 0.727273 0.750000 1.000000       1       1 0.812500 0.812500       1     0.360085
    913   h1 1.000000 0.727273 0.833333 1.000000       1       1 0.812500 0.812500       1     0.400095
    914   h1 1.000000 0.727273 0.700000 0.692308       1       1 0.501838 0.419643       1     0.074223
    915   h1 0.166667 0.030303 0.000000 0.000000       1       1 0.000000 0.000000       1     0.000000