 ChipID Half   Layer0  Layer1   Layer2   Layer3   Layer4   Layer5   Layer6  Layer7  Layer8  Pseaudo_Eff
    332   h0 0.000000       1 0.000000 0.000000 0.074074 0.000000 0.000000       1       1     0.000000
    333   h0 0.000000       1 0.000000 0.000000 0.076923 0.000000 0.000000       1       1     0.000000
    334   h0 0.000000       1 0.000000 0.000000 0.000000 0.000000 0.000000       1       1     0.000000
    335   h0 0.958333       1 0.480000 0.961538 0.888889 0.519231 0.250000       1       1     0.051036
    336   h0 1.000000       1 0.500000 1.000000 0.923077 0.538462 0.250000       1       1     0.062130
    337   h0 0.708333       1 0.250000 0.500000 0.376068 0.192308 0.183824       1       1     0.001177
    338   h0 0.696970       1 0.640000 0.400641 0.962963 0.741758 0.812500       1       1     0.103716
    339   h0 0.727273       1 0.666667 0.416667 1.000000 0.769231 0.812500       1       1     0.126263
    340   h0 0.545455       1 0.400000 0.208333 0.370370 0.274725 0.597426       1       1     0.002763
    341   h0 0.958333       1 0.640000 0.000000 0.000000 0.148352 0.062500       1       1     0.000000
    342   h0 1.000000       1 0.666667 0.000000 0.000000 0.153846 0.062500       1       1     0.000000
    343   h0 0.750000       1 0.400000 0.000000 0.000000 0.082418 0.045956       1       1     0.000000
    356   h0 0.696970       1 0.720000 0.801282 0.962963 0.741758 0.812500       1       1     0.233360
    357   h0 0.727273       1 0.750000 0.833333 0.923077 0.769231 0.812500       1       1     0.262238
    358   h0 0.700758       1 0.516667 0.416667 0.923077 0.521978 0.597426       1       1     0.043425
    359   h0 0.636364       1 0.146667 0.000000 0.547009 0.192308 0.000000       1       1     0.000000
    360   h0 0.696970       1 0.880000 0.721154 0.740741 0.741758 0.812500       1       1     0.197459
    361   h0 0.727273       1 0.916667 0.750000 0.769231 0.769231 0.812500       1       1     0.240385
    362   h0 0.727273       1 0.916667 0.666667 0.769231 0.769231 0.713235       1       1     0.187570
    363   h0 0.727273       1 0.806667 0.365385 0.455840 0.384615 0.283088       1       1     0.010639
    364   h0 0.681818       1 0.736667 1.000000 0.769231 1.000000 0.812500       1       1     0.313920
    365   h0 0.727273       1 0.750000 1.000000 0.769231 1.000000 0.812500       1       1     0.340909
    366   h0 0.727273       1 0.750000 0.884615 0.769231 1.000000 0.801471       1       1     0.297480
    367   h0 0.606061       1 0.330000 0.000000 0.643875 0.821429 0.286765       1       1     0.000000
    368   h0 0.727273       1 0.750000 0.916667 0.769231 0.846154 0.875000       1       1     0.284763
    369   h0 0.727273       1 0.750000 0.916667 0.769231 0.846154 0.875000       1       1     0.284763
    370   h0 0.727273       1 0.750000 0.916667 0.769231 0.846154 0.875000       1       1     0.284763
    371   h0 0.587121       1 0.400000 0.352564 0.113960 0.120879 0.386029       1       1     0.000440
    372   h0 1.000000       1 1.000000 0.750000 1.000000 0.769231 0.875000       1       1     0.504808
    373   h0 1.000000       1 1.000000 0.750000 1.000000 0.769231 0.875000       1       1     0.504808
    374   h0 1.000000       1 1.000000 0.750000 1.000000 0.769231 0.875000       1       1     0.504808
    375   h0 0.875000       1 0.560000 0.285256 0.222222 0.104396 0.386029       1       1     0.001252
    376   h0 0.818182       1 0.833333 0.750000 0.923077 0.769231 0.812500       1       1     0.295017
    377   h0 0.818182       1 0.833333 0.750000 0.923077 0.769231 0.812500       1       1     0.295017
    378   h0 0.818182       1 0.833333 0.750000 0.923077 0.769231 0.812500       1       1     0.295017
    379   h0 0.681818       1 0.466667 0.269231 0.170940 0.060440 0.358456       1       1     0.000317
    380   h0 0.727273       1 0.750000 0.750000 0.769231 0.769231 0.812500       1       1     0.196678
    381   h0 0.727273       1 0.750000 0.750000 0.769231 0.769231 0.812500       1       1     0.196678
    382   h0 0.727273       1 0.703333 0.711538 0.769231 0.769231 0.775735       1       1     0.167064
    383   h0 0.386364       1 0.133333 0.314103 0.598291 0.351648 0.308824       1       1     0.001051
    384   h0 0.784091       1 0.960000 0.801282 0.740741 0.928571 0.812500       1       1     0.337076
    385   h0 0.818182       1 1.000000 0.833333 0.769231 1.000000 0.812500       1       1     0.426136
    386   h0 0.818182       1 1.000000 0.833333 0.769231 1.000000 0.696691       1       1     0.365397
    387   h0 0.818182       1 0.880000 0.608974 0.455840 0.500000 0.242647       1       1     0.024249
    388   h0 0.696970       1 0.720000 0.721154 0.814815 0.857143 0.812500       1       1     0.205357
    389   h0 0.727273       1 0.750000 0.750000 0.846154 0.923077 0.812500       1       1     0.259615
    390   h0 0.636364       1 0.450000 0.458333 0.846154 0.923077 0.597426       1       1     0.061245
    391   h0 0.363636       1 0.000000 0.121795 0.501425 0.461538 0.000000       1       1     0.000000
    428   h0 0.871212       1 0.960000 0.721154 0.740741 0.741758 0.812500       1       1     0.269262
    429   h0 0.909091       1 1.000000 0.750000 0.769231 0.769231 0.812500       1       1     0.327797
    430   h0 0.909091       1 1.000000 0.750000 0.769231 0.769231 0.812500       1       1     0.327797
    431   h0 0.909091       1 0.880000 0.548077 0.675214 0.384615 0.525735       1       1     0.059864
    432   h0 0.151515       1 0.000000 0.000000 0.398860 0.000000 0.000000       1       1     0.000000
    433   h0 0.871212       1 0.720000 0.721154 0.740741 0.890110 0.812500       1       1     0.242336
    434   h0 0.909091       1 0.750000 0.750000 0.769231 0.923077 0.812500       1       1     0.295017
    435   h0 0.909091       1 0.750000 0.750000 0.769231 0.923077 0.812500       1       1     0.295017
    436   h0 0.909091       1 0.660000 0.548077 0.769231 0.923077 0.525735       1       1     0.122759
    437   h0 0.151515       1 0.000000 0.000000 0.569801 0.593407 0.000000       1       1     0.000000
    438   h0 0.696970       1 0.720000 0.801282 0.740741 0.741758 0.812500       1       1     0.179508
    439   h0 0.727273       1 0.750000 0.833333 0.769231 0.769231 0.812500       1       1     0.218531
    440   h0 0.727273       1 0.750000 0.833333 0.769231 0.769231 0.812500       1       1     0.218531
    441   h0 0.727273       1 0.660000 0.608974 0.769231 0.769231 0.525735       1       1     0.090933
    442   h0 0.121212       1 0.000000 0.000000 0.569801 0.494505 0.000000       1       1     0.000000
    443   h0 0.958333       1 0.720000 0.961538 0.740741 0.815934 0.812500       1       1     0.325807
    444   h0 1.000000       1 0.750000 1.000000 0.769231 0.846154 0.812500       1       1     0.396635
    445   h0 1.000000       1 0.750000 1.000000 0.769231 0.846154 0.812500       1       1     0.396635
    446   h0 1.000000       1 0.660000 0.730769 0.643875 0.846154 0.525735       1       1     0.138147
    447   h0 0.166667       1 0.000000 0.000000 0.341880 0.543956 0.000000       1       1     0.000000
    800   h1 0.000000       1 0.000000 0.000000 0.076923 0.000000 0.000000       1       1     0.000000
    801   h1 0.000000       1 0.000000 0.000000 0.076923 0.000000 0.000000       1       1     0.000000
    802   h1 0.000000       1 0.000000 0.000000 0.000000 0.000000 0.000000       1       1     0.000000
    803   h1 0.916667       1 0.416667 0.961538 0.923077 0.519231 0.250000       1       1     0.044005
    804   h1 1.000000       1 0.416667 1.000000 0.923077 0.598901 0.250000       1       1     0.057587
    805   h1 0.750000       1 0.233333 0.500000 0.376068 0.219780 0.132353       1       1     0.000957
    806   h1 0.750000       1 0.750000 0.500000 1.000000 0.769231 0.812500       1       1     0.175781
    807   h1 0.818182       1 0.750000 0.500000 1.000000 0.706044 0.812500       1       1     0.176010
    808   h1 0.613636       1 0.450000 0.250000 0.407407 0.247253 0.573529       1       1     0.003988
    809   h1 0.916667       1 0.583333 0.000000 0.000000 0.148352 0.125000       1       1     0.000000
    810   h1 1.000000       1 0.583333 0.000000 0.000000 0.214286 0.125000       1       1     0.000000
    811   h1 0.750000       1 0.350000 0.000000 0.000000 0.082418 0.088235       1       1     0.000000
    824   h1 0.666667       1 0.743333 0.721154 1.000000 0.815934 0.812500       1       1     0.236918
    825   h1 0.727273       1 0.750000 0.750000 0.923077 0.785714 0.812500       1       1     0.241071
    826   h1 0.681818       1 0.493333 0.375000 0.923077 0.571429 0.573529       1       1     0.038159
    827   h1 0.545455       1 0.140000 0.000000 0.512821 0.230769 0.000000       1       1     0.000000
    828   h1 0.666667       1 0.880000 0.740385 0.769231 0.741758 0.812500       1       1     0.201368
    829   h1 0.727273       1 0.916667 0.750000 0.769231 0.769231 0.812500       1       1     0.240385
    830   h1 0.727273       1 0.916667 0.625000 0.769231 0.769231 0.702206       1       1     0.173128
    831   h1 0.727273       1 0.770000 0.346154 0.427350 0.384615 0.270221       1       1     0.008610
    832   h1 0.689394       1 0.750000 1.000000 0.769231 1.000000 0.812500       1       1     0.323153
    833   h1 0.727273       1 0.750000 1.000000 0.769231 1.000000 0.812500       1       1     0.340909
    834   h1 0.727273       1 0.750000 0.884615 0.769231 1.000000 0.803309       1       1     0.298162
    835   h1 0.545455       1 0.300000 0.000000 0.615385 0.821429 0.286765       1       1     0.000000
    836   h1 0.727273       1 0.750000 0.916667 0.769231 0.846154 0.812500       1       1     0.264423
    837   h1 0.727273       1 0.750000 0.916667 0.769231 0.846154 0.812500       1       1     0.264423
    838   h1 0.727273       1 0.750000 0.916667 0.769231 0.846154 0.812500       1       1     0.264423
    839   h1 0.587121       1 0.360000 0.352564 0.113960 0.120879 0.334559       1       1     0.000343
    840   h1 1.000000       1 1.000000 0.750000 1.000000 0.769231 0.875000       1       1     0.504808
    841   h1 1.000000       1 1.000000 0.750000 1.000000 0.769231 0.875000       1       1     0.504808
    842   h1 1.000000       1 1.000000 0.750000 1.000000 0.769231 0.875000       1       1     0.504808
    843   h1 0.833333       1 0.560000 0.256410 0.185185 0.107143 0.334559       1       1     0.000794
    844   h1 0.818182       1 0.833333 0.750000 0.923077 0.769231 0.812500       1       1     0.295017
    845   h1 0.818182       1 0.833333 0.750000 0.923077 0.769231 0.812500       1       1     0.295017
    846   h1 0.818182       1 0.833333 0.750000 0.923077 0.750000 0.812500       1       1     0.287642
    847   h1 0.681818       1 0.433333 0.250000 0.170940 0.052198 0.334559       1       1     0.000220
    848   h1 0.712121       1 0.750000 0.750000 0.769231 0.769231 0.812500       1       1     0.192581
    849   h1 0.727273       1 0.750000 0.750000 0.769231 0.769231 0.812500       1       1     0.196678
    850   h1 0.727273       1 0.703333 0.730769 0.769231 0.769231 0.792279       1       1     0.175239
    851   h1 0.439394       1 0.126667 0.333333 0.569801 0.384615 0.286765       1       1     0.001166
    852   h1 0.666667       1 1.000000 0.750000 0.769231 0.964286 0.812500       1       1     0.301339
    853   h1 0.727273       1 1.000000 0.750000 0.769231 0.936813 0.812500       1       1     0.319368
    854   h1 0.727273       1 1.000000 0.750000 0.769231 0.975275 0.702206       1       1     0.287347
    855   h1 0.727273       1 0.840000 0.519231 0.427350 0.500000 0.270221       1       1     0.018315
    856   h1 0.666667       1 0.750000 0.750000 0.846154 1.000000 0.812500       1       1     0.257812
    857   h1 0.727273       1 0.750000 0.750000 0.846154 1.000000 0.812500       1       1     0.281250
    858   h1 0.636364       1 0.450000 0.500000 0.846154 1.000000 0.573529       1       1     0.069485
    859   h1 0.363636       1 0.000000 0.173077 0.470085 0.500000 0.000000       1       1     0.000000
    896   h1 0.916667       1 0.960000 0.750000 0.769231 0.741758 0.812500       1       1     0.305975
    897   h1 1.000000       1 1.000000 0.750000 0.769231 0.769231 0.812500       1       1     0.360577
    898   h1 1.000000       1 0.916667 0.750000 0.769231 0.769231 0.812500       1       1     0.330529
    899   h1 1.000000       1 0.770000 0.519231 0.666667 0.423077 0.501838       1       1     0.056590
    900   h1 0.166667       1 0.000000 0.000000 0.378917 0.049451 0.000000       1       1     0.000000
    901   h1 0.833333       1 0.746667 0.750000 0.769231 0.815934 0.812500       1       1     0.237981
    902   h1 0.909091       1 0.750000 0.750000 0.769231 0.846154 0.812500       1       1     0.270433
    903   h1 0.909091       1 0.750000 0.750000 0.769231 0.846154 0.812500       1       1     0.270433
    904   h1 0.909091       1 0.630000 0.519231 0.769231 0.846154 0.520221       1       1     0.100694
    905   h1 0.151515       1 0.000000 0.000000 0.541311 0.543956 0.000000       1       1     0.000000
    906   h1 0.666667       1 0.750000 0.916667 0.769231 0.741758 0.812500       1       1     0.212483
    907   h1 0.727273       1 0.750000 0.916667 0.769231 0.769231 0.812500       1       1     0.240385
    908   h1 0.727273       1 0.750000 0.916667 0.769231 0.769231 0.812500       1       1     0.240385
    909   h1 0.727273       1 0.630000 0.634615 0.769231 0.769231 0.501838       1       1     0.086343
    910   h1 0.121212       1 0.000000 0.000000 0.541311 0.494505 0.000000       1       1     0.000000
    911   h1 0.958333       1 0.750000 1.000000 0.769231 0.741758 0.812500       1       1     0.333212
    912   h1 1.000000       1 0.750000 1.000000 0.769231 0.769231 0.812500       1       1     0.360577
    913   h1 1.000000       1 0.833333 1.000000 0.769231 0.769231 0.812500       1       1     0.400641
    914   h1 1.000000       1 0.700000 0.692308 0.632479 0.769231 0.501838       1       1     0.118321
    915   h1 0.166667       1 0.000000 0.000000 0.324786 0.494505 0.000000       1       1     0.000000