 ChipID Half  Layer0   Layer1   Layer2   Layer3   Layer4   Layer5   Layer6  Layer7  Layer8  Pseaudo_Eff
    332   h0       1 0.696970 0.000000 0.000000 0.074074 0.000000 0.000000       1       1     0.000000
    333   h0       1 0.670455 0.000000 0.000000 0.076923 0.000000 0.000000       1       1     0.000000
    334   h0       1 0.424242 0.000000 0.000000 0.000000 0.000000 0.000000       1       1     0.000000
    335   h0       1 0.609848 0.480000 0.961538 0.888889 0.519231 0.250000       1       1     0.032477
    336   h0       1 0.696970 0.500000 1.000000 0.923077 0.538462 0.250000       1       1     0.043303
    337   h0       1 0.484848 0.250000 0.500000 0.376068 0.192308 0.183824       1       1     0.000806
    338   h0       1 0.958333 0.640000 0.400641 0.962963 0.741758 0.812500       1       1     0.142609
    339   h0       1 1.000000 0.666667 0.416667 1.000000 0.769231 0.812500       1       1     0.173611
    340   h0       1 0.666667 0.400000 0.208333 0.370370 0.274725 0.597426       1       1     0.003377
    341   h0       1 0.000000 0.640000 0.000000 0.000000 0.148352 0.062500       1       1     0.000000
    342   h0       1 0.000000 0.666667 0.000000 0.000000 0.153846 0.062500       1       1     0.000000
    343   h0       1 0.000000 0.400000 0.000000 0.000000 0.082418 0.045956       1       1     0.000000
    356   h0       1 0.784091 0.720000 0.801282 0.962963 0.741758 0.812500       1       1     0.262530
    357   h0       1 0.818182 0.750000 0.833333 0.923077 0.769231 0.812500       1       1     0.295017
    358   h0       1 0.545455 0.516667 0.416667 0.923077 0.521978 0.597426       1       1     0.033801
    359   h0       1 0.000000 0.146667 0.000000 0.547009 0.192308 0.000000       1       1     0.000000
    360   h0       1 0.958333 0.880000 0.721154 0.740741 0.741758 0.812500       1       1     0.271506
    361   h0       1 1.000000 0.916667 0.750000 0.769231 0.769231 0.812500       1       1     0.330529
    362   h0       1 1.000000 0.916667 0.666667 0.769231 0.769231 0.713235       1       1     0.257909
    363   h0       1 1.000000 0.806667 0.365385 0.455840 0.384615 0.283088       1       1     0.014629
    364   h0       1 0.818182 0.736667 1.000000 0.769231 1.000000 0.812500       1       1     0.376705
    365   h0       1 0.818182 0.750000 1.000000 0.769231 1.000000 0.812500       1       1     0.383523
    366   h0       1 0.818182 0.750000 0.884615 0.769231 1.000000 0.801471       1       1     0.334665
    367   h0       1 0.204545 0.330000 0.000000 0.643875 0.821429 0.286765       1       1     0.000000
    368   h0       1 1.000000 0.750000 0.916667 0.769231 0.846154 0.875000       1       1     0.391550
    369   h0       1 1.000000 0.750000 0.916667 0.769231 0.846154 0.875000       1       1     0.391550
    370   h0       1 1.000000 0.750000 0.916667 0.769231 0.846154 0.875000       1       1     0.391550
    371   h0       1 0.791667 0.400000 0.352564 0.113960 0.120879 0.386029       1       1     0.000594
    372   h0       1 0.727273 1.000000 0.750000 1.000000 0.769231 0.875000       1       1     0.367133
    373   h0       1 0.727273 1.000000 0.750000 1.000000 0.769231 0.875000       1       1     0.367133
    374   h0       1 0.727273 1.000000 0.750000 1.000000 0.769231 0.875000       1       1     0.367133
    375   h0       1 0.575758 0.560000 0.285256 0.222222 0.104396 0.386029       1       1     0.000824
    376   h0       1 0.727273 0.833333 0.750000 0.923077 0.769231 0.812500       1       1     0.262238
    377   h0       1 0.727273 0.833333 0.750000 0.923077 0.769231 0.812500       1       1     0.262238
    378   h0       1 0.727273 0.833333 0.750000 0.923077 0.769231 0.812500       1       1     0.262238
    379   h0       1 0.530303 0.466667 0.269231 0.170940 0.060440 0.358456       1       1     0.000247
    380   h0       1 0.727273 0.750000 0.750000 0.769231 0.769231 0.812500       1       1     0.196678
    381   h0       1 0.727273 0.750000 0.750000 0.769231 0.769231 0.812500       1       1     0.196678
    382   h0       1 0.727273 0.703333 0.711538 0.769231 0.769231 0.775735       1       1     0.167064
    383   h0       1 0.750000 0.133333 0.314103 0.598291 0.351648 0.308824       1       1     0.002041
    384   h0       1 0.696970 0.960000 0.801282 0.740741 0.928571 0.812500       1       1     0.299623
    385   h0       1 0.727273 1.000000 0.833333 0.769231 1.000000 0.812500       1       1     0.378788
    386   h0       1 0.727273 1.000000 0.833333 0.769231 1.000000 0.696691       1       1     0.324798
    387   h0       1 0.727273 0.880000 0.608974 0.455840 0.500000 0.242647       1       1     0.021554
    388   h0       1 0.696970 0.720000 0.721154 0.814815 0.857143 0.812500       1       1     0.205357
    389   h0       1 0.727273 0.750000 0.750000 0.846154 0.923077 0.812500       1       1     0.259615
    390   h0       1 0.727273 0.450000 0.458333 0.846154 0.923077 0.597426       1       1     0.069994
    391   h0       1 0.727273 0.000000 0.121795 0.501425 0.461538 0.000000       1       1     0.000000
    428   h0       1 0.696970 0.960000 0.721154 0.740741 0.741758 0.812500       1       1     0.215410
    429   h0       1 0.727273 1.000000 0.750000 0.769231 0.769231 0.812500       1       1     0.262238
    430   h0       1 0.727273 1.000000 0.750000 0.769231 0.769231 0.812500       1       1     0.262238
    431   h0       1 0.727273 0.880000 0.548077 0.675214 0.384615 0.525735       1       1     0.047891
    432   h0       1 0.060606 0.000000 0.000000 0.398860 0.000000 0.000000       1       1     0.000000
    433   h0       1 0.696970 0.720000 0.721154 0.740741 0.890110 0.812500       1       1     0.193869
    434   h0       1 0.727273 0.750000 0.750000 0.769231 0.923077 0.812500       1       1     0.236014
    435   h0       1 0.727273 0.750000 0.750000 0.769231 0.923077 0.812500       1       1     0.236014
    436   h0       1 0.727273 0.660000 0.548077 0.769231 0.923077 0.525735       1       1     0.098207
    437   h0       1 0.060606 0.000000 0.000000 0.569801 0.593407 0.000000       1       1     0.000000
    438   h0       1 0.958333 0.720000 0.801282 0.740741 0.741758 0.812500       1       1     0.246823
    439   h0       1 1.000000 0.750000 0.833333 0.769231 0.769231 0.812500       1       1     0.300481
    440   h0       1 1.000000 0.750000 0.833333 0.769231 0.769231 0.812500       1       1     0.300481
    441   h0       1 1.000000 0.660000 0.608974 0.769231 0.769231 0.525735       1       1     0.125033
    442   h0       1 0.083333 0.000000 0.000000 0.569801 0.494505 0.000000       1       1     0.000000
    443   h0       1 0.696970 0.720000 0.961538 0.740741 0.815934 0.812500       1       1     0.236951
    444   h0       1 0.727273 0.750000 1.000000 0.769231 0.846154 0.812500       1       1     0.288462
    445   h0       1 0.727273 0.750000 1.000000 0.769231 0.846154 0.812500       1       1     0.288462
    446   h0       1 0.727273 0.660000 0.730769 0.643875 0.846154 0.525735       1       1     0.100471
    447   h0       1 0.060606 0.000000 0.000000 0.341880 0.543956 0.000000       1       1     0.000000
    800   h1       1 0.609848 0.000000 0.000000 0.076923 0.000000 0.000000       1       1     0.000000
    801   h1       1 0.636364 0.000000 0.000000 0.076923 0.000000 0.000000       1       1     0.000000
    802   h1       1 0.450758 0.000000 0.000000 0.000000 0.000000 0.000000       1       1     0.000000
    803   h1       1 0.696970 0.416667 0.961538 0.923077 0.519231 0.250000       1       1     0.033459
    804   h1       1 0.727273 0.416667 1.000000 0.923077 0.598901 0.250000       1       1     0.041881
    805   h1       1 0.515152 0.233333 0.500000 0.376068 0.219780 0.132353       1       1     0.000657
    806   h1       1 0.958333 0.750000 0.500000 1.000000 0.769231 0.812500       1       1     0.224609
    807   h1       1 1.000000 0.750000 0.500000 1.000000 0.706044 0.812500       1       1     0.215123
    808   h1       1 0.708333 0.450000 0.250000 0.407407 0.247253 0.573529       1       1     0.004604
    809   h1       1 0.000000 0.583333 0.000000 0.000000 0.148352 0.125000       1       1     0.000000
    810   h1       1 0.000000 0.583333 0.000000 0.000000 0.214286 0.125000       1       1     0.000000
    811   h1       1 0.000000 0.350000 0.000000 0.000000 0.082418 0.088235       1       1     0.000000
    824   h1       1 0.871212 0.743333 0.721154 1.000000 0.815934 0.812500       1       1     0.309609
    825   h1       1 0.909091 0.750000 0.750000 0.923077 0.785714 0.812500       1       1     0.301339
    826   h1       1 0.643939 0.493333 0.375000 0.923077 0.571429 0.573529       1       1     0.036039
    827   h1       1 0.000000 0.140000 0.000000 0.512821 0.230769 0.000000       1       1     0.000000
    828   h1       1 0.958333 0.880000 0.740385 0.769231 0.741758 0.812500       1       1     0.289467
    829   h1       1 1.000000 0.916667 0.750000 0.769231 0.769231 0.812500       1       1     0.330529
    830   h1       1 1.000000 0.916667 0.625000 0.769231 0.769231 0.702206       1       1     0.238051
    831   h1       1 1.000000 0.770000 0.346154 0.427350 0.384615 0.270221       1       1     0.011838
    832   h1       1 0.818182 0.750000 1.000000 0.769231 1.000000 0.812500       1       1     0.383523
    833   h1       1 0.818182 0.750000 1.000000 0.769231 1.000000 0.812500       1       1     0.383523
    834   h1       1 0.818182 0.750000 0.884615 0.769231 1.000000 0.803309       1       1     0.335432
    835   h1       1 0.227273 0.300000 0.000000 0.615385 0.821429 0.286765       1       1     0.000000
    836   h1       1 1.000000 0.750000 0.916667 0.769231 0.846154 0.812500       1       1     0.363582
    837   h1       1 1.000000 0.750000 0.916667 0.769231 0.846154 0.812500       1       1     0.363582
    838   h1       1 1.000000 0.750000 0.916667 0.769231 0.846154 0.812500       1       1     0.363582
    839   h1       1 0.750000 0.360000 0.352564 0.113960 0.120879 0.334559       1       1     0.000439
    840   h1       1 0.727273 1.000000 0.750000 1.000000 0.769231 0.875000       1       1     0.367133
    841   h1       1 0.727273 1.000000 0.750000 1.000000 0.769231 0.875000       1       1     0.367133
    842   h1       1 0.727273 1.000000 0.750000 1.000000 0.769231 0.875000       1       1     0.367133
    843   h1       1 0.541667 0.560000 0.256410 0.185185 0.107143 0.334559       1       1     0.000516
    844   h1       1 0.727273 0.833333 0.750000 0.923077 0.769231 0.812500       1       1     0.262238
    845   h1       1 0.727273 0.833333 0.750000 0.923077 0.769231 0.812500       1       1     0.262238
    846   h1       1 0.727273 0.833333 0.750000 0.923077 0.750000 0.812500       1       1     0.255682
    847   h1       1 0.511364 0.433333 0.250000 0.170940 0.052198 0.334559       1       1     0.000165
    848   h1       1 0.818182 0.750000 0.750000 0.769231 0.769231 0.812500       1       1     0.221263
    849   h1       1 0.818182 0.750000 0.750000 0.769231 0.769231 0.812500       1       1     0.221263
    850   h1       1 0.818182 0.703333 0.730769 0.769231 0.769231 0.792279       1       1     0.197144
    851   h1       1 0.715909 0.126667 0.333333 0.569801 0.384615 0.286765       1       1     0.001900
    852   h1       1 0.696970 1.000000 0.750000 0.769231 0.964286 0.812500       1       1     0.315037
    853   h1       1 0.727273 1.000000 0.750000 0.769231 0.936813 0.812500       1       1     0.319368
    854   h1       1 0.727273 1.000000 0.750000 0.769231 0.975275 0.702206       1       1     0.287347
    855   h1       1 0.727273 0.840000 0.519231 0.427350 0.500000 0.270221       1       1     0.018315
    856   h1       1 0.784091 0.750000 0.750000 0.846154 1.000000 0.812500       1       1     0.303223
    857   h1       1 0.818182 0.750000 0.750000 0.846154 1.000000 0.812500       1       1     0.316406
    858   h1       1 0.818182 0.450000 0.500000 0.846154 1.000000 0.573529       1       1     0.089338
    859   h1       1 0.818182 0.000000 0.173077 0.470085 0.500000 0.000000       1       1     0.000000
    896   h1       1 0.696970 0.960000 0.750000 0.769231 0.741758 0.812500       1       1     0.232642
    897   h1       1 0.727273 1.000000 0.750000 0.769231 0.769231 0.812500       1       1     0.262238
    898   h1       1 0.727273 0.916667 0.750000 0.769231 0.769231 0.812500       1       1     0.240385
    899   h1       1 0.727273 0.770000 0.519231 0.666667 0.423077 0.501838       1       1     0.041157
    900   h1       1 0.030303 0.000000 0.000000 0.378917 0.049451 0.000000       1       1     0.000000
    901   h1       1 0.696970 0.746667 0.750000 0.769231 0.815934 0.812500       1       1     0.199038
    902   h1       1 0.727273 0.750000 0.750000 0.769231 0.846154 0.812500       1       1     0.216346
    903   h1       1 0.727273 0.750000 0.750000 0.769231 0.846154 0.812500       1       1     0.216346
    904   h1       1 0.727273 0.630000 0.519231 0.769231 0.846154 0.520221       1       1     0.080555
    905   h1       1 0.030303 0.000000 0.000000 0.541311 0.543956 0.000000       1       1     0.000000
    906   h1       1 0.958333 0.750000 0.916667 0.769231 0.741758 0.812500       1       1     0.305444
    907   h1       1 1.000000 0.750000 0.916667 0.769231 0.769231 0.812500       1       1     0.330529
    908   h1       1 1.000000 0.750000 0.916667 0.769231 0.769231 0.812500       1       1     0.330529
    909   h1       1 1.000000 0.630000 0.634615 0.769231 0.769231 0.501838       1       1     0.118721
    910   h1       1 0.041667 0.000000 0.000000 0.541311 0.494505 0.000000       1       1     0.000000
    911   h1       1 0.696970 0.750000 1.000000 0.769231 0.741758 0.812500       1       1     0.242336
    912   h1       1 0.727273 0.750000 1.000000 0.769231 0.769231 0.812500       1       1     0.262238
    913   h1       1 0.727273 0.833333 1.000000 0.769231 0.769231 0.812500       1       1     0.291375
    914   h1       1 0.727273 0.700000 0.692308 0.632479 0.769231 0.501838       1       1     0.086052
    915   h1       1 0.030303 0.000000 0.000000 0.324786 0.494505 0.000000       1       1     0.000000