 ChipID Half  Layer0   Layer1   Layer2   Layer3   Layer4  Layer5   Layer6   Layer7  Layer8  Pseaudo_Eff
    332   h0       1 0.696970 0.000000 0.000000 0.074074       1 0.000000 0.000000       1     0.000000
    333   h0       1 0.670455 0.000000 0.000000 0.076923       1 0.000000 0.000000       1     0.000000
    334   h0       1 0.424242 0.000000 0.000000 0.000000       1 0.000000 0.000000       1     0.000000
    335   h0       1 0.609848 0.480000 0.961538 0.888889       1 0.250000 0.687500       1     0.043002
    336   h0       1 0.696970 0.500000 1.000000 0.923077       1 0.250000 0.687500       1     0.055288
    337   h0       1 0.484848 0.250000 0.500000 0.376068       1 0.183824 0.451786       1     0.001893
    338   h0       1 0.958333 0.640000 0.400641 0.962963       1 0.812500 0.312500       1     0.060081
    339   h0       1 1.000000 0.666667 0.416667 1.000000       1 0.812500 0.312500       1     0.070530
    340   h0       1 0.666667 0.400000 0.208333 0.370370       1 0.597426 0.205357       1     0.002524
    341   h0       1 0.000000 0.640000 0.000000 0.000000       1 0.062500 0.000000       1     0.000000
    342   h0       1 0.000000 0.666667 0.000000 0.000000       1 0.062500 0.000000       1     0.000000
    343   h0       1 0.000000 0.400000 0.000000 0.000000       1 0.045956 0.000000       1     0.000000
    356   h0       1 0.784091 0.720000 0.801282 0.962963       1 0.812500 0.812500       1     0.287568
    357   h0       1 0.818182 0.750000 0.833333 0.923077       1 0.812500 0.812500       1     0.311612
    358   h0       1 0.545455 0.516667 0.416667 0.923077       1 0.597426 0.533929       1     0.034575
    359   h0       1 0.000000 0.146667 0.000000 0.547009       1 0.000000 0.000000       1     0.000000
    360   h0       1 0.958333 0.880000 0.721154 0.740741       1 0.812500 0.875000       1     0.320276
    361   h0       1 1.000000 0.916667 0.750000 0.769231       1 0.812500 0.875000       1     0.375977
    362   h0       1 1.000000 0.916667 0.666667 0.769231       1 0.713235 0.575000       1     0.192787
    363   h0       1 1.000000 0.806667 0.365385 0.455840       1 0.283088 0.000000       1     0.000000
    364   h0       1 0.818182 0.736667 1.000000 0.769231       1 0.812500 0.812500       1     0.306072
    365   h0       1 0.818182 0.750000 1.000000 0.769231       1 0.812500 0.812500       1     0.311612
    366   h0       1 0.818182 0.750000 0.884615 0.769231       1 0.801471 0.683929       1     0.228887
    367   h0       1 0.204545 0.330000 0.000000 0.643875       1 0.286765 0.133929       1     0.000000
    368   h0       1 1.000000 0.750000 0.916667 0.769231       1 0.875000 0.812500       1     0.375977
    369   h0       1 1.000000 0.750000 0.916667 0.769231       1 0.875000 0.812500       1     0.375977
    370   h0       1 1.000000 0.750000 0.916667 0.769231       1 0.875000 0.812500       1     0.375977
    371   h0       1 0.791667 0.400000 0.352564 0.113960       1 0.386029 0.182143       1     0.000895
    372   h0       1 0.727273 1.000000 0.750000 1.000000       1 0.875000 0.812500       1     0.387784
    373   h0       1 0.727273 1.000000 0.750000 1.000000       1 0.875000 0.812500       1     0.387784
    374   h0       1 0.727273 1.000000 0.750000 1.000000       1 0.875000 0.812500       1     0.387784
    375   h0       1 0.575758 0.560000 0.285256 0.222222       1 0.386029 0.232143       1     0.001832
    376   h0       1 0.727273 0.833333 0.750000 0.923077       1 0.812500 0.812500       1     0.276989
    377   h0       1 0.727273 0.833333 0.750000 0.923077       1 0.812500 0.812500       1     0.276989
    378   h0       1 0.727273 0.833333 0.750000 0.923077       1 0.812500 0.812500       1     0.276989
    379   h0       1 0.530303 0.466667 0.269231 0.170940       1 0.358456 0.233929       1     0.000955
    380   h0       1 0.727273 0.750000 0.750000 0.769231       1 0.812500 0.875000       1     0.223722
    381   h0       1 0.727273 0.750000 0.750000 0.769231       1 0.812500 0.875000       1     0.223722
    382   h0       1 0.727273 0.703333 0.711538 0.769231       1 0.775735 0.875000       1     0.190036
    383   h0       1 0.750000 0.133333 0.314103 0.598291       1 0.308824 0.125000       1     0.000725
    384   h0       1 0.696970 0.960000 0.801282 0.740741       1 0.812500 0.812500       1     0.262170
    385   h0       1 0.727273 1.000000 0.833333 0.769231       1 0.812500 0.812500       1     0.307765
    386   h0       1 0.727273 1.000000 0.833333 0.769231       1 0.696691 0.726786       1     0.236058
    387   h0       1 0.727273 0.880000 0.608974 0.455840       1 0.242647 0.305357       1     0.013164
    388   h0       1 0.696970 0.720000 0.721154 0.814815       1 0.812500 0.812500       1     0.194661
    389   h0       1 0.727273 0.750000 0.750000 0.846154       1 0.812500 0.812500       1     0.228516
    390   h0       1 0.727273 0.450000 0.458333 0.846154       1 0.597426 0.533929       1     0.040486
    391   h0       1 0.727273 0.000000 0.121795 0.501425       1 0.000000 0.000000       1     0.000000
    428   h0       1 0.696970 0.960000 0.721154 0.740741       1 0.812500 0.812500       1     0.235953
    429   h0       1 0.727273 1.000000 0.750000 0.769231       1 0.812500 0.812500       1     0.276989
    430   h0       1 0.727273 1.000000 0.750000 0.769231       1 0.812500 0.812500       1     0.276989
    431   h0       1 0.727273 0.880000 0.548077 0.675214       1 0.525735 0.441071       1     0.054921
    432   h0       1 0.060606 0.000000 0.000000 0.398860       1 0.000000 0.000000       1     0.000000
    433   h0       1 0.696970 0.720000 0.721154 0.740741       1 0.812500 0.812500       1     0.176965
    434   h0       1 0.727273 0.750000 0.750000 0.769231       1 0.812500 0.812500       1     0.207741
    435   h0       1 0.727273 0.750000 0.750000 0.769231       1 0.812500 0.812500       1     0.207741
    436   h0       1 0.727273 0.660000 0.548077 0.769231       1 0.525735 0.441071       1     0.046926
    437   h0       1 0.060606 0.000000 0.000000 0.569801       1 0.000000 0.000000       1     0.000000
    438   h0       1 0.958333 0.720000 0.801282 0.740741       1 0.812500 0.875000       1     0.291160
    439   h0       1 1.000000 0.750000 0.833333 0.769231       1 0.812500 0.875000       1     0.341797
    440   h0       1 1.000000 0.750000 0.833333 0.769231       1 0.812500 0.875000       1     0.341797
    441   h0       1 1.000000 0.660000 0.608974 0.769231       1 0.525735 0.475000       1     0.077208
    442   h0       1 0.083333 0.000000 0.000000 0.569801       1 0.000000 0.000000       1     0.000000
    443   h0       1 0.696970 0.720000 0.961538 0.740741       1 0.812500 0.812500       1     0.235953
    444   h0       1 0.727273 0.750000 1.000000 0.769231       1 0.812500 0.812500       1     0.276989
    445   h0       1 0.727273 0.750000 1.000000 0.769231       1 0.812500 0.812500       1     0.276989
    446   h0       1 0.727273 0.660000 0.730769 0.643875       1 0.525735 0.441071       1     0.052372
    447   h0       1 0.060606 0.000000 0.000000 0.341880       1 0.000000 0.000000       1     0.000000
    800   h1       1 0.609848 0.000000 0.000000 0.076923       1 0.000000 0.000000       1     0.000000
    801   h1       1 0.636364 0.000000 0.000000 0.076923       1 0.000000 0.000000       1     0.000000
    802   h1       1 0.450758 0.000000 0.000000 0.000000       1 0.000000 0.000000       1     0.000000
    803   h1       1 0.696970 0.416667 0.961538 0.923077       1 0.250000 0.625000       1     0.040274
    804   h1       1 0.727273 0.416667 1.000000 0.923077       1 0.250000 0.625000       1     0.043706
    805   h1       1 0.515152 0.233333 0.500000 0.376068       1 0.132353 0.392857       1     0.001175
    806   h1       1 0.958333 0.750000 0.500000 1.000000       1 0.812500 0.375000       1     0.109497
    807   h1       1 1.000000 0.750000 0.500000 1.000000       1 0.812500 0.375000       1     0.114258
    808   h1       1 0.708333 0.450000 0.250000 0.407407       1 0.573529 0.235714       1     0.004389
    809   h1       1 0.000000 0.583333 0.000000 0.000000       1 0.125000 0.000000       1     0.000000
    810   h1       1 0.000000 0.583333 0.000000 0.000000       1 0.125000 0.000000       1     0.000000
    811   h1       1 0.000000 0.350000 0.000000 0.000000       1 0.088235 0.000000       1     0.000000
    824   h1       1 0.871212 0.743333 0.721154 1.000000       1 0.812500 0.812500       1     0.308306
    825   h1       1 0.909091 0.750000 0.750000 0.923077       1 0.812500 0.812500       1     0.311612
    826   h1       1 0.643939 0.493333 0.375000 0.923077       1 0.573529 0.510714       1     0.032210
    827   h1       1 0.000000 0.140000 0.000000 0.512821       1 0.000000 0.000000       1     0.000000
    828   h1       1 0.958333 0.880000 0.740385 0.769231       1 0.812500 0.875000       1     0.341464
    829   h1       1 1.000000 0.916667 0.750000 0.769231       1 0.812500 0.875000       1     0.375977
    830   h1       1 1.000000 0.916667 0.625000 0.769231       1 0.702206 0.550000       1     0.170206
    831   h1       1 1.000000 0.770000 0.346154 0.427350       1 0.270221 0.000000       1     0.000000
    832   h1       1 0.818182 0.750000 1.000000 0.769231       1 0.812500 0.812500       1     0.311612
    833   h1       1 0.818182 0.750000 1.000000 0.769231       1 0.812500 0.812500       1     0.311612
    834   h1       1 0.818182 0.750000 0.884615 0.769231       1 0.803309 0.651786       1     0.218630
    835   h1       1 0.227273 0.300000 0.000000 0.615385       1 0.286765 0.100000       1     0.000000
    836   h1       1 1.000000 0.750000 0.916667 0.769231       1 0.812500 0.812500       1     0.349121
    837   h1       1 1.000000 0.750000 0.916667 0.769231       1 0.812500 0.812500       1     0.349121
    838   h1       1 1.000000 0.750000 0.916667 0.769231       1 0.812500 0.812500       1     0.349121
    839   h1       1 0.750000 0.360000 0.352564 0.113960       1 0.334559 0.142857       1     0.000518
    840   h1       1 0.727273 1.000000 0.750000 1.000000       1 0.875000 0.812500       1     0.387784
    841   h1       1 0.727273 1.000000 0.750000 1.000000       1 0.875000 0.812500       1     0.387784
    842   h1       1 0.727273 1.000000 0.750000 1.000000       1 0.875000 0.812500       1     0.387784
    843   h1       1 0.541667 0.560000 0.256410 0.185185       1 0.334559 0.225000       1     0.001084
    844   h1       1 0.727273 0.833333 0.750000 0.923077       1 0.812500 0.812500       1     0.276989
    845   h1       1 0.727273 0.833333 0.750000 0.923077       1 0.812500 0.812500       1     0.276989
    846   h1       1 0.727273 0.833333 0.750000 0.923077       1 0.812500 0.812500       1     0.276989
    847   h1       1 0.511364 0.433333 0.250000 0.170940       1 0.334559 0.216071       1     0.000685
    848   h1       1 0.818182 0.750000 0.750000 0.769231       1 0.812500 0.812500       1     0.233709
    849   h1       1 0.818182 0.750000 0.750000 0.769231       1 0.812500 0.812500       1     0.233709
    850   h1       1 0.818182 0.703333 0.730769 0.769231       1 0.792279 0.812500       1     0.208233
    851   h1       1 0.715909 0.126667 0.333333 0.569801       1 0.286765 0.116071       1     0.000573
    852   h1       1 0.696970 1.000000 0.750000 0.769231       1 0.812500 0.812500       1     0.265447
    853   h1       1 0.727273 1.000000 0.750000 0.769231       1 0.812500 0.812500       1     0.276989
    854   h1       1 0.727273 1.000000 0.750000 0.769231       1 0.702206 0.742857       1     0.218869
    855   h1       1 0.727273 0.840000 0.519231 0.427350       1 0.270221 0.339286       1     0.012428
    856   h1       1 0.784091 0.750000 0.750000 0.846154       1 0.812500 0.812500       1     0.246368
    857   h1       1 0.818182 0.750000 0.750000 0.846154       1 0.812500 0.812500       1     0.257080
    858   h1       1 0.818182 0.450000 0.500000 0.846154       1 0.573529 0.510714       1     0.045626
    859   h1       1 0.818182 0.000000 0.173077 0.470085       1 0.000000 0.000000       1     0.000000
    896   h1       1 0.696970 0.960000 0.750000 0.769231       1 0.812500 0.812500       1     0.254830
    897   h1       1 0.727273 1.000000 0.750000 0.769231       1 0.812500 0.812500       1     0.276989
    898   h1       1 0.727273 0.916667 0.750000 0.769231       1 0.812500 0.812500       1     0.253906
    899   h1       1 0.727273 0.770000 0.519231 0.666667       1 0.501838 0.441071       1     0.042907
    900   h1       1 0.030303 0.000000 0.000000 0.378917       1 0.000000 0.000000       1     0.000000
    901   h1       1 0.696970 0.746667 0.750000 0.769231       1 0.812500 0.812500       1     0.198201
    902   h1       1 0.727273 0.750000 0.750000 0.769231       1 0.812500 0.812500       1     0.207741
    903   h1       1 0.727273 0.750000 0.750000 0.769231       1 0.812500 0.812500       1     0.207741
    904   h1       1 0.727273 0.630000 0.519231 0.769231       1 0.520221 0.437500       1     0.041651
    905   h1       1 0.030303 0.000000 0.000000 0.541311       1 0.000000 0.000000       1     0.000000
    906   h1       1 0.958333 0.750000 0.916667 0.769231       1 0.812500 0.875000       1     0.360311
    907   h1       1 1.000000 0.750000 0.916667 0.769231       1 0.812500 0.875000       1     0.375977
    908   h1       1 1.000000 0.750000 0.916667 0.769231       1 0.812500 0.875000       1     0.375977
    909   h1       1 1.000000 0.630000 0.634615 0.769231       1 0.501838 0.475000       1     0.073310
    910   h1       1 0.041667 0.000000 0.000000 0.541311       1 0.000000 0.000000       1     0.000000
    911   h1       1 0.696970 0.750000 1.000000 0.769231       1 0.812500 0.812500       1     0.265447
    912   h1       1 0.727273 0.750000 1.000000 0.769231       1 0.812500 0.812500       1     0.276989
    913   h1       1 0.727273 0.833333 1.000000 0.769231       1 0.812500 0.812500       1     0.307765
    914   h1       1 0.727273 0.700000 0.692308 0.632479       1 0.501838 0.419643       1     0.046944
    915   h1       1 0.030303 0.000000 0.000000 0.324786       1 0.000000 0.000000       1     0.000000