 ChipID Half  Layer0   Layer1  Layer2   Layer3   Layer4   Layer5   Layer6  Layer7   Layer8  Pseaudo_Eff
    344   h0       1 0.871212       1 0.480000 0.641026 0.000000 0.000000       1 0.000000     0.000000
    345   h0       1 0.965909       1 0.500000 0.666667 0.000000 0.000000       1 0.000000     0.000000
    346   h0       1 0.708333       1 0.280000 0.307692 0.000000 0.000000       1 0.000000     0.000000
    347   h0       1 0.784091       1 0.720000 0.721154 0.962963 0.800000       1 0.764706     0.239840
    348   h0       1 0.818182       1 0.750000 0.750000 1.000000 0.800000       1 0.823529     0.303209
    349   h0       1 0.579545       1 0.420000 0.570513 0.407407 0.635294       1 0.390093     0.014021
    350   h0       1 0.958333       1 0.240000 0.801282 0.888889 0.866667       1 0.058824     0.008351
    351   h0       1 1.000000       1 0.250000 0.833333 0.923077 0.866667       1 0.058824     0.009804
    352   h0       1 0.708333       1 0.140000 0.352564 0.376068 0.688235       1 0.027864     0.000252
    353   h0       1 0.000000       1 0.000000 0.000000 0.074074 0.000000       1 0.000000     0.000000
    354   h0       1 0.000000       1 0.000000 0.000000 0.076923 0.000000       1 0.000000     0.000000
    355   h0       1 0.000000       1 0.000000 0.000000 0.031339 0.000000       1 0.000000     0.000000
    392   h0       1 0.696970       1 0.800000 0.721154 0.814815 0.933333       1 0.823529     0.251830
    393   h0       1 0.727273       1 0.833333 0.750000 0.846154 0.933333       1 0.823529     0.295626
    394   h0       1 0.647727       1 0.448718 0.750000 0.846154 0.741176       1 0.390093     0.053329
    395   h0       1 0.454545       1 0.000000 0.490385 0.501425 0.000000       1 0.000000     0.000000
    396   h0       1 0.696970       1 0.960000 0.801282 0.740741 0.933333       1 0.882353     0.327051
    397   h0       1 0.727273       1 1.000000 0.833333 0.769231 0.933333       1 0.860681     0.374500
    398   h0       1 0.727273       1 1.000000 0.833333 0.769231 0.933333       1 0.823529     0.358334
    399   h0       1 0.727273       1 0.769231 0.544872 0.455840 0.658824       1 0.238390     0.021823
    400   h0       1 0.727273       1 0.750000 0.750000 0.769231 0.800000       1 0.823529     0.207322
    401   h0       1 0.727273       1 0.750000 0.750000 0.769231 0.800000       1 0.823529     0.207322
    402   h0       1 0.727273       1 0.680000 0.750000 0.769231 0.800000       1 0.823529     0.187972
    403   h0       1 0.454545       1 0.115385 0.384615 0.598291 0.333333       1 0.043344     0.000174
    404   h0       1 0.818182       1 0.833333 0.750000 0.846154 0.800000       1 0.823529     0.285068
    405   h0       1 0.818182       1 0.833333 0.750000 0.846154 0.800000       1 0.823529     0.285068
    406   h0       1 0.818182       1 0.833333 0.750000 0.846154 0.800000       1 0.823529     0.285068
    407   h0       1 0.681818       1 0.384615 0.221154 0.188034 0.405882       1 0.068111     0.000301
    408   h0       1 1.000000       1 1.000000 0.750000 1.000000 0.800000       1 0.823529     0.494118
    409   h0       1 1.000000       1 1.000000 0.750000 1.000000 0.800000       1 0.823529     0.494118
    410   h0       1 1.000000       1 1.000000 0.750000 1.000000 0.800000       1 0.823529     0.494118
    411   h0       1 0.875000       1 0.461538 0.224359 0.222222 0.423529       1 0.065015     0.000554
    412   h0       1 0.727273       1 0.750000 0.833333 0.769231 0.800000       1 0.823529     0.230358
    413   h0       1 0.727273       1 0.750000 0.833333 0.769231 0.800000       1 0.823529     0.230358
    414   h0       1 0.727273       1 0.750000 0.833333 0.769231 0.800000       1 0.767802     0.214770
    415   h0       1 0.587121       1 0.317308 0.288462 0.142450 0.358824       1 0.038700     0.000106
    416   h0       1 0.689394       1 0.750000 1.000000 0.769231 0.800000       1 0.823529     0.262032
    417   h0       1 0.727273       1 0.750000 1.000000 0.769231 0.800000       1 0.823529     0.276429
    418   h0       1 0.727273       1 0.730769 1.000000 0.769231 0.758824       1 0.823529     0.255478
    419   h0       1 0.545455       1 0.201923 1.000000 0.643875 0.205882       1 0.255418     0.003729
    420   h0       1 0.696970       1 0.960000 0.721154 0.712251 0.800000       1 0.823529     0.226420
    421   h0       1 0.727273       1 1.000000 0.750000 0.769231 0.800000       1 0.823529     0.276429
    422   h0       1 0.727273       1 1.000000 0.750000 0.769231 0.662745       1 0.606811     0.168739
    423   h0       1 0.727273       1 0.800000 0.490385 0.455840 0.094118       1 0.119195     0.001459
    424   h0       1 0.696970       1 0.720000 0.721154 0.925926 0.800000       1 0.823529     0.220760
    425   h0       1 0.727273       1 0.750000 0.750000 1.000000 0.800000       1 0.823529     0.269519
    426   h0       1 0.674242       1 0.420000 0.653846 1.000000 0.635294       1 0.390093     0.045886
    427   h0       1 0.545455       1 0.000000 0.381410 0.592593 0.000000       1 0.000000     0.000000
    448   h0       1 0.958333       1 0.720000 0.961538 0.740741 0.866667       1 0.823529     0.350763
    449   h0       1 1.000000       1 0.750000 1.000000 0.769231 0.866667       1 0.823529     0.411765
    450   h0       1 1.000000       1 0.750000 1.000000 0.769231 0.866667       1 0.823529     0.411765
    451   h0       1 1.000000       1 0.576923 1.000000 0.643875 0.611765       1 0.572755     0.130159
    452   h0       1 0.166667       1 0.000000 0.846154 0.341880 0.000000       1 0.061920     0.000000
    453   h0       1 0.696970       1 0.720000 0.801282 0.740741 0.800000       1 0.823529     0.196231
    454   h0       1 0.727273       1 0.750000 0.833333 0.769231 0.800000       1 0.823529     0.230358
    455   h0       1 0.727273       1 0.750000 0.833333 0.769231 0.800000       1 0.823529     0.230358
    456   h0       1 0.727273       1 0.600000 0.833333 0.769231 0.564706       1 0.823529     0.130084
    457   h0       1 0.121212       1 0.000000 0.705128 0.569801 0.000000       1 0.108359     0.000000
    458   h0       1 0.784091       1 0.720000 0.801282 0.769231 0.800000       1 0.823529     0.229250
    459   h0       1 0.909091       1 0.750000 0.833333 0.769231 0.800000       1 0.823529     0.287947
    460   h0       1 0.909091       1 0.750000 0.833333 0.769231 0.800000       1 0.823529     0.287947
    461   h0       1 0.909091       1 0.600000 0.833333 0.769231 0.564706       1 0.823529     0.162606
    462   h0       1 0.151515       1 0.000000 0.705128 0.569801 0.000000       1 0.108359     0.000000
    463   h0       1 0.958333       1 0.800000 0.721154 0.732194 0.800000       1 0.823529     0.266704
    464   h0       1 1.000000       1 0.833333 0.750000 0.769231 0.800000       1 0.823529     0.316742
    465   h0       1 1.000000       1 0.833333 0.750000 0.769231 0.800000       1 0.856037     0.329245
    466   h0       1 1.000000       1 0.666667 0.548077 0.675214 0.564706       1 0.255418     0.035585
    467   h0       1 0.166667       1 0.000000 0.141026 0.398860 0.000000       1 0.000000     0.000000
    812   h1       1 0.916667       1 0.400000 0.583333 0.000000 0.000000       1 0.000000     0.000000
    813   h1       1 1.000000       1 0.416667 0.583333 0.059829 0.000000       1 0.000000     0.000000
    814   h1       1 0.750000       1 0.216667 0.269231 0.031339 0.000000       1 0.000000     0.000000
    815   h1       1 0.750000       1 0.720000 0.750000 1.000000 0.733333       1 0.764706     0.227118
    816   h1       1 0.818182       1 0.750000 0.750000 0.940171 0.733333       1 0.764706     0.242647
    817   h1       1 0.613636       1 0.420000 0.525641 0.376068 0.635294       1 0.342105     0.011073
    818   h1       1 0.916667       1 0.333333 0.916667 1.000000 0.800000       1 0.106811     0.023934
    819   h1       1 1.000000       1 0.333333 0.916667 0.940171 0.800000       1 0.058824     0.013519
    820   h1       1 0.750000       1 0.173333 0.423077 0.376068 0.611765       1 0.026316     0.000333
    821   h1       1 0.000000       1 0.000000 0.000000 0.000000 0.000000       1 0.000000     0.000000
    822   h1       1 0.000000       1 0.000000 0.000000 0.059829 0.000000       1 0.000000     0.000000
    823   h1       1 0.000000       1 0.000000 0.000000 0.031339 0.000000       1 0.000000     0.000000
    860   h1       1 0.666667       1 0.880000 0.750000 0.923077 0.866667       1 0.823529     0.289882
    861   h1       1 0.727273       1 0.916667 0.750000 0.923077 0.866667       1 0.823529     0.329412
    862   h1       1 0.636364       1 0.476667 0.750000 0.923077 0.662745       1 0.368421     0.051276
    863   h1       1 0.363636       1 0.000000 0.461538 0.512821 0.000000       1 0.000000     0.000000
    864   h1       1 0.666667       1 1.000000 0.916667 0.769231 0.933333       1 0.823529     0.361321
    865   h1       1 0.727273       1 1.000000 0.916667 0.769231 0.933333       1 0.823529     0.394168
    866   h1       1 0.727273       1 1.000000 0.916667 0.769231 0.933333       1 0.823529     0.394168
    867   h1       1 0.727273       1 0.769231 0.564103 0.427350 0.658824       1 0.216718     0.019256
    868   h1       1 0.715909       1 0.750000 0.750000 0.769231 0.800000       1 0.823529     0.204083
    869   h1       1 0.727273       1 0.750000 0.750000 0.769231 0.800000       1 0.823529     0.207322
    870   h1       1 0.727273       1 0.660256 0.750000 0.769231 0.800000       1 0.823529     0.182514
    871   h1       1 0.367424       1 0.115385 0.394231 0.569801 0.329412       1 0.021672     0.000068
    872   h1       1 0.818182       1 0.916667 0.750000 0.846154 0.800000       1 0.823529     0.313575
    873   h1       1 0.818182       1 0.916667 0.750000 0.846154 0.800000       1 0.823529     0.313575
    874   h1       1 0.818182       1 0.916667 0.750000 0.846154 0.800000       1 0.823529     0.313575
    875   h1       1 0.681818       1 0.423077 0.182692 0.156695 0.403922       1 0.044892     0.000150
    876   h1       1 1.000000       1 1.000000 0.750000 1.000000 0.800000       1 0.823529     0.494118
    877   h1       1 1.000000       1 1.000000 0.750000 1.000000 0.800000       1 0.823529     0.494118
    878   h1       1 1.000000       1 1.000000 0.750000 1.000000 0.800000       1 0.823529     0.494118
    879   h1       1 0.833333       1 0.461538 0.198718 0.222222 0.400000       1 0.043344     0.000294
    880   h1       1 0.727273       1 0.750000 0.916667 0.846154 0.800000       1 0.823529     0.278733
    881   h1       1 0.727273       1 0.750000 0.916667 0.846154 0.800000       1 0.823529     0.278733
    882   h1       1 0.727273       1 0.750000 0.916667 0.846154 0.800000       1 0.773994     0.261967
    883   h1       1 0.587121       1 0.288462 0.271605 0.125356 0.376471       1 0.037152     0.000081
    884   h1       1 0.681818       1 0.750000 1.000000 0.769231 0.800000       1 0.823529     0.259153
    885   h1       1 0.727273       1 0.750000 1.000000 0.769231 0.800000       1 0.823529     0.276429
    886   h1       1 0.727273       1 0.733974 1.000000 0.769231 0.752941       1 0.823529     0.254610
    887   h1       1 0.606061       1 0.259615 1.000000 0.678063 0.247059       1 0.253870     0.006692
    888   h1       1 0.666667       1 1.000000 0.750000 0.846154 0.800000       1 0.823529     0.278733
    889   h1       1 0.727273       1 1.000000 0.750000 0.786325 0.800000       1 0.801858     0.275136
    890   h1       1 0.727273       1 1.000000 0.750000 0.817664 0.658824       1 0.602167     0.176937
    891   h1       1 0.727273       1 0.769231 0.461538 0.470085 0.141176       1 0.123839     0.002122
    892   h1       1 0.666667       1 0.750000 0.750000 0.923077 0.800000       1 0.837461     0.231912
    893   h1       1 0.727273       1 0.750000 0.750000 0.923077 0.800000       1 0.882353     0.266557
    894   h1       1 0.704545       1 0.390000 0.701923 0.923077 0.611765       1 0.394737     0.042993
    895   h1       1 0.636364       1 0.000000 0.410256 0.512821 0.000000       1 0.000000     0.000000
    916   h1       1 0.916667       1 0.750000 1.000000 0.769231 0.933333       1 0.823529     0.406486
    917   h1       1 1.000000       1 0.750000 1.000000 0.769231 0.933333       1 0.823529     0.443439
    918   h1       1 1.000000       1 0.750000 1.000000 0.769231 0.933333       1 0.823529     0.443439
    919   h1       1 1.000000       1 0.570000 1.000000 0.666667 0.658824       1 0.530960     0.132927
    920   h1       1 0.166667       1 0.000000 0.807692 0.398860 0.000000       1 0.054180     0.000000
    921   h1       1 0.666667       1 0.733333 0.750000 0.769231 0.866667       1 0.823529     0.201307
    922   h1       1 0.727273       1 0.750000 0.750000 0.769231 0.866667       1 0.823529     0.224599
    923   h1       1 0.727273       1 0.750000 0.750000 0.769231 0.866667       1 0.823529     0.224599
    924   h1       1 0.727273       1 0.576923 0.750000 0.769231 0.637255       1 0.823529     0.127036
    925   h1       1 0.121212       1 0.000000 0.605769 0.569801 0.000000       1 0.108359     0.000000
    926   h1       1 0.833333       1 0.721154 0.750000 0.769231 0.800000       1 0.823529     0.228420
    927   h1       1 0.909091       1 0.750000 0.750000 0.769231 0.800000       1 0.823529     0.259153
    928   h1       1 0.909091       1 0.750000 0.750000 0.769231 0.800000       1 0.823529     0.259153
    929   h1       1 0.909091       1 0.576923 0.750000 0.769231 0.564706       1 0.823529     0.140716
    930   h1       1 0.151515       1 0.000000 0.611111 0.569801 0.000000       1 0.108359     0.000000
    931   h1       1 0.833333       1 0.881410 0.750000 0.692308 0.800000       1 0.823529     0.251262
    932   h1       1 0.909091       1 0.916667 0.750000 0.754986 0.800000       1 0.825077     0.311461
    933   h1       1 0.909091       1 0.916667 0.750000 0.723647 0.800000       1 0.823529     0.297972
    934   h1       1 0.909091       1 0.705128 0.525641 0.589744 0.564706       1 0.235294     0.026403
    935   h1       1 0.151515       1 0.000000 0.134615 0.341880 0.000000       1 0.000000     0.000000