 ChipID Half   Layer0  Layer1   Layer2  Layer3   Layer4   Layer5   Layer6   Layer7  Layer8  Pseaudo_Eff
    344   h0 0.434783       1 0.000000       1 0.641026 0.000000 0.000000 0.062500       1     0.000000
    345   h0 0.454545       1 0.000000       1 0.666667 0.000000 0.000000 0.062500       1     0.000000
    346   h0 0.355731       1 0.000000       1 0.307692 0.000000 0.000000 0.044643       1     0.000000
    347   h0 0.695652       1 0.960000       1 0.721154 0.962963 0.800000 0.812500       1     0.301449
    348   h0 0.727273       1 1.000000       1 0.750000 1.000000 0.800000 0.812500       1     0.354545
    349   h0 0.569170       1 0.640000       1 0.570513 0.407407 0.635294 0.580357       1     0.031217
    350   h0 0.695652       1 0.610909       1 0.801282 0.888889 0.866667 0.125000       1     0.032792
    351   h0 0.727273       1 0.636364       1 0.833333 0.923077 0.866667 0.125000       1     0.038567
    352   h0 0.600791       1 0.407273       1 0.352564 0.376068 0.688235 0.089286       1     0.001994
    353   h0 0.956522       1 0.436364       1 0.000000 0.074074 0.000000 0.000000       1     0.000000
    354   h0 1.000000       1 0.454545       1 0.000000 0.076923 0.000000 0.000000       1     0.000000
    355   h0 0.826087       1 0.290909       1 0.000000 0.031339 0.000000 0.000000       1     0.000000
    392   h0 0.956522       1 0.698182       1 0.721154 0.814815 0.933333 0.812500       1     0.297585
    393   h0 1.000000       1 0.727273       1 0.750000 0.846154 0.933333 0.812500       1     0.350000
    394   h0 1.000000       1 0.727273       1 0.750000 0.846154 0.741176 0.580357       1     0.198529
    395   h0 1.000000       1 0.669091       1 0.490385 0.501425 0.000000 0.000000       1     0.000000
    396   h0 0.695652       1 0.698182       1 0.801282 0.740741 0.933333 0.812500       1     0.218611
    397   h0 0.727273       1 0.727273       1 0.833333 0.769231 0.933333 0.812500       1     0.257117
    398   h0 0.727273       1 0.727273       1 0.833333 0.769231 0.933333 0.687500       1     0.217560
    399   h0 0.727273       1 0.669091       1 0.544872 0.455840 0.658824 0.225000       1     0.017916
    400   h0 0.909091       1 0.818182       1 0.750000 0.769231 0.800000 0.812500       1     0.278926
    401   h0 0.909091       1 0.818182       1 0.750000 0.769231 0.800000 0.812500       1     0.278926
    402   h0 0.909091       1 0.818182       1 0.750000 0.769231 0.800000 0.792857       1     0.272182
    403   h0 0.909091       1 0.654545       1 0.384615 0.598291 0.333333 0.278571       1     0.012715
    404   h0 0.727273       1 0.727273       1 0.750000 0.846154 0.800000 0.875000       1     0.234965
    405   h0 0.727273       1 0.727273       1 0.750000 0.846154 0.800000 0.875000       1     0.234965
    406   h0 0.727273       1 0.727273       1 0.750000 0.846154 0.800000 0.875000       1     0.234965
    407   h0 0.703557       1 0.461818       1 0.221154 0.188034 0.405882 0.350000       1     0.001919
    408   h0 0.727273       1 0.727273       1 0.750000 1.000000 0.800000 0.875000       1     0.277686
    409   h0 0.727273       1 0.727273       1 0.750000 1.000000 0.800000 0.875000       1     0.277686
    410   h0 0.727273       1 0.727273       1 0.750000 1.000000 0.800000 0.875000       1     0.277686
    411   h0 0.723320       1 0.490909       1 0.224359 0.222222 0.423529 0.350000       1     0.002624
    412   h0 1.000000       1 1.000000       1 0.833333 0.769231 0.800000 0.812500       1     0.416667
    413   h0 1.000000       1 1.000000       1 0.833333 0.769231 0.800000 0.812500       1     0.416667
    414   h0 1.000000       1 1.000000       1 0.833333 0.769231 0.800000 0.812500       1     0.416667
    415   h0 1.000000       1 0.680000       1 0.288462 0.142450 0.358824 0.325000       1     0.003259
    416   h0 0.727273       1 0.909091       1 1.000000 0.769231 0.800000 0.812500       1     0.330579
    417   h0 0.727273       1 0.909091       1 1.000000 0.769231 0.800000 0.812500       1     0.330579
    418   h0 0.727273       1 0.909091       1 1.000000 0.769231 0.758824 0.787500       1     0.303915
    419   h0 0.316206       1 0.181818       1 1.000000 0.643875 0.205882 0.235714       1     0.001796
    420   h0 0.956522       1 0.872727       1 0.721154 0.712251 0.800000 0.812500       1     0.278707
    421   h0 1.000000       1 0.909091       1 0.750000 0.769231 0.800000 0.812500       1     0.340909
    422   h0 1.000000       1 0.909091       1 0.750000 0.769231 0.662745 0.687500       1     0.238971
    423   h0 1.000000       1 0.836364       1 0.490385 0.455840 0.094118 0.225000       1     0.003959
    424   h0 0.695652       1 0.960000       1 0.721154 0.925926 0.800000 0.812500       1     0.289855
    425   h0 0.727273       1 1.000000       1 0.750000 1.000000 0.800000 0.812500       1     0.354545
    426   h0 0.632411       1 0.640000       1 0.653846 1.000000 0.635294 0.580357       1     0.097572
    427   h0 0.181818       1 0.000000       1 0.381410 0.592593 0.000000 0.000000       1     0.000000
    448   h0 0.695652       1 0.698182       1 0.961538 0.740741 0.866667 0.812500       1     0.243595
    449   h0 0.727273       1 0.727273       1 1.000000 0.769231 0.866667 0.812500       1     0.286501
    450   h0 0.727273       1 0.727273       1 1.000000 0.769231 0.866667 0.812500       1     0.286501
    451   h0 0.727273       1 0.669091       1 1.000000 0.643875 0.611765 0.487500       1     0.093442
    452   h0 0.189723       1 0.000000       1 0.846154 0.341880 0.000000 0.000000       1     0.000000
    453   h0 0.869565       1 0.960000       1 0.801282 0.740741 0.800000 0.812500       1     0.322061
    454   h0 0.909091       1 1.000000       1 0.833333 0.769231 0.800000 0.812500       1     0.378788
    455   h0 0.909091       1 1.000000       1 0.833333 0.769231 0.800000 0.812500       1     0.378788
    456   h0 0.909091       1 0.920000       1 0.833333 0.769231 0.564706 0.487500       1     0.147594
    457   h0 0.237154       1 0.000000       1 0.705128 0.569801 0.000000 0.000000       1     0.000000
    458   h0 0.695652       1 0.698182       1 0.801282 0.769231 0.800000 0.812500       1     0.194588
    459   h0 0.727273       1 0.727273       1 0.833333 0.769231 0.800000 0.812500       1     0.220386
    460   h0 0.727273       1 0.727273       1 0.833333 0.769231 0.800000 0.812500       1     0.220386
    461   h0 0.727273       1 0.669091       1 0.833333 0.769231 0.564706 0.487500       1     0.085873
    462   h0 0.189723       1 0.000000       1 0.705128 0.569801 0.000000 0.000000       1     0.000000
    463   h0 0.782609       1 0.698182       1 0.721154 0.732194 0.800000 0.812500       1     0.187534
    464   h0 0.818182       1 0.727273       1 0.750000 0.769231 0.800000 0.812500       1     0.223140
    465   h0 0.818182       1 0.727273       1 0.750000 0.769231 0.800000 0.812500       1     0.223140
    466   h0 0.818182       1 0.669091       1 0.548077 0.675214 0.564706 0.487500       1     0.055772
    467   h0 0.213439       1 0.000000       1 0.141026 0.398860 0.000000 0.000000       1     0.000000
    812   h1 0.434783       1 0.000000       1 0.583333 0.000000 0.000000 0.062500       1     0.000000
    813   h1 0.363636       1 0.000000       1 0.583333 0.059829 0.000000 0.062500       1     0.000000
    814   h1 0.300395       1 0.000000       1 0.269231 0.031339 0.000000 0.042857       1     0.000000
    815   h1 0.695652       1 0.960000       1 0.750000 1.000000 0.733333 0.812500       1     0.298435
    816   h1 0.727273       1 1.000000       1 0.750000 0.940171 0.733333 0.812500       1     0.305556
    817   h1 0.600791       1 0.600000       1 0.525641 0.376068 0.635294 0.580357       1     0.026272
    818   h1 0.695652       1 0.727273       1 0.916667 1.000000 0.800000 0.187500       1     0.069565
    819   h1 0.727273       1 0.727273       1 0.916667 0.940171 0.800000 0.187500       1     0.068376
    820   h1 0.600791       1 0.465455       1 0.423077 0.376068 0.611765 0.133929       1     0.003645
    821   h1 0.956522       1 0.436364       1 0.000000 0.000000 0.000000 0.000000       1     0.000000
    822   h1 1.000000       1 0.454545       1 0.000000 0.059829 0.000000 0.000000       1     0.000000
    823   h1 0.826087       1 0.290909       1 0.000000 0.031339 0.000000 0.000000       1     0.000000
    860   h1 0.956522       1 0.672727       1 0.750000 0.923077 0.866667 0.812500       1     0.313696
    861   h1 1.000000       1 0.727273       1 0.750000 0.923077 0.866667 0.812500       1     0.354545
    862   h1 1.000000       1 0.690909       1 0.750000 0.923077 0.662745 0.557143       1     0.176617
    863   h1 1.000000       1 0.585455       1 0.461538 0.512821 0.000000 0.000000       1     0.000000
    864   h1 0.695652       1 0.669091       1 0.916667 0.769231 0.933333 0.812500       1     0.248889
    865   h1 0.727273       1 0.727273       1 0.916667 0.769231 0.933333 0.812500       1     0.282828
    866   h1 0.727273       1 0.727273       1 0.916667 0.769231 0.933333 0.675000       1     0.234965
    867   h1 0.727273       1 0.669091       1 0.564103 0.427350 0.658824 0.235714       1     0.018217
    868   h1 0.909091       1 0.727273       1 0.750000 0.769231 0.800000 0.812500       1     0.247934
    869   h1 0.909091       1 0.727273       1 0.750000 0.769231 0.800000 0.812500       1     0.247934
    870   h1 0.909091       1 0.727273       1 0.750000 0.769231 0.800000 0.769643       1     0.234856
    871   h1 0.909091       1 0.581818       1 0.394231 0.569801 0.329412 0.255357       1     0.009994
    872   h1 0.727273       1 0.727273       1 0.750000 0.846154 0.800000 0.812500       1     0.218182
    873   h1 0.727273       1 0.727273       1 0.750000 0.846154 0.800000 0.812500       1     0.218182
    874   h1 0.727273       1 0.727273       1 0.750000 0.846154 0.800000 0.812500       1     0.218182
    875   h1 0.660079       1 0.450909       1 0.182692 0.156695 0.403922 0.325000       1     0.001119
    876   h1 0.727273       1 0.727273       1 0.750000 1.000000 0.800000 0.875000       1     0.277686
    877   h1 0.727273       1 0.727273       1 0.750000 1.000000 0.800000 0.875000       1     0.277686
    878   h1 0.727273       1 0.727273       1 0.750000 1.000000 0.800000 0.875000       1     0.277686
    879   h1 0.695652       1 0.465455       1 0.198718 0.222222 0.400000 0.350000       1     0.002002
    880   h1 1.000000       1 1.000000       1 0.916667 0.846154 0.800000 0.812500       1     0.504167
    881   h1 1.000000       1 1.000000       1 0.916667 0.846154 0.800000 0.812500       1     0.504167
    882   h1 1.000000       1 1.000000       1 0.916667 0.846154 0.800000 0.812500       1     0.504167
    883   h1 0.956522       1 0.680000       1 0.271605 0.125356 0.376471 0.325000       1     0.002710
    884   h1 0.727273       1 0.818182       1 1.000000 0.769231 0.800000 0.812500       1     0.297521
    885   h1 0.727273       1 0.818182       1 1.000000 0.769231 0.800000 0.812500       1     0.297521
    886   h1 0.727273       1 0.818182       1 1.000000 0.769231 0.752941 0.801786       1     0.276327
    887   h1 0.284585       1 0.130909       1 1.000000 0.678063 0.247059 0.255357       1     0.001594
    888   h1 0.869565       1 0.960000       1 0.750000 0.846154 0.800000 0.812500       1     0.344348
    889   h1 0.909091       1 1.000000       1 0.750000 0.786325 0.800000 0.812500       1     0.348485
    890   h1 1.000000       1 1.000000       1 0.750000 0.817664 0.658824 0.675000       1     0.272715
    891   h1 1.000000       1 0.920000       1 0.461538 0.470085 0.141176 0.235714       1     0.006642
    892   h1 0.695652       1 0.909091       1 0.750000 0.923077 0.800000 0.812500       1     0.284585
    893   h1 0.727273       1 0.909091       1 0.750000 0.923077 0.800000 0.812500       1     0.297521
    894   h1 0.632411       1 0.640000       1 0.701923 0.923077 0.611765 0.557143       1     0.089384
    895   h1 0.181818       1 0.000000       1 0.410256 0.512821 0.000000 0.000000       1     0.000000
    916   h1 0.695652       1 0.752727       1 1.000000 0.769231 0.933333 0.812500       1     0.305455
    917   h1 0.727273       1 0.818182       1 1.000000 0.769231 0.933333 0.812500       1     0.347107
    918   h1 0.727273       1 0.818182       1 1.000000 0.769231 0.933333 0.812500       1     0.347107
    919   h1 0.727273       1 0.752727       1 1.000000 0.666667 0.658824 0.510714       1     0.122798
    920   h1 0.158103       1 0.000000       1 0.807692 0.398860 0.000000 0.000000       1     0.000000
    921   h1 0.869565       1 0.960000       1 0.750000 0.769231 0.866667 0.812500       1     0.339130
    922   h1 0.909091       1 1.000000       1 0.750000 0.769231 0.866667 0.812500       1     0.369318
    923   h1 0.909091       1 1.000000       1 0.750000 0.769231 0.866667 0.812500       1     0.369318
    924   h1 0.909091       1 0.920000       1 0.750000 0.769231 0.637255 0.492857       1     0.151547
    925   h1 0.197628       1 0.000000       1 0.605769 0.569801 0.000000 0.000000       1     0.000000
    926   h1 0.707510       1 0.698182       1 0.750000 0.769231 0.800000 0.812500       1     0.185239
    927   h1 0.727273       1 0.727273       1 0.750000 0.769231 0.800000 0.812500       1     0.198347
    928   h1 0.727273       1 0.727273       1 0.750000 0.769231 0.800000 0.812500       1     0.198347
    929   h1 0.727273       1 0.669091       1 0.750000 0.769231 0.564706 0.505357       1     0.080116
    930   h1 0.158103       1 0.000000       1 0.611111 0.569801 0.000000 0.000000       1     0.000000
    931   h1 0.909091       1 0.698182       1 0.750000 0.692308 0.800000 0.812500       1     0.214215
    932   h1 0.909091       1 0.727273       1 0.750000 0.754986 0.800000 0.812500       1     0.243343
    933   h1 0.909091       1 0.727273       1 0.750000 0.723647 0.800000 0.812500       1     0.233242
    934   h1 0.909091       1 0.669091       1 0.525641 0.589744 0.564706 0.496429       1     0.052860
    935   h1 0.197628       1 0.000000       1 0.134615 0.341880 0.000000 0.000000       1     0.000000