 ChipID Half   Layer0   Layer1   Layer2   Layer3  Layer4  Layer5   Layer6   Layer7  Layer8  Pseaudo_Eff
    344   h0 0.434783 0.871212 0.000000 0.480000       1       1 0.000000 0.062500       1     0.000000
    345   h0 0.454545 0.965909 0.000000 0.500000       1       1 0.000000 0.062500       1     0.000000
    346   h0 0.355731 0.708333 0.000000 0.280000       1       1 0.000000 0.044643       1     0.000000
    347   h0 0.695652 0.784091 0.960000 0.720000       1       1 0.800000 0.812500       1     0.245062
    348   h0 0.727273 0.818182 1.000000 0.750000       1       1 0.800000 0.812500       1     0.290083
    349   h0 0.569170 0.579545 0.640000 0.420000       1       1 0.635294 0.580357       1     0.032691
    350   h0 0.695652 0.958333 0.610909 0.240000       1       1 0.866667 0.125000       1     0.010589
    351   h0 0.727273 1.000000 0.636364 0.250000       1       1 0.866667 0.125000       1     0.012534
    352   h0 0.600791 0.708333 0.407273 0.140000       1       1 0.688235 0.089286       1     0.001491
    353   h0 0.956522 0.000000 0.436364 0.000000       1       1 0.000000 0.000000       1     0.000000
    354   h0 1.000000 0.000000 0.454545 0.000000       1       1 0.000000 0.000000       1     0.000000
    355   h0 0.826087 0.000000 0.290909 0.000000       1       1 0.000000 0.000000       1     0.000000
    392   h0 0.956522 0.696970 0.698182 0.800000       1       1 0.933333 0.812500       1     0.282376
    393   h0 1.000000 0.727273 0.727273 0.833333       1       1 0.933333 0.812500       1     0.334252
    394   h0 1.000000 0.647727 0.727273 0.448718       1       1 0.741176 0.580357       1     0.090924
    395   h0 1.000000 0.454545 0.669091 0.000000       1       1 0.000000 0.000000       1     0.000000
    396   h0 0.695652 0.696970 0.698182 0.960000       1       1 0.933333 0.812500       1     0.246437
    397   h0 0.727273 0.727273 0.727273 1.000000       1       1 0.933333 0.812500       1     0.291710
    398   h0 0.727273 0.727273 0.727273 1.000000       1       1 0.933333 0.687500       1     0.246832
    399   h0 0.727273 0.727273 0.669091 0.769231       1       1 0.658824 0.225000       1     0.040354
    400   h0 0.909091 0.727273 0.818182 0.750000       1       1 0.800000 0.812500       1     0.263711
    401   h0 0.909091 0.727273 0.818182 0.750000       1       1 0.800000 0.812500       1     0.263711
    402   h0 0.909091 0.727273 0.818182 0.680000       1       1 0.800000 0.792857       1     0.233318
    403   h0 0.909091 0.454545 0.654545 0.115385       1       1 0.333333 0.278571       1     0.002898
    404   h0 0.727273 0.818182 0.727273 0.833333       1       1 0.800000 0.875000       1     0.252442
    405   h0 0.727273 0.818182 0.727273 0.833333       1       1 0.800000 0.875000       1     0.252442
    406   h0 0.727273 0.818182 0.727273 0.833333       1       1 0.800000 0.875000       1     0.252442
    407   h0 0.703557 0.681818 0.461818 0.384615       1       1 0.405882 0.350000       1     0.012104
    408   h0 0.727273 1.000000 0.727273 1.000000       1       1 0.800000 0.875000       1     0.370248
    409   h0 0.727273 1.000000 0.727273 1.000000       1       1 0.800000 0.875000       1     0.370248
    410   h0 0.727273 1.000000 0.727273 1.000000       1       1 0.800000 0.875000       1     0.370248
    411   h0 0.723320 0.875000 0.490909 0.461538       1       1 0.423529 0.350000       1     0.021257
    412   h0 1.000000 0.727273 1.000000 0.750000       1       1 0.800000 0.812500       1     0.354545
    413   h0 1.000000 0.727273 1.000000 0.750000       1       1 0.800000 0.812500       1     0.354545
    414   h0 1.000000 0.727273 1.000000 0.750000       1       1 0.800000 0.812500       1     0.354545
    415   h0 1.000000 0.587121 0.680000 0.317308       1       1 0.358824 0.325000       1     0.014773
    416   h0 0.727273 0.689394 0.909091 0.750000       1       1 0.800000 0.812500       1     0.222201
    417   h0 0.727273 0.727273 0.909091 0.750000       1       1 0.800000 0.812500       1     0.234410
    418   h0 0.727273 0.727273 0.909091 0.730769       1       1 0.758824 0.787500       1     0.209978
    419   h0 0.316206 0.545455 0.181818 0.201923       1       1 0.205882 0.235714       1     0.000307
    420   h0 0.956522 0.696970 0.872727 0.960000       1       1 0.800000 0.812500       1     0.363055
    421   h0 1.000000 0.727273 0.909091 1.000000       1       1 0.800000 0.812500       1     0.429752
    422   h0 1.000000 0.727273 0.909091 1.000000       1       1 0.662745 0.687500       1     0.301248
    423   h0 1.000000 0.727273 0.836364 0.800000       1       1 0.094118 0.225000       1     0.010305
    424   h0 0.695652 0.696970 0.960000 0.720000       1       1 0.800000 0.812500       1     0.217833
    425   h0 0.727273 0.727273 1.000000 0.750000       1       1 0.800000 0.812500       1     0.257851
    426   h0 0.632411 0.674242 0.640000 0.420000       1       1 0.635294 0.580357       1     0.042259
    427   h0 0.181818 0.545455 0.000000 0.000000       1       1 0.000000 0.000000       1     0.000000
    448   h0 0.695652 0.958333 0.698182 0.720000       1       1 0.866667 0.812500       1     0.235985
    449   h0 0.727273 1.000000 0.727273 0.750000       1       1 0.866667 0.812500       1     0.279339
    450   h0 0.727273 1.000000 0.727273 0.750000       1       1 0.866667 0.812500       1     0.279339
    451   h0 0.727273 1.000000 0.669091 0.576923       1       1 0.611765 0.487500       1     0.083726
    452   h0 0.189723 0.166667 0.000000 0.000000       1       1 0.000000 0.000000       1     0.000000
    453   h0 0.869565 0.696970 0.960000 0.720000       1       1 0.800000 0.812500       1     0.272291
    454   h0 0.909091 0.727273 1.000000 0.750000       1       1 0.800000 0.812500       1     0.322314
    455   h0 0.909091 0.727273 1.000000 0.750000       1       1 0.800000 0.812500       1     0.322314
    456   h0 0.909091 0.727273 0.920000 0.600000       1       1 0.564706 0.487500       1     0.100471
    457   h0 0.237154 0.121212 0.000000 0.000000       1       1 0.000000 0.000000       1     0.000000
    458   h0 0.695652 0.784091 0.698182 0.720000       1       1 0.800000 0.812500       1     0.178227
    459   h0 0.727273 0.909091 0.727273 0.750000       1       1 0.800000 0.812500       1     0.234410
    460   h0 0.727273 0.909091 0.727273 0.750000       1       1 0.800000 0.812500       1     0.234410
    461   h0 0.727273 0.909091 0.669091 0.600000       1       1 0.564706 0.487500       1     0.073070
    462   h0 0.189723 0.151515 0.000000 0.000000       1       1 0.000000 0.000000       1     0.000000
    463   h0 0.782609 0.958333 0.698182 0.800000       1       1 0.800000 0.812500       1     0.272291
    464   h0 0.818182 1.000000 0.727273 0.833333       1       1 0.800000 0.812500       1     0.322314
    465   h0 0.818182 1.000000 0.727273 0.833333       1       1 0.800000 0.812500       1     0.322314
    466   h0 0.818182 1.000000 0.669091 0.666667       1       1 0.564706 0.487500       1     0.100471
    467   h0 0.213439 0.166667 0.000000 0.000000       1       1 0.000000 0.000000       1     0.000000
    812   h1 0.434783 0.916667 0.000000 0.400000       1       1 0.000000 0.062500       1     0.000000
    813   h1 0.363636 1.000000 0.000000 0.416667       1       1 0.000000 0.062500       1     0.000000
    814   h1 0.300395 0.750000 0.000000 0.216667       1       1 0.000000 0.042857       1     0.000000
    815   h1 0.695652 0.750000 0.960000 0.720000       1       1 0.733333 0.812500       1     0.214873
    816   h1 0.727273 0.818182 1.000000 0.750000       1       1 0.733333 0.812500       1     0.265909
    817   h1 0.600791 0.613636 0.600000 0.420000       1       1 0.635294 0.580357       1     0.034253
    818   h1 0.695652 0.916667 0.727273 0.333333       1       1 0.800000 0.187500       1     0.023188
    819   h1 0.727273 1.000000 0.727273 0.333333       1       1 0.800000 0.187500       1     0.026446
    820   h1 0.600791 0.750000 0.465455 0.173333       1       1 0.611765 0.133929       1     0.002979
    821   h1 0.956522 0.000000 0.436364 0.000000       1       1 0.000000 0.000000       1     0.000000
    822   h1 1.000000 0.000000 0.454545 0.000000       1       1 0.000000 0.000000       1     0.000000
    823   h1 0.826087 0.000000 0.290909 0.000000       1       1 0.000000 0.000000       1     0.000000
    860   h1 0.956522 0.666667 0.672727 0.880000       1       1 0.866667 0.812500       1     0.265828
    861   h1 1.000000 0.727273 0.727273 0.916667       1       1 0.866667 0.812500       1     0.341414
    862   h1 1.000000 0.636364 0.690909 0.476667       1       1 0.662745 0.557143       1     0.077385
    863   h1 1.000000 0.363636 0.585455 0.000000       1       1 0.000000 0.000000       1     0.000000
    864   h1 0.695652 0.666667 0.669091 1.000000       1       1 0.933333 0.812500       1     0.235313
    865   h1 0.727273 0.727273 0.727273 1.000000       1       1 0.933333 0.812500       1     0.291710
    866   h1 0.727273 0.727273 0.727273 1.000000       1       1 0.933333 0.675000       1     0.242344
    867   h1 0.727273 0.727273 0.669091 0.769231       1       1 0.658824 0.235714       1     0.042276
    868   h1 0.909091 0.715909 0.727273 0.750000       1       1 0.800000 0.812500       1     0.230748
    869   h1 0.909091 0.727273 0.727273 0.750000       1       1 0.800000 0.812500       1     0.234410
    870   h1 0.909091 0.727273 0.727273 0.660256       1       1 0.800000 0.769643       1     0.195476
    871   h1 0.909091 0.367424 0.581818 0.115385       1       1 0.329412 0.255357       1     0.001886
    872   h1 0.727273 0.818182 0.727273 0.916667       1       1 0.800000 0.812500       1     0.257851
    873   h1 0.727273 0.818182 0.727273 0.916667       1       1 0.800000 0.812500       1     0.257851
    874   h1 0.727273 0.818182 0.727273 0.916667       1       1 0.800000 0.812500       1     0.257851
    875   h1 0.660079 0.681818 0.450909 0.423077       1       1 0.403922 0.325000       1     0.011271
    876   h1 0.727273 1.000000 0.727273 1.000000       1       1 0.800000 0.875000       1     0.370248
    877   h1 0.727273 1.000000 0.727273 1.000000       1       1 0.800000 0.875000       1     0.370248
    878   h1 0.727273 1.000000 0.727273 1.000000       1       1 0.800000 0.875000       1     0.370248
    879   h1 0.695652 0.833333 0.465455 0.461538       1       1 0.400000 0.350000       1     0.017435
    880   h1 1.000000 0.727273 1.000000 0.750000       1       1 0.800000 0.812500       1     0.354545
    881   h1 1.000000 0.727273 1.000000 0.750000       1       1 0.800000 0.812500       1     0.354545
    882   h1 1.000000 0.727273 1.000000 0.750000       1       1 0.800000 0.812500       1     0.354545
    883   h1 0.956522 0.587121 0.680000 0.288462       1       1 0.376471 0.325000       1     0.013478
    884   h1 0.727273 0.681818 0.818182 0.750000       1       1 0.800000 0.812500       1     0.197784
    885   h1 0.727273 0.727273 0.818182 0.750000       1       1 0.800000 0.812500       1     0.210969
    886   h1 0.727273 0.727273 0.818182 0.733974       1       1 0.752941 0.801786       1     0.191754
    887   h1 0.284585 0.606061 0.130909 0.259615       1       1 0.247059 0.255357       1     0.000370
    888   h1 0.869565 0.666667 0.960000 1.000000       1       1 0.800000 0.812500       1     0.361739
    889   h1 0.909091 0.727273 1.000000 1.000000       1       1 0.800000 0.812500       1     0.429752
    890   h1 1.000000 0.727273 1.000000 1.000000       1       1 0.658824 0.675000       1     0.323422
    891   h1 1.000000 0.727273 0.920000 0.769231       1       1 0.141176 0.235714       1     0.017127
    892   h1 0.695652 0.666667 0.909091 0.750000       1       1 0.800000 0.812500       1     0.205534
    893   h1 0.727273 0.727273 0.909091 0.750000       1       1 0.800000 0.812500       1     0.234410
    894   h1 0.632411 0.704545 0.640000 0.390000       1       1 0.611765 0.557143       1     0.037906
    895   h1 0.181818 0.636364 0.000000 0.000000       1       1 0.000000 0.000000       1     0.000000
    916   h1 0.695652 0.916667 0.752727 0.750000       1       1 0.933333 0.812500       1     0.273000
    917   h1 0.727273 1.000000 0.818182 0.750000       1       1 0.933333 0.812500       1     0.338430
    918   h1 0.727273 1.000000 0.818182 0.750000       1       1 0.933333 0.812500       1     0.338430
    919   h1 0.727273 1.000000 0.752727 0.570000       1       1 0.658824 0.510714       1     0.104992
    920   h1 0.158103 0.166667 0.000000 0.000000       1       1 0.000000 0.000000       1     0.000000
    921   h1 0.869565 0.666667 0.960000 0.733333       1       1 0.866667 0.812500       1     0.287382
    922   h1 0.909091 0.727273 1.000000 0.750000       1       1 0.866667 0.812500       1     0.349174
    923   h1 0.909091 0.727273 1.000000 0.750000       1       1 0.866667 0.812500       1     0.349174
    924   h1 0.909091 0.727273 0.920000 0.576923       1       1 0.637255 0.492857       1     0.110216
    925   h1 0.197628 0.121212 0.000000 0.000000       1       1 0.000000 0.000000       1     0.000000
    926   h1 0.707510 0.833333 0.698182 0.721154       1       1 0.800000 0.812500       1     0.192957
    927   h1 0.727273 0.909091 0.727273 0.750000       1       1 0.800000 0.812500       1     0.234410
    928   h1 0.727273 0.909091 0.727273 0.750000       1       1 0.800000 0.812500       1     0.234410
    929   h1 0.727273 0.909091 0.669091 0.576923       1       1 0.564706 0.505357       1     0.072833
    930   h1 0.158103 0.151515 0.000000 0.000000       1       1 0.000000 0.000000       1     0.000000
    931   h1 0.909091 0.833333 0.698182 0.881410       1       1 0.800000 0.812500       1     0.303030
    932   h1 0.909091 0.909091 0.727273 0.916667       1       1 0.800000 0.812500       1     0.358127
    933   h1 0.909091 0.909091 0.727273 0.916667       1       1 0.800000 0.812500       1     0.358127
    934   h1 0.909091 0.909091 0.669091 0.705128       1       1 0.564706 0.496429       1     0.109307
    935   h1 0.197628 0.151515 0.000000 0.000000       1       1 0.000000 0.000000       1     0.000000