ChipID	Half	Layer0	Layer1	Layer2	Layer3	Layer4	Layer5	Layer6	Layer7	Layer8	Peff(%)
332	h0	0.477	0.868	1	0.61	0.64	1	1	0.2	0.0	0.0
333	h0	0.5	0.909	1	0.636	0.667	1	1	0.2	0.0	0.0
334	h0	0.477	0.826	1	0.424	0.373	1	1	0.17	0.0	0.0
335	h0	0.668	0.781	1	0.697	0.72	1	1	0.8	0.875	18.33
336	h0	0.7	0.868	1	0.727	0.75	1	1	0.8	0.875	23.19
337	h0	0.668	0.826	1	0.485	0.567	1	1	0.679	0.535	5.51
338	h0	0.955	0.694	1	0.958	0.72	1	1	0.933	0.875	37.32
339	h0	0.95	0.727	1	1.0	0.75	1	1	0.933	0.875	42.29
340	h0	0.859	0.678	1	0.667	0.567	1	1	0.792	0.535	9.33
341	h0	0.573	0.607	1	0.0	0.64	1	1	0.0	0.0	0.0
342	h0	0.655	0.636	1	0.0	0.667	1	1	0.0	0.0	0.0
343	h0	0.668	0.661	1	0.0	0.373	1	1	0.0	0.0	0.0
356	h0	0.955	0.781	1	0.784	0.72	1	1	0.8	0.875	29.47
357	h0	1.0	0.773	1	0.818	0.75	1	1	0.8	0.875	33.2
358	h0	1.0	0.702	1	0.545	0.75	1	1	0.679	0.535	10.42
359	h0	1.0	0.455	1	0.0	0.63	1	1	0.0	0.0	0.0
360	h0	0.668	0.694	1	0.958	0.96	1	1	0.8	0.812	27.7
361	h0	0.7	0.727	1	1.0	1.0	1	1	0.8	0.812	33.06
362	h0	0.7	0.818	1	1.0	1.0	1	1	0.743	0.812	34.55
363	h0	0.7	0.818	1	0.958	0.84	1	1	0.273	0.384	4.83
364	h0	0.645	0.711	1	0.818	0.833	1	1	0.8	0.812	20.3
365	h0	0.7	0.727	1	0.818	0.833	1	1	0.8	0.812	22.53
366	h0	0.7	0.727	1	0.818	0.833	1	1	0.8	0.812	22.53
367	h0	0.664	0.438	1	0.17	0.767	1	1	0.374	0.335	0.48
368	h0	0.7	1.0	1	1.0	0.667	1	1	0.8	0.812	30.33
369	h0	0.7	1.0	1	1.0	0.667	1	1	0.8	0.812	30.33
370	h0	0.7	1.0	1	1.0	0.667	1	1	0.8	0.812	30.33
371	h0	0.7	1.0	1	0.708	0.32	1	1	0.469	0.231	1.72
372	h0	1.0	0.727	1	0.727	1.0	1	1	0.8	0.875	37.0
373	h0	1.0	0.727	1	0.727	1.0	1	1	0.8	0.875	37.0
374	h0	1.0	0.727	1	0.727	1.0	1	1	0.8	0.875	37.0
375	h0	1.0	0.727	1	0.515	0.52	1	1	0.503	0.292	2.86
376	h0	0.7	0.727	1	0.727	0.833	1	1	0.8	0.812	20.02
377	h0	0.7	0.727	1	0.727	0.833	1	1	0.8	0.812	20.02
378	h0	0.7	0.727	1	0.727	0.833	1	1	0.8	0.812	20.02
379	h0	0.7	0.727	1	0.515	0.433	1	1	0.493	0.271	1.52
380	h0	0.655	1.0	1	0.727	0.667	1	1	0.798	0.812	20.58
381	h0	0.7	1.0	1	0.727	0.667	1	1	0.8	0.812	22.05
382	h0	0.7	1.0	1	0.727	0.667	1	1	0.8	0.812	22.05
383	h0	0.6	1.0	1	0.636	0.627	1	1	0.436	0.304	3.17
384	h0	0.668	0.781	1	0.697	0.96	1	1	0.867	0.812	24.58
385	h0	0.7	0.818	1	0.727	1.0	1	1	0.867	0.812	29.31
386	h0	0.7	0.818	1	0.727	1.0	1	1	0.867	0.812	29.31
387	h0	0.7	0.818	1	0.697	0.84	1	1	0.709	0.384	9.13
388	h0	0.955	0.955	1	0.697	0.72	1	1	0.933	0.812	34.67
389	h0	1.0	1.0	1	0.727	0.75	1	1	0.933	0.812	41.31
390	h0	1.0	1.0	1	0.727	0.75	1	1	0.792	0.497	21.46
391	h0	1.0	1.0	1	0.697	0.63	1	1	0.0	0.0	0.0
428	h0	0.668	0.955	1	0.697	0.88	1	1	0.8	0.812	25.42
429	h0	0.7	1.0	1	0.727	0.917	1	1	0.8	0.812	30.31
430	h0	0.7	1.0	1	0.727	0.957	1	1	0.8	0.812	31.64
431	h0	0.7	1.0	1	0.697	0.987	1	1	0.655	0.516	16.28
432	h0	0.318	0.364	1	0.03	0.833	1	1	0.0	0.083	0.0
433	h0	0.955	0.694	1	0.697	0.72	1	1	0.8	0.812	21.61
434	h0	1.0	0.727	1	0.727	0.75	1	1	0.8	0.812	25.75
435	h0	1.0	0.727	1	0.727	0.713	1	1	0.8	0.812	24.48
436	h0	1.0	0.727	1	0.697	0.683	1	1	0.655	0.812	18.41
437	h0	0.455	0.264	1	0.03	0.75	1	1	0.0	0.271	0.0
438	h0	0.955	0.781	1	0.958	0.8	1	1	0.766	0.812	35.55
439	h0	1.0	0.818	1	1.0	0.833	1	1	0.8	0.812	44.26
440	h0	1.0	0.818	1	1.0	0.833	1	1	0.8	0.812	44.26
441	h0	1.0	0.818	1	0.958	0.833	1	1	0.667	0.812	35.35
442	h0	0.455	0.298	1	0.042	0.833	1	1	0.026	0.293	0.0
443	h0	0.764	0.694	1	0.697	0.72	1	1	0.8	0.812	17.28
444	h0	0.8	0.727	1	0.727	0.75	1	1	0.8	0.812	20.6
445	h0	0.8	0.727	1	0.727	0.75	1	1	0.8	0.812	20.6
446	h0	0.8	0.727	1	0.697	0.75	1	1	0.655	0.549	10.93
447	h0	0.364	0.264	1	0.03	0.75	1	1	0.0	0.104	0.0
800	h1	0.455	0.781	1	0.61	0.72	1	1	0.267	0.0	0.0
801	h1	0.5	0.818	1	0.636	0.75	1	1	0.267	0.0	0.0
802	h1	0.5	0.744	1	0.451	0.45	1	1	0.234	0.0	0.0
803	h1	0.636	0.955	1	0.61	0.72	1	1	0.792	0.851	17.98
804	h1	0.7	1.0	1	0.697	0.75	1	1	0.8	0.875	25.61
805	h1	0.668	0.909	1	0.515	0.617	1	1	0.703	0.535	7.26
806	h1	0.909	0.694	1	0.958	0.72	1	1	0.905	0.851	33.51
807	h1	0.955	0.727	1	1.0	0.75	1	1	0.933	0.875	42.51
808	h1	0.859	0.669	1	0.708	0.55	1	1	0.82	0.535	9.82
809	h1	0.545	0.607	1	0.0	0.56	1	1	0.0	0.0	0.0
810	h1	0.65	0.636	1	0.0	0.583	1	1	0.0	0.0	0.0
811	h1	0.7	0.579	1	0.0	0.35	1	1	0.0	0.0	0.0
824	h1	0.909	0.694	1	0.871	0.72	1	1	0.776	0.851	26.13
825	h1	1.0	0.727	1	0.852	0.75	1	1	0.8	0.875	32.52
826	h1	1.0	0.711	1	0.58	0.75	1	1	0.703	0.559	12.15
827	h1	1.0	0.545	1	0.0	0.63	1	1	0.0	0.0	0.0
828	h1	0.636	0.694	1	0.958	0.88	1	1	0.776	0.79	22.81
829	h1	0.7	0.682	1	1.0	0.917	1	1	0.8	0.812	28.44
830	h1	0.7	0.727	1	1.0	0.917	1	1	0.752	0.812	28.5
831	h1	0.7	0.727	1	1.0	0.77	1	1	0.339	0.406	5.39
832	h1	0.605	0.694	1	0.818	0.71	1	1	0.8	0.812	15.84
833	h1	0.7	0.727	1	0.818	0.75	1	1	0.8	0.812	20.28
834	h1	0.7	0.727	1	0.818	0.75	1	1	0.8	0.812	20.28
835	h1	0.7	0.479	1	0.17	0.697	1	1	0.42	0.358	0.6
836	h1	0.7	1.0	1	1.0	0.75	1	1	0.8	0.812	34.1
837	h1	0.7	1.0	1	1.0	0.75	1	1	0.8	0.812	34.1
838	h1	0.7	1.0	1	1.0	0.75	1	1	0.8	0.812	34.1
839	h1	0.7	1.0	1	0.708	0.39	1	1	0.485	0.253	2.37
840	h1	1.0	0.818	1	0.727	1.0	1	1	0.8	0.875	41.63
841	h1	1.0	0.818	1	0.727	1.0	1	1	0.8	0.875	41.63
842	h1	1.0	0.818	1	0.727	1.0	1	1	0.8	0.875	41.63
843	h1	1.0	0.818	1	0.515	0.56	1	1	0.527	0.292	3.63
844	h1	0.7	0.727	1	0.727	0.833	1	1	0.8	0.812	20.02
845	h1	0.7	0.727	1	0.727	0.833	1	1	0.8	0.812	20.02
846	h1	0.7	0.727	1	0.727	0.833	1	1	0.8	0.812	20.02
847	h1	0.7	0.727	1	0.515	0.433	1	1	0.493	0.271	1.52
848	h1	0.655	0.909	1	0.727	0.75	1	1	0.796	0.812	20.98
849	h1	0.7	0.909	1	0.727	0.75	1	1	0.8	0.812	22.54
850	h1	0.7	0.909	1	0.727	0.75	1	1	0.8	0.812	22.54
851	h1	0.609	0.909	1	0.636	0.71	1	1	0.412	0.304	3.13
852	h1	0.668	0.694	1	0.697	0.96	1	1	0.84	0.79	20.58
853	h1	0.7	0.727	1	0.727	1.0	1	1	0.867	0.812	26.05
854	h1	0.7	0.727	1	0.727	1.0	1	1	0.867	0.812	26.05
855	h1	0.7	0.727	1	0.727	0.84	1	1	0.735	0.406	9.27
856	h1	0.909	0.955	1	0.697	0.72	1	1	0.905	0.79	31.15
857	h1	1.0	1.0	1	0.727	0.75	1	1	0.933	0.812	41.31
858	h1	1.0	1.0	1	0.727	0.75	1	1	0.82	0.497	22.22
859	h1	1.0	1.0	1	0.727	0.63	1	1	0.0	0.0	0.0
896	h1	0.636	0.955	1	0.697	0.88	1	1	0.776	0.79	22.84
897	h1	0.7	1.0	1	0.727	0.917	1	1	0.8	0.812	30.31
898	h1	0.7	1.0	1	0.727	0.917	1	1	0.8	0.812	30.31
899	h1	0.7	1.0	1	0.727	0.917	1	1	0.679	0.531	16.83
900	h1	0.318	0.364	1	0.03	0.917	1	1	0.0	0.09	0.0
901	h1	0.909	0.694	1	0.697	0.8	1	1	0.776	0.79	21.56
902	h1	1.0	0.777	1	0.727	0.777	1	1	0.8	0.812	28.51
903	h1	1.0	0.81	1	0.727	0.75	1	1	0.8	0.812	28.69
904	h1	1.0	0.727	1	0.727	0.75	1	1	0.679	0.812	21.86
905	h1	0.455	0.264	1	0.03	0.75	1	1	0.0	0.293	0.0
906	h1	0.955	0.868	1	0.958	0.72	1	1	0.776	0.79	35.05
907	h1	1.0	0.909	1	1.0	0.75	1	1	0.8	0.812	44.29
908	h1	1.0	0.909	1	1.0	0.75	1	1	0.8	0.812	44.29
909	h1	1.0	0.909	1	1.0	0.75	1	1	0.655	0.812	36.26
910	h1	0.455	0.331	1	0.042	0.75	1	1	0.0	0.293	0.0
911	h1	0.764	0.694	1	0.784	0.72	1	1	0.84	0.79	19.86
912	h1	0.8	0.727	1	0.818	0.75	1	1	0.867	0.812	25.12
913	h1	0.8	0.727	1	0.818	0.75	1	1	0.867	0.812	25.12
914	h1	0.8	0.727	1	0.818	0.833	1	1	0.709	0.562	15.79
915	h1	0.364	0.264	1	0.034	0.833	1	1	0.0	0.113	0.0
