ChipID	Half	Layer0	Layer1	Layer2	Layer3	Layer4	Layer5	Layer6	Layer7	Layer8	Peff(%)
332	h0	0.477	0.868	0.0	1	0.64	1	0.0	1	0.0	0.0
333	h0	0.5	0.909	0.0	1	0.667	1	0.0	1	0.0	0.0
334	h0	0.477	0.826	0.0	1	0.373	1	0.0	1	0.0	0.0
335	h0	0.668	0.781	0.957	1	0.72	1	0.8	1	0.875	25.16
336	h0	0.7	0.868	1.0	1	0.75	1	0.8	1	0.875	31.9
337	h0	0.668	0.826	0.783	1	0.567	1	0.75	1	0.535	9.83
338	h0	0.955	0.694	0.783	1	0.72	1	0.867	1	0.875	28.35
339	h0	0.95	0.727	0.964	1	0.75	1	0.867	1	0.875	37.88
340	h0	0.859	0.678	0.783	1	0.567	1	0.812	1	0.535	11.23
341	h0	0.573	0.607	0.87	1	0.64	1	0.867	1	0.0	0.0
342	h0	0.655	0.636	0.909	1	0.667	1	0.867	1	0.0	0.0
343	h0	0.668	0.661	0.711	1	0.373	1	0.812	1	0.0	0.0
356	h0	0.955	0.781	0.696	1	0.72	1	0.867	1	0.875	28.35
357	h0	1.0	0.773	0.727	1	0.75	1	0.867	1	0.875	31.97
358	h0	1.0	0.702	0.708	1	0.75	1	0.812	1	0.535	16.19
359	h0	1.0	0.455	0.636	1	0.63	1	0.0	1	0.0	0.0
360	h0	0.668	0.694	0.696	1	0.96	1	0.867	1	0.812	21.81
361	h0	0.7	0.727	0.727	1	1.0	1	0.867	1	0.812	26.05
362	h0	0.7	0.818	0.727	1	1.0	1	0.867	1	0.812	29.31
363	h0	0.7	0.818	0.727	1	0.84	1	0.812	1	0.384	10.9
364	h0	0.645	0.711	0.708	1	0.833	1	0.867	1	0.812	19.04
365	h0	0.7	0.727	0.727	1	0.833	1	0.867	1	0.812	21.7
366	h0	0.7	0.727	0.727	1	0.833	1	0.867	1	0.812	21.7
367	h0	0.664	0.438	0.561	1	0.767	1	0.623	1	0.335	2.61
368	h0	0.7	1.0	0.727	1	0.667	1	0.933	1	0.812	25.72
369	h0	0.7	1.0	0.727	1	0.667	1	0.933	1	0.812	25.72
370	h0	0.7	1.0	0.727	1	0.667	1	0.933	1	0.812	25.72
371	h0	0.7	1.0	0.632	1	0.32	1	0.729	1	0.231	2.38
372	h0	1.0	0.727	1.0	1	1.0	1	0.933	1	0.875	59.35
373	h0	1.0	0.727	1.0	1	1.0	1	0.933	1	0.875	59.35
374	h0	1.0	0.727	1.0	1	1.0	1	0.933	1	0.875	59.35
375	h0	1.0	0.727	0.913	1	0.52	1	0.729	1	0.292	7.35
376	h0	0.7	0.727	0.727	1	0.833	1	0.933	1	0.812	23.35
377	h0	0.7	0.727	0.727	1	0.833	1	0.933	1	0.812	23.35
378	h0	0.7	0.727	0.727	1	0.833	1	0.933	1	0.812	23.35
379	h0	0.7	0.727	0.632	1	0.433	1	0.729	1	0.271	2.75
380	h0	0.655	1.0	0.711	1	0.667	1	0.933	1	0.812	23.53
381	h0	0.7	1.0	0.727	1	0.667	1	0.933	1	0.812	25.72
382	h0	0.7	1.0	0.727	1	0.667	1	0.933	1	0.812	25.72
383	h0	0.6	1.0	0.526	1	0.627	1	0.671	1	0.304	4.04
384	h0	0.668	0.781	0.696	1	0.96	1	0.933	1	0.812	26.41
385	h0	0.7	0.818	0.727	1	1.0	1	0.933	1	0.812	31.54
386	h0	0.7	0.818	0.727	1	1.0	1	0.933	1	0.812	31.54
387	h0	0.7	0.818	0.727	1	0.84	1	0.875	1	0.384	11.75
388	h0	0.955	0.955	0.783	1	0.72	1	0.933	1	0.812	38.95
389	h0	1.0	1.0	0.767	1	0.75	1	0.933	1	0.812	43.58
390	h0	1.0	1.0	0.688	1	0.75	1	0.812	1	0.497	20.82
391	h0	1.0	1.0	0.545	1	0.63	1	0.0	1	0.0	0.0
428	h0	0.668	0.955	0.957	1	0.88	1	0.867	1	0.812	37.82
429	h0	0.7	1.0	1.0	1	0.917	1	0.867	1	0.812	45.19
430	h0	0.7	1.0	1.0	1	0.957	1	0.867	1	0.812	47.16
431	h0	0.7	1.0	1.0	1	0.987	1	0.812	1	0.516	28.95
432	h0	0.318	0.364	0.174	1	0.833	1	0.0	1	0.083	0.0
433	h0	0.955	0.694	0.87	1	0.72	1	0.867	1	0.812	29.23
434	h0	1.0	0.727	0.909	1	0.75	1	0.867	1	0.812	34.89
435	h0	1.0	0.727	0.909	1	0.713	1	0.867	1	0.812	33.17
436	h0	1.0	0.727	0.909	1	0.683	1	0.812	1	0.812	29.76
437	h0	0.455	0.264	0.158	1	0.75	1	0.0	1	0.271	0.0
438	h0	0.955	0.781	0.783	1	0.8	1	0.933	1	0.812	35.4
439	h0	1.0	0.818	0.818	1	0.833	1	0.933	1	0.812	42.23
440	h0	1.0	0.818	0.818	1	0.833	1	0.933	1	0.812	42.23
441	h0	1.0	0.818	0.818	1	0.833	1	0.875	1	0.812	39.6
442	h0	0.455	0.298	0.142	1	0.833	1	0.0	1	0.293	0.0
443	h0	0.764	0.694	0.957	1	0.72	1	0.933	1	0.812	27.68
444	h0	0.8	0.727	1.0	1	0.75	1	0.933	1	0.812	33.05
445	h0	0.8	0.727	1.0	1	0.75	1	0.933	1	0.812	33.05
446	h0	0.8	0.727	1.0	1	0.75	1	0.875	1	0.549	20.95
447	h0	0.364	0.264	0.174	1	0.75	1	0.0	1	0.104	0.0
800	h1	0.455	0.781	0.0	1	0.72	1	0.0	1	0.0	0.0
801	h1	0.5	0.818	0.0	1	0.75	1	0.0	1	0.0	0.0
802	h1	0.5	0.744	0.0	1	0.45	1	0.0	1	0.0	0.0
803	h1	0.636	0.955	0.957	1	0.72	1	0.867	1	0.851	30.88
804	h1	0.7	1.0	1.0	1	0.75	1	0.867	1	0.875	39.83
805	h1	0.668	0.909	0.783	1	0.617	1	0.84	1	0.535	13.18
806	h1	0.909	0.694	0.87	1	0.72	1	0.8	1	0.851	26.9
807	h1	0.955	0.727	0.909	1	0.75	1	0.8	1	0.875	33.13
808	h1	0.859	0.669	0.711	1	0.55	1	0.775	1	0.535	9.32
809	h1	0.545	0.607	0.87	1	0.56	1	0.775	1	0.0	0.0
810	h1	0.65	0.636	0.909	1	0.583	1	0.8	1	0.0	0.0
811	h1	0.7	0.579	0.711	1	0.35	1	0.775	1	0.0	0.0
824	h1	0.909	0.694	0.783	1	0.72	1	0.867	1	0.851	26.24
825	h1	1.0	0.727	0.818	1	0.75	1	0.867	1	0.875	33.84
826	h1	1.0	0.711	0.798	1	0.75	1	0.84	1	0.559	19.98
827	h1	1.0	0.545	0.727	1	0.63	1	0.0	1	0.0	0.0
828	h1	0.636	0.694	0.609	1	0.88	1	0.904	1	0.79	16.89
829	h1	0.7	0.682	0.636	1	0.917	1	0.933	1	0.812	21.09
830	h1	0.7	0.727	0.636	1	0.917	1	0.933	1	0.812	22.49
831	h1	0.7	0.727	0.636	1	0.77	1	0.875	1	0.406	8.85
832	h1	0.605	0.694	0.704	1	0.71	1	0.933	1	0.812	15.9
833	h1	0.7	0.727	0.727	1	0.75	1	0.933	1	0.812	21.02
834	h1	0.7	0.727	0.727	1	0.75	1	0.933	1	0.812	21.02
835	h1	0.7	0.479	0.617	1	0.697	1	0.7	1	0.358	3.61
836	h1	0.7	1.0	0.727	1	0.75	1	0.933	1	0.812	28.92
837	h1	0.7	1.0	0.727	1	0.75	1	0.933	1	0.812	28.92
838	h1	0.7	1.0	0.727	1	0.75	1	0.933	1	0.812	28.92
839	h1	0.7	1.0	0.64	1	0.39	1	0.729	1	0.253	3.22
840	h1	1.0	0.818	1.0	1	1.0	1	0.933	1	0.875	66.78
841	h1	1.0	0.818	1.0	1	1.0	1	0.933	1	0.875	66.78
842	h1	1.0	0.818	1.0	1	1.0	1	0.933	1	0.875	66.78
843	h1	1.0	0.818	0.913	1	0.56	1	0.758	1	0.292	9.26
844	h1	0.7	0.727	0.818	1	0.833	1	0.933	1	0.812	26.27
845	h1	0.7	0.727	0.818	1	0.833	1	0.933	1	0.812	26.27
846	h1	0.7	0.727	0.818	1	0.833	1	0.933	1	0.812	26.27
847	h1	0.7	0.727	0.711	1	0.433	1	0.729	1	0.271	3.1
848	h1	0.655	0.909	0.711	1	0.75	1	0.933	1	0.812	24.05
849	h1	0.7	0.909	0.727	1	0.75	1	0.933	1	0.812	26.28
850	h1	0.7	0.909	0.727	1	0.75	1	0.933	1	0.812	26.28
851	h1	0.609	0.909	0.458	1	0.71	1	0.729	1	0.304	3.99
852	h1	0.668	0.694	0.696	1	0.96	1	0.867	1	0.79	21.22
853	h1	0.7	0.727	0.727	1	1.0	1	0.867	1	0.812	26.05
854	h1	0.7	0.727	0.727	1	1.0	1	0.867	1	0.812	26.05
855	h1	0.7	0.727	0.727	1	0.84	1	0.812	1	0.406	10.25
856	h1	0.909	0.955	0.696	1	0.72	1	0.84	1	0.79	28.87
857	h1	1.0	1.0	0.727	1	0.75	1	0.867	1	0.812	38.39
858	h1	1.0	1.0	0.668	1	0.75	1	0.84	1	0.497	20.92
859	h1	1.0	1.0	0.455	1	0.63	1	0.0	1	0.0	0.0
896	h1	0.636	0.955	0.87	1	0.88	1	0.904	1	0.79	33.21
897	h1	0.7	1.0	0.909	1	0.917	1	0.933	1	0.812	44.2
898	h1	0.7	1.0	0.909	1	0.917	1	0.933	1	0.812	44.2
899	h1	0.7	1.0	0.909	1	0.917	1	0.875	1	0.531	27.11
900	h1	0.318	0.364	0.198	1	0.917	1	0.0	1	0.09	0.0
901	h1	0.909	0.694	0.87	1	0.8	1	0.904	1	0.79	31.36
902	h1	1.0	0.777	0.909	1	0.777	1	0.933	1	0.812	41.58
903	h1	1.0	0.81	0.909	1	0.75	1	0.933	1	0.812	41.84
904	h1	1.0	0.727	0.909	1	0.75	1	0.875	1	0.812	35.21
905	h1	0.455	0.264	0.158	1	0.75	1	0.0	1	0.293	0.0
906	h1	0.955	0.868	0.696	1	0.72	1	0.84	1	0.79	27.57
907	h1	1.0	0.909	0.818	1	0.75	1	0.867	1	0.812	39.26
908	h1	1.0	0.909	0.727	1	0.75	1	0.867	1	0.812	34.89
909	h1	1.0	0.909	0.818	1	0.75	1	0.812	1	0.812	36.77
910	h1	0.455	0.331	0.142	1	0.75	1	0.0	1	0.293	0.0
911	h1	0.764	0.694	0.957	1	0.72	1	0.867	1	0.79	25.02
912	h1	0.8	0.727	1.0	1	0.75	1	0.867	1	0.812	30.71
913	h1	0.8	0.727	1.0	1	0.75	1	0.867	1	0.812	30.71
914	h1	0.8	0.727	1.0	1	0.833	1	0.812	1	0.562	22.11
915	h1	0.364	0.264	0.174	1	0.833	1	0.0	1	0.113	0.0
