ChipID	Half	Layer0	Layer1	Layer2	Layer3	Layer4	Layer5	Layer6	Layer7	Layer8	Peff(%)
344	h0	0.952	0.573	0.435	1	1	1	0.214	1	0.188	0.0
345	h0	1.0	0.655	0.455	1	1	1	0.214	1	0.188	0.0
346	h0	1.0	0.668	0.375	1	1	1	0.214	1	0.123	0.0
347	h0	0.667	0.955	0.696	1	1	1	0.786	1	0.812	24.76
348	h0	0.7	0.95	0.727	1	1	1	0.786	1	0.812	27.0
349	h0	0.7	0.859	0.601	1	1	1	0.786	1	0.534	8.11
350	h0	0.952	0.668	0.696	1	1	1	0.786	1	0.75	22.83
351	h0	1.0	0.7	0.783	1	1	1	0.786	1	0.688	25.93
352	h0	1.0	0.668	0.676	1	1	1	0.786	1	0.493	9.36
353	h0	0.571	0.477	0.957	1	1	1	0.714	1	0.0	0.0
354	h0	0.648	0.5	1.0	1	1	1	0.714	1	0.0	0.0
355	h0	0.7	0.477	0.826	1	1	1	0.714	1	0.0	0.0
392	h0	0.762	0.955	0.957	1	1	1	0.786	1	0.812	36.09
393	h0	0.8	1.0	1.0	1	1	1	0.786	1	0.812	41.46
394	h0	0.8	1.0	1.0	1	1	1	0.786	1	0.705	23.1
395	h0	0.8	1.0	1.0	1	1	1	0.251	1	0.271	0.17
396	h0	0.952	0.668	0.696	1	1	1	0.786	1	0.812	22.94
397	h0	1.0	0.7	0.727	1	1	1	0.786	1	0.812	26.37
398	h0	1.0	0.7	0.727	1	1	1	0.786	1	0.812	26.37
399	h0	1.0	0.7	0.727	1	1	1	0.786	1	0.441	7.16
400	h0	1.0	0.655	0.818	1	1	1	0.772	1	0.875	29.39
401	h0	1.0	0.7	0.818	1	1	1	0.786	1	0.875	31.98
402	h0	1.0	0.7	0.818	1	1	1	0.786	1	0.875	31.98
403	h0	1.0	0.6	0.818	1	1	1	0.62	1	0.3	2.95
404	h0	0.7	0.7	0.727	1	1	1	0.786	1	0.812	18.46
405	h0	0.7	0.7	0.727	1	1	1	0.786	1	0.812	18.46
406	h0	0.7	0.7	0.727	1	1	1	0.786	1	0.812	18.46
407	h0	0.7	0.7	0.704	1	1	1	0.668	1	0.305	2.06
408	h0	0.8	1.0	0.727	1	1	1	0.786	1	0.812	32.48
409	h0	0.8	1.0	0.727	1	1	1	0.786	1	0.812	32.48
410	h0	0.8	1.0	0.727	1	1	1	0.786	1	0.812	32.48
411	h0	0.8	1.0	0.727	1	1	1	0.705	1	0.348	4.51
412	h0	1.0	0.7	1.0	1	1	1	0.786	1	0.812	36.28
413	h0	1.0	0.7	1.0	1	1	1	0.786	1	0.812	36.28
414	h0	1.0	0.7	1.0	1	1	1	0.786	1	0.812	36.28
415	h0	1.0	0.7	1.0	1	1	1	0.668	1	0.286	3.66
416	h0	0.652	0.645	0.711	1	1	1	0.786	1	0.804	15.34
417	h0	0.7	0.7	0.727	1	1	1	0.786	1	0.812	18.46
418	h0	0.7	0.7	0.727	1	1	1	0.786	1	0.812	18.46
419	h0	0.541	0.664	0.368	1	1	1	0.634	1	0.493	1.48
420	h0	0.667	0.668	0.783	1	1	1	0.786	1	0.875	19.48
421	h0	0.7	0.7	0.818	1	1	1	0.786	1	0.875	22.38
422	h0	0.7	0.7	0.818	1	1	1	0.786	1	0.875	22.38
423	h0	0.7	0.7	0.818	1	1	1	0.652	1	0.475	5.04
424	h0	0.762	0.955	0.783	1	1	1	0.786	1	0.875	31.82
425	h0	0.8	1.0	0.767	1	1	1	0.786	1	0.875	34.27
426	h0	0.8	1.0	0.664	1	1	1	0.786	1	0.575	11.93
427	h0	0.8	1.0	0.364	1	1	1	0.051	1	0.0	0.0
448	h0	0.667	0.764	0.696	1	1	1	0.786	1	0.812	18.38
449	h0	0.7	0.8	0.727	1	1	1	0.786	1	0.812	21.1
450	h0	0.7	0.8	0.727	1	1	1	0.786	1	0.812	21.1
451	h0	0.7	0.8	0.727	1	1	1	0.786	1	0.784	14.9
452	h0	0.35	0.364	0.19	1	1	1	0.025	1	0.321	0.0
453	h0	0.762	0.955	0.957	1	1	1	0.668	1	0.875	33.05
454	h0	0.8	1.0	1.0	1	1	1	0.786	1	0.875	44.68
455	h0	0.8	1.0	1.0	1	1	1	0.786	1	0.875	44.68
456	h0	0.8	1.0	1.0	1	1	1	0.786	1	0.875	44.68
457	h0	0.4	0.455	0.261	1	1	1	0.175	1	0.375	0.09
458	h0	0.762	0.955	0.696	1	1	1	0.786	1	0.812	26.25
459	h0	0.8	1.0	0.727	1	1	1	0.786	1	0.812	30.14
460	h0	0.8	1.0	0.727	1	1	1	0.786	1	0.812	30.14
461	h0	0.8	1.0	0.727	1	1	1	0.786	1	0.812	30.14
462	h0	0.4	0.455	0.19	1	1	1	0.051	1	0.348	0.02
463	h0	0.952	0.668	0.957	1	1	1	0.786	1	0.812	31.54
464	h0	1.0	0.7	1.0	1	1	1	0.786	1	0.812	36.28
465	h0	1.0	0.7	1.0	1	1	1	0.786	1	0.812	36.28
466	h0	1.0	0.7	1.0	1	1	1	0.786	1	0.47	14.53
467	h0	0.5	0.318	0.261	1	1	1	0.051	1	0.027	0.0
812	h1	0.952	0.668	0.522	1	1	1	0.214	1	0.25	0.0
813	h1	1.0	0.7	0.545	1	1	1	0.214	1	0.25	0.0
814	h1	1.0	0.668	0.474	1	1	1	0.214	1	0.164	0.0
815	h1	0.667	0.859	0.747	1	1	1	0.786	1	0.812	23.25
816	h1	0.7	0.9	0.818	1	1	1	0.786	1	0.812	28.78
817	h1	0.7	0.859	0.735	1	1	1	0.786	1	0.557	10.82
818	h1	0.952	0.764	0.696	1	1	1	0.783	1	0.688	23.21
819	h1	1.0	0.8	0.727	1	1	1	0.786	1	0.688	27.52
820	h1	1.0	0.764	0.632	1	1	1	0.786	1	0.471	9.99
821	h1	0.571	0.477	0.957	1	1	1	0.714	1	0.0	0.0
822	h1	0.648	0.5	1.0	1	1	1	0.714	1	0.0	0.0
823	h1	0.7	0.477	0.87	1	1	1	0.714	1	0.0	0.0
860	h1	0.667	0.955	0.957	1	1	1	0.779	1	0.812	30.46
861	h1	0.7	1.0	1.0	1	1	1	0.786	1	0.812	36.28
862	h1	0.7	1.0	1.0	1	1	1	0.786	1	0.705	21.02
863	h1	0.7	1.0	1.0	1	1	1	0.251	1	0.286	0.17
864	h1	0.952	0.668	0.696	1	1	1	0.76	1	0.812	21.58
865	h1	1.0	0.655	0.727	1	1	1	0.786	1	0.812	24.68
866	h1	1.0	0.609	0.727	1	1	1	0.786	1	0.812	22.94
867	h1	1.0	0.7	0.727	1	1	1	0.786	1	0.441	7.57
868	h1	1.0	0.655	0.909	1	1	1	0.765	1	0.812	30.03
869	h1	1.0	0.7	0.909	1	1	1	0.786	1	0.812	32.98
870	h1	1.0	0.7	0.909	1	1	1	0.786	1	0.812	32.98
871	h1	1.0	0.609	0.909	1	1	1	0.62	1	0.279	3.3
872	h1	0.7	0.7	0.727	1	1	1	0.786	1	0.812	18.46
873	h1	0.7	0.7	0.727	1	1	1	0.786	1	0.812	18.46
874	h1	0.7	0.7	0.727	1	1	1	0.786	1	0.812	18.46
875	h1	0.7	0.7	0.715	1	1	1	0.668	1	0.309	2.29
876	h1	0.7	1.0	0.727	1	1	1	0.786	1	0.812	28.42
877	h1	0.7	1.0	0.727	1	1	1	0.786	1	0.812	28.42
878	h1	0.7	1.0	0.727	1	1	1	0.786	1	0.812	28.42
879	h1	0.7	1.0	0.727	1	1	1	0.705	1	0.341	3.87
880	h1	1.0	0.7	1.0	1	1	1	0.786	1	0.812	36.28
881	h1	1.0	0.7	1.0	1	1	1	0.786	1	0.812	36.28
882	h1	1.0	0.7	1.0	1	1	1	0.786	1	0.812	36.28
883	h1	1.0	0.7	1.0	1	1	1	0.673	1	0.273	3.82
884	h1	0.652	0.618	0.727	1	1	1	0.786	1	0.804	15.03
885	h1	0.7	0.7	0.727	1	1	1	0.786	1	0.812	18.46
886	h1	0.7	0.7	0.727	1	1	1	0.786	1	0.812	18.46
887	h1	0.564	0.664	0.348	1	1	1	0.654	1	0.493	1.6
888	h1	0.667	0.668	0.87	1	1	1	0.786	1	0.875	21.06
889	h1	0.7	0.7	0.909	1	1	1	0.786	1	0.875	24.87
890	h1	0.7	0.7	0.909	1	1	1	0.786	1	0.875	24.87
891	h1	0.7	0.7	0.909	1	1	1	0.652	1	0.475	5.92
892	h1	0.762	0.955	0.696	1	1	1	0.786	1	0.812	25.54
893	h1	0.757	1.0	0.727	1	1	1	0.786	1	0.812	28.52
894	h1	0.7	1.0	0.668	1	1	1	0.786	1	0.534	10.19
895	h1	0.7	1.0	0.273	1	1	1	0.051	1	0.0	0.0
916	h1	0.667	0.764	0.696	1	1	1	0.76	1	0.812	17.29
917	h1	0.7	0.85	0.727	1	1	1	0.786	1	0.812	22.42
918	h1	0.7	0.895	0.727	1	1	1	0.786	1	0.812	23.6
919	h1	0.7	0.805	0.727	1	1	1	0.786	1	0.786	15.34
920	h1	0.382	0.364	0.221	1	1	1	0.051	1	0.321	0.01
921	h1	0.762	0.955	0.87	1	1	1	0.636	1	0.875	27.83
922	h1	0.8	1.0	0.909	1	1	1	0.786	1	0.875	40.61
923	h1	0.8	1.0	0.909	1	1	1	0.786	1	0.875	40.61
924	h1	0.7	1.0	0.909	1	1	1	0.786	1	0.875	35.53
925	h1	0.382	0.455	0.277	1	1	1	0.175	1	0.375	0.1
926	h1	0.727	0.955	0.696	1	1	1	0.786	1	0.812	24.36
927	h1	0.7	1.0	0.727	1	1	1	0.786	1	0.812	26.37
928	h1	0.7	1.0	0.727	1	1	1	0.786	1	0.812	26.37
929	h1	0.7	1.0	0.727	1	1	1	0.786	1	0.812	26.37
930	h1	0.382	0.455	0.221	1	1	1	0.051	1	0.348	0.02
931	h1	0.909	0.668	0.87	1	1	1	0.786	1	0.812	26.64
932	h1	1.0	0.7	0.909	1	1	1	0.786	1	0.812	32.98
933	h1	1.0	0.7	0.909	1	1	1	0.786	1	0.812	32.98
934	h1	1.0	0.7	0.909	1	1	1	0.786	1	0.47	13.54
935	h1	0.545	0.318	0.277	1	1	1	0.051	1	0.027	0.0
