ChipID	Half	Layer0	Layer1	Layer2	Layer3	Layer4	Layer5	Layer6	Layer7	Layer8	Peff(%)
332	h0	0.477	1	1	0.61	0.64	0.08	0.0	1	0.0	0.0
333	h0	0.5	1	1	0.636	0.667	0.083	0.0	1	0.0	0.0
334	h0	0.477	1	1	0.424	0.373	0.042	0.0	1	0.0	0.0
335	h0	0.668	1	1	0.697	0.72	0.881	0.8	1	0.875	20.67
336	h0	0.7	1	1	0.727	0.75	0.917	0.8	1	0.875	24.5
337	h0	0.668	1	1	0.485	0.567	0.458	0.75	1	0.535	3.38
338	h0	0.955	1	1	0.958	0.72	0.721	0.867	1	0.875	36.03
339	h0	0.95	1	1	1.0	0.75	0.75	0.867	1	0.875	40.54
340	h0	0.859	1	1	0.667	0.567	0.667	0.812	1	0.535	9.41
341	h0	0.573	1	1	0.0	0.64	0.881	0.867	1	0.0	0.0
342	h0	0.655	1	1	0.0	0.667	0.917	0.867	1	0.0	0.0
343	h0	0.668	1	1	0.0	0.373	0.458	0.812	1	0.0	0.0
356	h0	0.955	1	1	0.784	0.72	0.881	0.867	1	0.875	36.03
357	h0	1.0	1	1	0.818	0.75	0.917	0.867	1	0.875	42.68
358	h0	1.0	1	1	0.545	0.75	0.917	0.812	1	0.535	16.28
359	h0	1.0	1	1	0.0	0.63	0.67	0.0	1	0.0	0.0
360	h0	0.668	1	1	0.958	0.96	0.721	0.867	1	0.812	31.18
361	h0	0.7	1	1	1.0	1.0	0.75	0.867	1	0.812	36.96
362	h0	0.7	1	1	1.0	1.0	0.75	0.867	1	0.812	36.96
363	h0	0.7	1	1	0.958	0.84	0.548	0.812	1	0.384	9.63
364	h0	0.645	1	1	0.818	0.833	0.917	0.867	1	0.812	28.37
365	h0	0.7	1	1	0.818	0.833	0.917	0.867	1	0.812	30.79
366	h0	0.7	1	1	0.818	0.833	0.917	0.867	1	0.812	30.79
367	h0	0.664	1	1	0.17	0.767	0.917	0.623	1	0.335	1.66
368	h0	0.7	1	1	1.0	0.667	0.917	0.933	1	0.812	32.44
369	h0	0.7	1	1	1.0	0.667	0.917	0.933	1	0.812	32.44
370	h0	0.7	1	1	1.0	0.667	0.917	0.933	1	0.812	32.44
371	h0	0.7	1	1	0.708	0.32	0.423	0.729	1	0.231	1.13
372	h0	1.0	1	1	0.727	1.0	0.75	0.933	1	0.875	44.51
373	h0	1.0	1	1	0.727	1.0	0.75	0.933	1	0.875	44.51
374	h0	1.0	1	1	0.727	1.0	0.75	0.933	1	0.875	44.51
375	h0	1.0	1	1	0.515	0.52	0.314	0.729	1	0.292	1.79
376	h0	0.7	1	1	0.727	0.833	0.75	0.933	1	0.812	24.09
377	h0	0.7	1	1	0.727	0.833	0.75	0.933	1	0.812	24.09
378	h0	0.7	1	1	0.727	0.833	0.75	0.933	1	0.812	24.09
379	h0	0.7	1	1	0.515	0.433	0.314	0.729	1	0.271	0.97
380	h0	0.655	1	1	0.727	0.667	0.75	0.933	1	0.812	18.05
381	h0	0.7	1	1	0.727	0.667	0.75	0.933	1	0.812	19.29
382	h0	0.7	1	1	0.727	0.667	0.75	0.933	1	0.812	19.29
383	h0	0.6	1	1	0.636	0.627	0.494	0.671	1	0.304	2.41
384	h0	0.668	1	1	0.697	0.96	0.721	0.933	1	0.812	24.41
385	h0	0.7	1	1	0.727	1.0	0.75	0.933	1	0.812	28.92
386	h0	0.7	1	1	0.727	1.0	0.75	0.933	1	0.812	28.92
387	h0	0.7	1	1	0.697	0.84	0.571	0.875	1	0.384	7.86
388	h0	0.955	1	1	0.697	0.72	0.721	0.933	1	0.812	26.18
389	h0	1.0	1	1	0.727	0.75	0.75	0.933	1	0.812	30.98
390	h0	1.0	1	1	0.727	0.75	0.75	0.812	1	0.497	16.5
391	h0	1.0	1	1	0.697	0.63	0.548	0.0	1	0.0	0.0
428	h0	0.668	1	1	0.697	0.88	0.721	0.867	1	0.812	20.8
429	h0	0.7	1	1	0.727	0.917	0.75	0.867	1	0.812	24.64
430	h0	0.7	1	1	0.727	0.957	0.75	0.867	1	0.812	25.71
431	h0	0.7	1	1	0.697	0.987	0.66	0.812	1	0.516	13.32
432	h0	0.318	1	1	0.03	0.833	0.401	0.0	1	0.083	0.0
433	h0	0.955	1	1	0.697	0.72	0.721	0.867	1	0.812	24.33
434	h0	1.0	1	1	0.727	0.75	0.75	0.867	1	0.812	28.79
435	h0	1.0	1	1	0.727	0.713	0.75	0.867	1	0.812	27.37
436	h0	1.0	1	1	0.697	0.683	0.75	0.812	1	0.812	23.54
437	h0	0.455	1	1	0.03	0.75	0.721	0.0	1	0.271	0.0
438	h0	0.955	1	1	0.958	0.8	0.881	0.933	1	0.812	48.85
439	h0	1.0	1	1	1.0	0.833	0.917	0.933	1	0.812	57.87
440	h0	1.0	1	1	1.0	0.833	0.917	0.933	1	0.812	57.87
441	h0	1.0	1	1	0.958	0.833	0.917	0.875	1	0.812	51.99
442	h0	0.455	1	1	0.042	0.833	0.881	0.0	1	0.293	0.0
443	h0	0.764	1	1	0.697	0.72	0.962	0.933	1	0.812	27.94
444	h0	0.8	1	1	0.727	0.75	1.0	0.933	1	0.812	33.05
445	h0	0.8	1	1	0.727	0.75	1.0	0.933	1	0.812	33.05
446	h0	0.8	1	1	0.697	0.75	1.0	0.875	1	0.549	20.09
447	h0	0.364	1	1	0.03	0.75	0.962	0.0	1	0.104	0.0
800	h1	0.455	1	1	0.61	0.72	0.154	0.0	1	0.0	0.0
801	h1	0.5	1	1	0.636	0.75	0.167	0.0	1	0.0	0.0
802	h1	0.5	1	1	0.451	0.45	0.09	0.0	1	0.0	0.0
803	h1	0.636	1	1	0.61	0.72	0.846	0.867	1	0.851	17.44
804	h1	0.7	1	1	0.697	0.75	0.917	0.867	1	0.875	25.46
805	h1	0.668	1	1	0.515	0.617	0.494	0.84	1	0.535	4.71
806	h1	0.909	1	1	0.958	0.72	0.692	0.8	1	0.851	29.54
807	h1	0.955	1	1	1.0	0.75	0.75	0.8	1	0.875	37.6
808	h1	0.859	1	1	0.708	0.55	0.673	0.775	1	0.535	9.33
809	h1	0.545	1	1	0.0	0.56	0.769	0.775	1	0.0	0.0
810	h1	0.65	1	1	0.0	0.583	0.833	0.8	1	0.0	0.0
811	h1	0.7	1	1	0.0	0.35	0.449	0.775	1	0.0	0.0
824	h1	0.909	1	1	0.871	0.72	0.923	0.867	1	0.851	38.82
825	h1	1.0	1	1	0.852	0.75	1.0	0.867	1	0.875	48.48
826	h1	1.0	1	1	0.58	0.75	1.0	0.84	1	0.559	20.43
827	h1	1.0	1	1	0.0	0.63	0.769	0.0	1	0.0	0.0
828	h1	0.636	1	1	0.958	0.88	0.692	0.904	1	0.79	26.5
829	h1	0.7	1	1	1.0	0.917	0.75	0.933	1	0.812	36.47
830	h1	0.7	1	1	1.0	0.917	0.75	0.933	1	0.812	36.47
831	h1	0.7	1	1	1.0	0.77	0.577	0.875	1	0.406	11.05
832	h1	0.605	1	1	0.818	0.71	0.833	0.933	1	0.812	22.17
833	h1	0.7	1	1	0.818	0.75	0.833	0.933	1	0.812	27.1
834	h1	0.7	1	1	0.818	0.75	0.917	0.933	1	0.812	29.83
835	h1	0.7	1	1	0.17	0.697	0.917	0.7	1	0.358	1.91
836	h1	0.7	1	1	1.0	0.75	1.0	0.933	1	0.812	39.77
837	h1	0.7	1	1	1.0	0.75	1.0	0.933	1	0.812	39.77
838	h1	0.7	1	1	1.0	0.75	1.0	0.933	1	0.812	39.77
839	h1	0.7	1	1	0.708	0.39	0.462	0.729	1	0.253	1.65
840	h1	1.0	1	1	0.727	1.0	0.75	0.933	1	0.875	44.51
841	h1	1.0	1	1	0.727	1.0	0.75	0.933	1	0.875	44.51
842	h1	1.0	1	1	0.727	1.0	0.75	0.933	1	0.875	44.51
843	h1	1.0	1	1	0.515	0.56	0.346	0.758	1	0.292	2.21
844	h1	0.7	1	1	0.727	0.833	0.75	0.933	1	0.812	24.09
845	h1	0.7	1	1	0.727	0.833	0.75	0.933	1	0.812	24.09
846	h1	0.7	1	1	0.727	0.833	0.75	0.933	1	0.812	24.09
847	h1	0.7	1	1	0.515	0.433	0.343	0.729	1	0.271	1.06
848	h1	0.655	1	1	0.727	0.75	0.75	0.933	1	0.812	20.29
849	h1	0.7	1	1	0.727	0.75	0.75	0.933	1	0.812	21.69
850	h1	0.7	1	1	0.727	0.75	0.75	0.933	1	0.812	21.69
851	h1	0.609	1	1	0.636	0.71	0.548	0.729	1	0.304	3.34
852	h1	0.668	1	1	0.697	0.96	0.692	0.867	1	0.79	21.19
853	h1	0.7	1	1	0.727	1.0	0.75	0.867	1	0.812	26.87
854	h1	0.7	1	1	0.727	1.0	0.75	0.867	1	0.812	26.87
855	h1	0.7	1	1	0.727	0.84	0.577	0.812	1	0.406	8.13
856	h1	0.909	1	1	0.697	0.72	0.692	0.84	1	0.79	20.95
857	h1	1.0	1	1	0.727	0.75	0.75	0.867	1	0.812	28.79
858	h1	1.0	1	1	0.727	0.75	0.75	0.84	1	0.497	17.07
859	h1	1.0	1	1	0.727	0.63	0.577	0.0	1	0.0	0.0
896	h1	0.636	1	1	0.697	0.88	0.692	0.904	1	0.79	19.28
897	h1	0.7	1	1	0.727	0.917	0.75	0.933	1	0.812	26.52
898	h1	0.7	1	1	0.727	0.917	0.75	0.933	1	0.812	26.52
899	h1	0.7	1	1	0.727	0.917	0.673	0.875	1	0.531	14.59
900	h1	0.318	1	1	0.03	0.917	0.417	0.0	1	0.09	0.0
901	h1	0.909	1	1	0.697	0.8	0.692	0.904	1	0.79	25.05
902	h1	1.0	1	1	0.727	0.777	0.75	0.933	1	0.812	32.1
903	h1	1.0	1	1	0.727	0.75	0.75	0.933	1	0.812	30.98
904	h1	1.0	1	1	0.727	0.75	0.75	0.875	1	0.812	29.06
905	h1	0.455	1	1	0.03	0.75	0.75	0.0	1	0.293	0.0
906	h1	0.955	1	1	0.958	0.72	0.769	0.84	1	0.79	33.62
907	h1	1.0	1	1	1.0	0.75	0.833	0.867	1	0.812	43.98
908	h1	1.0	1	1	1.0	0.75	0.833	0.867	1	0.812	43.98
909	h1	1.0	1	1	1.0	0.75	0.833	0.812	1	0.812	41.19
910	h1	0.455	1	1	0.042	0.75	0.833	0.0	1	0.293	0.0
911	h1	0.764	1	1	0.784	0.72	0.923	0.867	1	0.79	27.26
912	h1	0.8	1	1	0.818	0.75	1.0	0.867	1	0.812	34.55
913	h1	0.8	1	1	0.818	0.75	1.0	0.867	1	0.812	34.55
914	h1	0.8	1	1	0.818	0.833	1.0	0.812	1	0.562	24.88
915	h1	0.364	1	1	0.034	0.833	1.0	0.0	1	0.113	0.0
