ChipID	Half	Layer0	Layer1	Layer2	Layer3	Layer4	Layer5	Layer6	Layer7	Layer8	Peff(%)
344	h0	1	0.573	1	1	0.96	0.56	0.214	1	0.188	0.0
345	h0	1	0.655	1	1	1.0	0.583	0.214	1	0.188	0.0
346	h0	1	0.668	1	1	0.6	0.373	0.214	1	0.123	0.0
347	h0	1	0.955	1	1	0.8	0.72	0.786	1	0.812	30.72
348	h0	1	0.95	1	1	0.833	0.75	0.786	1	0.812	33.14
349	h0	1	0.859	1	1	0.833	0.567	0.786	1	0.534	9.11
350	h0	1	0.668	1	1	0.72	0.72	0.786	1	0.75	17.86
351	h0	1	0.7	1	1	0.75	0.75	0.786	1	0.688	18.63
352	h0	1	0.668	1	1	0.517	0.603	0.786	1	0.493	4.32
353	h0	1	0.477	1	1	0.48	0.72	0.714	1	0.0	0.0
354	h0	1	0.5	1	1	0.5	0.75	0.714	1	0.0	0.0
355	h0	1	0.477	1	1	0.3	0.42	0.714	1	0.0	0.0
392	h0	1	0.955	1	1	0.72	0.72	0.786	1	0.812	25.66
393	h0	1	1.0	1	1	0.75	0.75	0.786	1	0.812	29.15
394	h0	1	1.0	1	1	0.75	0.75	0.786	1	0.705	16.24
395	h0	1	1.0	1	1	0.66	0.63	0.251	1	0.271	0.09
396	h0	1	0.668	1	1	0.72	0.96	0.786	1	0.812	23.93
397	h0	1	0.7	1	1	0.75	1.0	0.786	1	0.812	27.21
398	h0	1	0.7	1	1	0.787	1.0	0.786	1	0.812	28.55
399	h0	1	0.7	1	1	0.763	0.84	0.786	1	0.441	6.31
400	h0	1	0.655	1	1	0.833	0.75	0.772	1	0.875	22.45
401	h0	1	0.7	1	1	0.833	0.75	0.786	1	0.875	24.42
402	h0	1	0.7	1	1	0.833	0.75	0.786	1	0.875	24.42
403	h0	1	0.6	1	1	0.653	0.69	0.62	1	0.3	1.62
404	h0	1	0.7	1	1	0.667	0.833	0.786	1	0.812	20.16
405	h0	1	0.7	1	1	0.667	0.833	0.786	1	0.812	20.16
406	h0	1	0.7	1	1	0.667	0.833	0.786	1	0.812	20.16
407	h0	1	0.7	1	1	0.4	0.433	0.668	1	0.305	0.72
408	h0	1	1.0	1	1	0.833	1.0	0.786	1	0.812	46.52
409	h0	1	1.0	1	1	0.833	1.0	0.786	1	0.812	46.52
410	h0	1	1.0	1	1	0.833	1.0	0.786	1	0.812	46.52
411	h0	1	1.0	1	1	0.497	0.52	0.705	1	0.348	2.0
412	h0	1	0.7	1	1	1.0	0.75	0.786	1	0.812	27.21
413	h0	1	0.7	1	1	1.0	0.75	0.786	1	0.812	27.21
414	h0	1	0.7	1	1	1.0	0.75	0.786	1	0.812	27.21
415	h0	1	0.7	1	1	0.6	0.36	0.668	1	0.286	0.79
416	h0	1	0.645	1	1	0.75	0.75	0.786	1	0.804	18.62
417	h0	1	0.7	1	1	0.75	0.75	0.786	1	0.812	20.41
418	h0	1	0.7	1	1	0.75	0.75	0.786	1	0.812	20.41
419	h0	1	0.664	1	1	0.75	0.697	0.634	1	0.493	3.88
420	h0	1	0.668	1	1	0.88	0.88	0.786	1	0.875	28.89
421	h0	1	0.7	1	1	0.917	0.917	0.786	1	0.875	32.87
422	h0	1	0.7	1	1	0.917	0.917	0.786	1	0.875	32.87
423	h0	1	0.7	1	1	0.807	0.77	0.652	1	0.475	5.47
424	h0	1	0.955	1	1	0.88	0.72	0.786	1	0.875	33.79
425	h0	1	1.0	1	1	0.917	0.75	0.786	1	0.875	38.41
426	h0	1	1.0	1	1	0.917	0.75	0.786	1	0.575	15.45
427	h0	1	1.0	1	1	0.807	0.63	0.051	1	0.0	0.0
448	h0	1	0.764	1	1	0.8	0.8	0.786	1	0.812	25.34
449	h0	1	0.8	1	1	0.833	0.833	0.786	1	0.812	28.77
450	h0	1	0.8	1	1	0.8	0.833	0.786	1	0.812	27.63
451	h0	1	0.8	1	1	0.763	0.833	0.786	1	0.784	18.61
452	h0	1	0.364	1	1	0.833	0.833	0.025	1	0.321	0.03
453	h0	1	0.955	1	1	0.96	0.72	0.668	1	0.875	31.33
454	h0	1	1.0	1	1	1.0	0.75	0.786	1	0.875	41.88
455	h0	1	1.0	1	1	1.0	0.75	0.786	1	0.875	41.88
456	h0	1	1.0	1	1	1.0	0.75	0.786	1	0.875	41.88
457	h0	1	0.455	1	1	1.0	0.75	0.175	1	0.375	0.66
458	h0	1	0.955	1	1	0.8	0.72	0.786	1	0.812	28.51
459	h0	1	1.0	1	1	0.833	0.75	0.786	1	0.812	32.38
460	h0	1	1.0	1	1	0.833	0.75	0.786	1	0.812	32.38
461	h0	1	1.0	1	1	0.833	0.75	0.786	1	0.812	32.38
462	h0	1	0.455	1	1	0.833	0.75	0.051	1	0.348	0.15
463	h0	1	0.668	1	1	0.64	0.88	0.786	1	0.812	19.5
464	h0	1	0.7	1	1	0.667	0.917	0.786	1	0.812	22.19
465	h0	1	0.7	1	1	0.667	0.917	0.786	1	0.812	22.19
466	h0	1	0.7	1	1	0.647	0.917	0.786	1	0.47	8.62
467	h0	1	0.318	1	1	0.5	0.917	0.051	1	0.027	0.0
812	h1	1	0.668	1	1	0.843	0.64	0.214	1	0.25	0.0
813	h1	1	0.7	1	1	0.917	0.667	0.214	1	0.25	0.0
814	h1	1	0.668	1	1	0.587	0.4	0.214	1	0.164	0.0
815	h1	1	0.859	1	1	0.836	0.72	0.786	1	0.812	28.08
816	h1	1	0.9	1	1	0.917	0.75	0.786	1	0.812	34.57
817	h1	1	0.859	1	1	1.0	0.617	0.786	1	0.557	12.97
818	h1	1	0.764	1	1	0.669	0.72	0.783	1	0.688	16.87
819	h1	1	0.8	1	1	0.75	0.75	0.786	1	0.688	21.29
820	h1	1	0.764	1	1	0.51	0.583	0.786	1	0.471	4.7
821	h1	1	0.477	1	1	0.418	0.64	0.714	1	0.0	0.0
822	h1	1	0.5	1	1	0.417	0.667	0.714	1	0.0	0.0
823	h1	1	0.477	1	1	0.267	0.4	0.714	1	0.0	0.0
860	h1	1	0.955	1	1	0.69	0.72	0.779	1	0.812	23.71
861	h1	1	1.0	1	1	0.75	0.75	0.786	1	0.812	29.15
862	h1	1	1.0	1	1	0.75	0.75	0.786	1	0.705	16.89
863	h1	1	1.0	1	1	0.69	0.63	0.251	1	0.286	0.1
864	h1	1	0.668	1	1	0.69	0.96	0.76	1	0.812	21.57
865	h1	1	0.655	1	1	0.75	1.0	0.786	1	0.812	25.46
866	h1	1	0.609	1	1	0.75	1.0	0.786	1	0.812	23.67
867	h1	1	0.7	1	1	0.717	0.84	0.786	1	0.441	6.27
868	h1	1	0.655	1	1	0.75	0.75	0.765	1	0.812	18.58
869	h1	1	0.7	1	1	0.75	0.75	0.786	1	0.812	20.41
870	h1	1	0.7	1	1	0.75	0.75	0.786	1	0.812	20.41
871	h1	1	0.609	1	1	0.6	0.69	0.62	1	0.279	1.5
872	h1	1	0.7	1	1	0.75	0.75	0.786	1	0.812	20.41
873	h1	1	0.7	1	1	0.75	0.75	0.786	1	0.812	20.41
874	h1	1	0.7	1	1	0.75	0.75	0.786	1	0.812	20.41
875	h1	1	0.7	1	1	0.453	0.39	0.668	1	0.309	0.81
876	h1	1	1.0	1	1	0.75	1.0	0.786	1	0.812	41.88
877	h1	1	1.0	1	1	0.75	1.0	0.786	1	0.812	41.88
878	h1	1	1.0	1	1	0.75	1.0	0.786	1	0.812	41.88
879	h1	1	1.0	1	1	0.477	0.56	0.705	1	0.341	2.03
880	h1	1	0.7	1	1	1.0	0.75	0.786	1	0.812	27.21
881	h1	1	0.7	1	1	1.0	0.75	0.786	1	0.812	27.21
882	h1	1	0.7	1	1	1.0	0.75	0.786	1	0.812	27.21
883	h1	1	0.7	1	1	0.64	0.39	0.673	1	0.273	0.95
884	h1	1	0.618	1	1	0.833	0.75	0.786	1	0.804	19.81
885	h1	1	0.7	1	1	0.833	0.75	0.786	1	0.812	22.66
886	h1	1	0.7	1	1	0.833	0.75	0.786	1	0.812	22.66
887	h1	1	0.664	1	1	0.833	0.71	0.654	1	0.493	4.81
888	h1	1	0.668	1	1	0.836	0.96	0.786	1	0.875	29.13
889	h1	1	0.7	1	1	0.833	1.0	0.786	1	0.875	32.56
890	h1	1	0.7	1	1	0.833	1.0	0.786	1	0.875	32.56
891	h1	1	0.7	1	1	0.767	0.84	0.652	1	0.475	5.99
892	h1	1	0.955	1	1	0.92	0.72	0.786	1	0.812	31.9
893	h1	1	1.0	1	1	1.0	0.75	0.786	1	0.812	38.87
894	h1	1	1.0	1	1	1.0	0.75	0.786	1	0.534	16.34
895	h1	1	1.0	1	1	0.92	0.63	0.051	1	0.0	0.0
916	h1	1	0.764	1	1	0.767	0.88	0.76	1	0.812	25.14
917	h1	1	0.85	1	1	0.78	0.917	0.786	1	0.812	31.51
918	h1	1	0.895	1	1	0.75	0.917	0.786	1	0.812	31.9
919	h1	1	0.805	1	1	0.75	0.917	0.786	1	0.786	20.73
920	h1	1	0.364	1	1	0.75	0.917	0.051	1	0.321	0.06
921	h1	1	0.955	1	1	0.92	0.72	0.636	1	0.875	27.81
922	h1	1	1.0	1	1	1.0	0.75	0.786	1	0.875	41.88
923	h1	1	1.0	1	1	1.0	0.75	0.786	1	0.875	41.88
924	h1	1	1.0	1	1	1.0	0.75	0.786	1	0.875	41.88
925	h1	1	0.455	1	1	1.0	0.75	0.175	1	0.375	0.71
926	h1	1	0.955	1	1	0.72	0.72	0.786	1	0.812	24.96
927	h1	1	1.0	1	1	0.75	0.75	0.786	1	0.812	29.15
928	h1	1	1.0	1	1	0.75	0.75	0.786	1	0.812	29.15
929	h1	1	1.0	1	1	0.75	0.75	0.786	1	0.812	29.15
930	h1	1	0.455	1	1	0.75	0.75	0.051	1	0.348	0.14
931	h1	1	0.668	1	1	0.72	0.88	0.786	1	0.812	21.34
932	h1	1	0.7	1	1	0.75	0.917	0.786	1	0.812	24.95
933	h1	1	0.7	1	1	0.75	0.917	0.786	1	0.812	24.95
934	h1	1	0.7	1	1	0.73	0.833	0.786	1	0.47	9.06
935	h1	1	0.318	1	1	0.5	0.833	0.051	1	0.027	0.0
