 ChipID Half   Layer0  Layer1  Layer2   Layer3   Layer4   Layer5  Layer6   Layer7   Layer8  Pseaudo_Eff
    344   h0 0.631579       1   0.665 0.761905 0.954545 0.668182       1 0.846154 0.785714     0.135692
    345   h0 0.666667       1   0.700 0.800000 1.000000 0.700000       1 0.846154 0.785714     0.173744
    346   h0 0.666667       1   0.700 0.800000 1.000000 0.700000       1 0.846154 0.785714     0.173744
    347   h0 0.842105       1   0.950 0.666667 0.668182 0.859091       1 0.769231 0.714286     0.168214
    348   h0 0.888889       1   1.000 0.700000 0.700000 0.900000       1 0.769231 0.714286     0.215385
    349   h0 0.888889       1   1.000 0.700000 0.700000 0.900000       1 0.769231 0.783410     0.236228
    350   h0 0.631579       1   0.665 0.666667 0.954545 0.727273       1 0.769231 0.785714     0.117483
    351   h0 0.666667       1   0.700 0.700000 1.000000 0.800000       1 0.769231 0.785714     0.157949
    352   h0 0.666667       1   0.700 0.700000 1.000000 0.800000       1 0.769231 0.785714     0.157949
    353   h0 0.947368       1   0.760 0.952381 0.668182 0.645455       1 0.923077 0.857143     0.233989
    354   h0 1.000000       1   0.800 1.000000 0.700000 0.700000       1 0.923077 0.785714     0.284308
    355   h0 1.000000       1   0.800 1.000000 0.668182 0.700000       1 0.923077 0.785714     0.271385
    392   h0 0.842105       1   0.665 0.952381 0.668182 0.954545       1 0.769231 0.857143     0.224285
    393   h0 0.888889       1   0.700 1.000000 0.700000 1.000000       1 0.769231 0.857143     0.287179
    394   h0 0.888889       1   0.700 1.000000 0.700000 1.000000       1 0.769231 0.790323     0.264792
    395   h0 0.888889       1   0.700 1.000000 0.700000 1.000000       1 0.675824 0.785714     0.231282
    396   h0 0.631579       1   0.855 0.666667 0.954545 0.668182       1 0.769231 0.785714     0.138776
    397   h0 0.666667       1   0.900 0.700000 1.000000 0.700000       1 0.769231 0.785714     0.177692
    398   h0 0.666667       1   0.900 0.700000 1.000000 0.700000       1 0.769231 0.785714     0.177692
    399   h0 0.666667       1   0.900 0.700000 1.000000 0.700000       1 0.769231 0.785714     0.177692
    400   h0 0.789474       1   0.850 0.614286 0.954545 0.654545       1 0.769231 0.721198     0.142881
    401   h0 1.000000       1   1.000 0.700000 1.000000 0.700000       1 0.769231 0.785714     0.296154
    402   h0 1.000000       1   1.000 0.700000 1.000000 0.700000       1 0.769231 0.785714     0.296154
    403   h0 1.000000       1   1.000 0.676190 1.000000 0.700000       1 0.769231 0.769585     0.280208
    404   h0 0.736842       1   0.700 0.700000 0.700000 0.700000       1 0.923077 0.767281     0.125302
    405   h0 0.777778       1   0.700 0.700000 0.700000 0.700000       1 0.923077 0.785714     0.135441
    406   h0 0.777778       1   0.700 0.700000 0.700000 0.700000       1 0.923077 0.785714     0.135441
    407   h0 0.777778       1   0.700 0.700000 0.700000 0.700000       1 0.923077 0.785714     0.135441
    408   h0 0.736842       1   0.700 1.000000 0.700000 1.000000       1 1.000000 0.767281     0.277029
    409   h0 0.777778       1   0.700 1.000000 0.700000 1.000000       1 1.000000 0.785714     0.299444
    410   h0 0.777778       1   0.700 1.000000 0.700000 1.000000       1 1.000000 0.785714     0.299444
    411   h0 0.777778       1   0.700 1.000000 0.700000 1.000000       1 1.000000 0.785714     0.299444
    412   h0 0.947368       1   1.000 0.700000 1.000000 0.700000       1 0.923077 0.767281     0.328782
    413   h0 1.000000       1   1.000 0.700000 1.000000 0.700000       1 0.923077 0.785714     0.355385
    414   h0 1.000000       1   1.000 0.700000 1.000000 0.700000       1 0.923077 0.785714     0.355385
    415   h0 1.000000       1   1.000 0.700000 1.000000 0.700000       1 0.923077 0.758065     0.342878
    416   h0 0.502924       1   0.610 0.647619 0.677273 0.618182       1 0.769231 0.682028     0.043641
    417   h0 0.666667       1   0.700 0.800000 0.700000 0.700000       1 0.769231 0.785714     0.110564
    418   h0 0.666667       1   0.700 0.800000 0.700000 0.700000       1 0.769231 0.785714     0.110564
    419   h0 0.666667       1   0.700 0.800000 0.700000 0.700000       1 0.769231 0.785714     0.110564
    420   h0 0.842105       1   0.665 0.857143 0.668182 0.659091       1 0.769231 0.785714     0.127762
    421   h0 0.888889       1   0.700 0.900000 0.700000 0.700000       1 0.769231 0.785714     0.165846
    422   h0 0.888889       1   0.700 0.900000 0.700000 0.700000       1 0.769231 0.785714     0.165846
    423   h0 0.888889       1   0.700 0.900000 0.700000 0.700000       1 0.769231 0.852535     0.179950
    424   h0 0.842105       1   0.950 0.857143 0.668182 0.909091       1 0.769231 0.785714     0.251748
    425   h0 0.888889       1   1.000 0.900000 0.700000 1.000000       1 0.769231 0.785714     0.338462
    426   h0 0.888889       1   1.000 0.900000 0.700000 1.000000       1 0.769231 0.785714     0.338462
    427   h0 0.888889       1   1.000 0.900000 0.700000 1.000000       1 0.675824 0.721198     0.272946
    448   h0 0.947368       1   0.855 0.666667 0.668182 0.763636       1 0.769231 0.785714     0.166531
    449   h0 1.000000       1   0.900 0.700000 0.700000 0.800000       1 0.769231 0.785714     0.213231
    450   h0 1.000000       1   0.900 0.700000 0.700000 0.800000       1 0.769231 0.785714     0.213231
    451   h0 1.000000       1   0.900 0.700000 0.700000 0.800000       1 0.769231 0.785714     0.213231
    452   h0 1.000000       1   0.810 0.500000 0.700000 0.800000       1 0.384615 0.785714     0.068538
    453   h0 0.210526       1   0.475 0.952381 0.668182 0.954545       1 0.642857 0.564516     0.022044
    454   h0 0.619883       1   0.690 1.000000 0.700000 1.000000       1 0.769231 0.785714     0.180958
    455   h0 0.666667       1   0.700 1.000000 0.700000 1.000000       1 0.769231 0.785714     0.197436
    456   h0 0.666667       1   0.700 1.000000 0.700000 1.000000       1 0.769231 0.785714     0.197436
    457   h0 0.666667       1   0.650 0.714286 0.700000 1.000000       1 0.461538 0.758065     0.075806
    458   h0 0.947368       1   0.950 0.952381 0.668182 0.954545       1 0.670330 0.714286     0.261761
    459   h0 1.000000       1   1.000 1.000000 0.700000 1.000000       1 0.769231 0.714286     0.384615
    460   h0 1.000000       1   1.000 1.000000 0.700000 1.000000       1 0.769231 0.714286     0.384615
    461   h0 1.000000       1   1.000 1.000000 0.700000 1.000000       1 0.769231 0.714286     0.384615
    462   h0 1.000000       1   0.900 0.714286 0.700000 1.000000       1 0.461538 0.778802     0.161751
    463   h0 0.631579       1   0.760 0.666667 0.954545 0.668182       1 0.769231 0.785714     0.123357
    464   h0 0.666667       1   0.800 0.700000 1.000000 0.700000       1 0.769231 0.785714     0.157949
    465   h0 0.666667       1   0.800 0.700000 1.000000 0.700000       1 0.769231 0.785714     0.157949
    466   h0 0.666667       1   0.800 0.700000 1.000000 0.700000       1 0.769231 0.785714     0.157949
    467   h0 0.666667       1   0.720 0.500000 1.000000 0.700000       1 0.384615 0.656682     0.042432
    812   h1 0.596491       1   0.695 0.723810 0.954545 0.800000       1 0.846154 0.785714     0.152340
    813   h1 0.666667       1   0.700 0.800000 1.000000 0.750000       1 0.846154 0.785714     0.186154
    814   h1 0.666667       1   0.700 0.800000 1.000000 0.686364       1 0.846154 0.785714     0.170359
    815   h1 0.795322       1   0.950 0.642857 0.668182 0.900000       1 0.769231 0.785714     0.176538
    816   h1 0.888889       1   1.000 0.700000 0.700000 0.900000       1 0.769231 0.785714     0.236923
    817   h1 0.888889       1   1.000 0.700000 0.700000 0.900000       1 0.769231 0.785714     0.236923
    818   h1 0.596491       1   0.700 0.666667 0.954545 0.800000       1 0.769231 0.857143     0.140155
    819   h1 0.666667       1   0.700 0.700000 1.000000 0.800000       1 0.769231 0.857143     0.172308
    820   h1 0.666667       1   0.700 0.700000 1.000000 0.800000       1 0.769231 0.857143     0.172308
    821   h1 0.894737       1   0.800 0.952381 0.668182 0.700000       1 0.923077 0.857143     0.252278
    822   h1 1.000000       1   0.800 1.000000 0.700000 0.650000       1 0.923077 0.788018     0.264774
    823   h1 1.000000       1   0.800 1.000000 0.700000 0.595455       1 0.923077 0.785714     0.241846
    860   h1 0.795322       1   0.665 0.952381 0.763636 1.000000       1 0.769231 0.785714     0.232479
    861   h1 0.888889       1   0.700 1.000000 0.800000 1.000000       1 0.769231 0.785714     0.300855
    862   h1 0.888889       1   0.700 1.000000 0.800000 1.000000       1 0.769231 0.785714     0.300855
    863   h1 0.888889       1   0.700 1.000000 0.800000 1.000000       1 0.620879 0.785714     0.242833
    864   h1 0.596491       1   0.855 0.666667 0.954545 0.700000       1 0.769231 0.785714     0.137308
    865   h1 0.666667       1   0.900 0.700000 1.000000 0.700000       1 0.769231 0.785714     0.177692
    866   h1 0.666667       1   0.900 0.700000 1.000000 0.700000       1 0.769231 0.785714     0.177692
    867   h1 0.666667       1   0.900 0.700000 1.000000 0.700000       1 0.769231 0.785714     0.177692
    868   h1 0.842105       1   0.900 0.642857 0.954545 0.677273       1 0.846154 0.737327     0.196514
    869   h1 1.000000       1   1.000 0.700000 1.000000 0.700000       1 0.846154 0.785714     0.325769
    870   h1 1.000000       1   1.000 0.700000 1.000000 0.700000       1 0.769231 0.785714     0.296154
    871   h1 1.000000       1   1.000 0.676190 1.000000 0.700000       1 0.846154 0.767281     0.307306
    872   h1 0.596491       1   0.700 0.700000 0.700000 0.700000       1 0.923077 0.778802     0.102958
    873   h1 0.666667       1   0.700 0.700000 0.700000 0.700000       1 0.923077 0.785714     0.116092
    874   h1 0.666667       1   0.700 0.700000 0.700000 0.700000       1 0.923077 0.785714     0.116092
    875   h1 0.666667       1   0.700 0.700000 0.700000 0.700000       1 0.923077 0.785714     0.116092
    876   h1 0.695906       1   0.700 1.000000 0.700000 1.000000       1 1.000000 0.760369     0.259281
    877   h1 0.777778       1   0.700 1.000000 0.700000 1.000000       1 1.000000 0.785714     0.299444
    878   h1 0.777778       1   0.700 1.000000 0.700000 1.000000       1 1.000000 0.785714     0.299444
    879   h1 0.777778       1   0.700 1.000000 0.700000 1.000000       1 1.000000 0.785714     0.299444
    880   h1 0.894737       1   1.000 0.700000 1.000000 0.700000       1 0.846154 0.744240     0.276092
    881   h1 1.000000       1   1.000 0.700000 1.000000 0.700000       1 0.846154 0.785714     0.325769
    882   h1 1.000000       1   1.000 0.700000 1.000000 0.700000       1 0.846154 0.785714     0.325769
    883   h1 1.000000       1   1.000 0.700000 1.000000 0.700000       1 0.846154 0.767281     0.318127
    884   h1 0.479532       1   0.625 0.647619 0.663636 0.618182       1 0.747253 0.702765     0.041816
    885   h1 0.666667       1   0.700 0.800000 0.700000 0.700000       1 0.769231 0.785714     0.110564
    886   h1 0.666667       1   0.700 0.800000 0.700000 0.700000       1 0.769231 0.785714     0.110564
    887   h1 0.666667       1   0.700 0.800000 0.700000 0.700000       1 0.769231 0.785714     0.110564
    888   h1 0.947368       1   0.700 0.952381 0.668182 0.600000       1 0.769231 0.785714     0.153036
    889   h1 1.000000       1   0.700 1.000000 0.700000 0.650000       1 0.769231 0.788018     0.193065
    890   h1 1.000000       1   0.700 1.000000 0.700000 0.695455       1 0.769231 0.788018     0.206566
    891   h1 1.000000       1   0.700 1.000000 0.700000 0.600000       1 0.769231 0.785714     0.177692
    892   h1 0.695906       1   1.000 0.761905 0.668182 1.000000       1 0.769231 0.857143     0.233591
    893   h1 0.777778       1   1.000 0.800000 0.700000 1.000000       1 0.769231 0.857143     0.287179
    894   h1 0.777778       1   1.000 0.800000 0.700000 1.000000       1 0.769231 0.790323     0.264792
    895   h1 0.777778       1   1.000 0.900000 0.700000 1.000000       1 0.670330 0.714286     0.234615
    916   h1 0.894737       1   0.900 0.661905 0.668182 0.800000       1 0.769231 0.785714     0.172202
    917   h1 1.000000       1   0.900 0.700000 0.700000 0.800000       1 0.769231 0.785714     0.213231
    918   h1 1.000000       1   0.900 0.700000 0.700000 0.800000       1 0.769231 0.785714     0.213231
    919   h1 1.000000       1   0.900 0.700000 0.700000 0.800000       1 0.769231 0.785714     0.213231
    920   h1 1.000000       1   0.810 0.500000 0.700000 0.800000       1 0.376374 0.785714     0.067070
    921   h1 0.298246       1   0.510 0.904762 0.763636 1.000000       1 0.706044 0.619816     0.045990
    922   h1 0.631579       1   0.690 1.000000 0.800000 1.000000       1 0.769231 0.785714     0.210711
    923   h1 0.666667       1   0.700 1.000000 0.800000 1.000000       1 0.769231 0.785714     0.225641
    924   h1 0.666667       1   0.700 1.000000 0.800000 1.000000       1 0.769231 0.785714     0.225641
    925   h1 0.666667       1   0.650 0.714286 0.800000 1.000000       1 0.398352 0.764977     0.075457
    926   h1 0.894737       1   1.000 0.900000 0.668182 1.000000       1 0.620879 0.714286     0.238623
    927   h1 1.000000       1   1.000 0.900000 0.700000 1.000000       1 0.769231 0.714286     0.346154
    928   h1 1.000000       1   1.000 1.000000 0.700000 1.000000       1 0.769231 0.714286     0.384615
    929   h1 1.000000       1   1.000 1.000000 0.700000 1.000000       1 0.769231 0.781106     0.420596
    930   h1 1.000000       1   0.900 0.714286 0.700000 1.000000       1 0.500000 0.785714     0.176786
    931   h1 0.619883       1   0.800 0.700000 0.954545 0.700000       1 0.769231 0.785714     0.140189
    932   h1 0.666667       1   0.800 0.700000 1.000000 0.700000       1 0.769231 0.788018     0.158412
    933   h1 0.666667       1   0.800 0.700000 1.000000 0.700000       1 0.769231 0.854839     0.171844
    934   h1 0.666667       1   0.800 0.700000 1.000000 0.700000       1 0.769231 0.790323     0.158875
    935   h1 0.666667       1   0.720 0.500000 1.000000 0.700000       1 0.370879 0.721198     0.044936