 ChipID Half   Layer0  Layer1  Layer2   Layer3   Layer4   Layer5   Layer6   Layer7  Layer8  Pseaudo_Eff
    344   h0 0.631579       1   0.665 0.761905 0.954545 0.668182 0.740741 0.846154       1     0.127925
    345   h0 0.666667       1   0.700 0.800000 1.000000 0.700000 0.769231 0.846154       1     0.170099
    346   h0 0.666667       1   0.700 0.800000 1.000000 0.700000 0.769231 0.846154       1     0.170099
    347   h0 0.842105       1   0.950 0.666667 0.668182 0.859091 0.740741 0.769231       1     0.174444
    348   h0 0.888889       1   1.000 0.700000 0.700000 0.900000 0.769231 0.769231       1     0.231953
    349   h0 0.888889       1   1.000 0.700000 0.700000 0.900000 0.769231 0.769231       1     0.231953
    350   h0 0.631579       1   0.665 0.666667 0.954545 0.727273 0.740741 0.769231       1     0.110758
    351   h0 0.666667       1   0.700 0.700000 1.000000 0.800000 0.769231 0.769231       1     0.154635
    352   h0 0.666667       1   0.700 0.700000 1.000000 0.800000 0.769231 0.769231       1     0.154635
    353   h0 0.947368       1   0.760 0.952381 0.668182 0.645455 0.740741 0.923077       1     0.202212
    354   h0 1.000000       1   0.800 1.000000 0.700000 0.700000 0.769231 0.923077       1     0.278343
    355   h0 1.000000       1   0.800 1.000000 0.668182 0.700000 0.769231 0.923077       1     0.265691
    392   h0 0.842105       1   0.665 0.952381 0.668182 0.954545 0.814815 0.769231       1     0.213209
    393   h0 0.888889       1   0.700 1.000000 0.700000 1.000000 0.846154 0.769231       1     0.283498
    394   h0 0.888889       1   0.700 1.000000 0.700000 1.000000 0.846154 0.769231       1     0.283498
    395   h0 0.888889       1   0.700 1.000000 0.700000 1.000000 0.846154 0.675824       1     0.249073
    396   h0 0.631579       1   0.855 0.666667 0.954545 0.668182 0.962963 0.769231       1     0.170083
    397   h0 0.666667       1   0.900 0.700000 1.000000 0.700000 1.000000 0.769231       1     0.226154
    398   h0 0.666667       1   0.900 0.700000 1.000000 0.700000 1.000000 0.769231       1     0.226154
    399   h0 0.666667       1   0.900 0.700000 1.000000 0.700000 1.000000 0.769231       1     0.226154
    400   h0 0.789474       1   0.850 0.614286 0.954545 0.654545 0.649573 0.769231       1     0.128691
    401   h0 1.000000       1   1.000 0.700000 1.000000 0.700000 0.769231 0.769231       1     0.289941
    402   h0 1.000000       1   1.000 0.700000 1.000000 0.700000 0.769231 0.769231       1     0.289941
    403   h0 1.000000       1   1.000 0.676190 1.000000 0.700000 0.769231 0.769231       1     0.280079
    404   h0 0.736842       1   0.700 0.700000 0.700000 0.700000 0.746439 0.923077       1     0.121899
    405   h0 0.777778       1   0.700 0.700000 0.700000 0.700000 0.769231 0.923077       1     0.132600
    406   h0 0.777778       1   0.700 0.700000 0.700000 0.700000 0.769231 0.923077       1     0.132600
    407   h0 0.777778       1   0.700 0.700000 0.700000 0.700000 0.769231 0.923077       1     0.132600
    408   h0 0.736842       1   0.700 1.000000 0.700000 1.000000 0.746439 1.000000       1     0.269504
    409   h0 0.777778       1   0.700 1.000000 0.700000 1.000000 0.769231 1.000000       1     0.293162
    410   h0 0.777778       1   0.700 1.000000 0.700000 1.000000 0.769231 1.000000       1     0.293162
    411   h0 0.777778       1   0.700 1.000000 0.700000 1.000000 0.769231 1.000000       1     0.293162
    412   h0 0.947368       1   1.000 0.700000 1.000000 0.700000 0.712251 0.923077       1     0.305201
    413   h0 1.000000       1   1.000 0.700000 1.000000 0.700000 0.769231 0.923077       1     0.347929
    414   h0 1.000000       1   1.000 0.700000 1.000000 0.700000 0.769231 0.923077       1     0.347929
    415   h0 1.000000       1   1.000 0.700000 1.000000 0.700000 0.769231 0.923077       1     0.347929
    416   h0 0.502924       1   0.610 0.647619 0.677273 0.618182 0.888889 0.769231       1     0.056877
    417   h0 0.666667       1   0.700 0.800000 0.700000 0.700000 0.923077 0.769231       1     0.129893
    418   h0 0.666667       1   0.700 0.800000 0.700000 0.700000 0.923077 0.769231       1     0.129893
    419   h0 0.666667       1   0.700 0.800000 0.700000 0.700000 0.923077 0.769231       1     0.129893
    420   h0 0.842105       1   0.665 0.857143 0.668182 0.659091 0.740741 0.769231       1     0.120449
    421   h0 0.888889       1   0.700 0.900000 0.700000 0.700000 0.769231 0.769231       1     0.162367
    422   h0 0.888889       1   0.700 0.900000 0.700000 0.700000 0.769231 0.769231       1     0.162367
    423   h0 0.888889       1   0.700 0.900000 0.700000 0.700000 0.769231 0.769231       1     0.162367
    424   h0 0.842105       1   0.950 0.857143 0.668182 0.909091 0.740741 0.769231       1     0.237338
    425   h0 0.888889       1   1.000 0.900000 0.700000 1.000000 0.769231 0.769231       1     0.331361
    426   h0 0.888889       1   1.000 0.900000 0.700000 1.000000 0.769231 0.769231       1     0.331361
    427   h0 0.888889       1   1.000 0.900000 0.700000 1.000000 0.569801 0.675824       1     0.215648
    448   h0 0.947368       1   0.855 0.666667 0.668182 0.763636 0.814815 0.769231       1     0.172699
    449   h0 1.000000       1   0.900 0.700000 0.700000 0.800000 0.846154 0.769231       1     0.229633
    450   h0 1.000000       1   0.900 0.700000 0.700000 0.800000 0.846154 0.769231       1     0.229633
    451   h0 1.000000       1   0.900 0.700000 0.700000 0.800000 0.846154 0.769231       1     0.229633
    452   h0 1.000000       1   0.810 0.500000 0.700000 0.800000 0.532764 0.384615       1     0.046473
    453   h0 0.210526       1   0.475 0.952381 0.668182 0.954545 0.279202 0.642857       1     0.010903
    454   h0 0.619883       1   0.690 1.000000 0.700000 1.000000 0.769231 0.769231       1     0.177162
    455   h0 0.666667       1   0.700 1.000000 0.700000 1.000000 0.769231 0.769231       1     0.193294
    456   h0 0.666667       1   0.700 1.000000 0.700000 1.000000 0.769231 0.769231       1     0.193294
    457   h0 0.666667       1   0.650 0.714286 0.700000 1.000000 0.740741 0.461538       1     0.074074
    458   h0 0.947368       1   0.950 0.952381 0.668182 0.954545 0.923077 0.670330       1     0.338276
    459   h0 1.000000       1   1.000 1.000000 0.700000 1.000000 0.923077 0.769231       1     0.497041
    460   h0 1.000000       1   1.000 1.000000 0.700000 1.000000 0.923077 0.769231       1     0.497041
    461   h0 1.000000       1   1.000 1.000000 0.700000 1.000000 0.923077 0.769231       1     0.497041
    462   h0 1.000000       1   0.900 0.714286 0.700000 1.000000 0.581197 0.461538       1     0.120710
    463   h0 0.631579       1   0.760 0.666667 0.954545 0.668182 0.740741 0.769231       1     0.116296
    464   h0 0.666667       1   0.800 0.700000 1.000000 0.700000 0.769231 0.769231       1     0.154635
    465   h0 0.666667       1   0.800 0.700000 1.000000 0.700000 0.769231 0.769231       1     0.154635
    466   h0 0.666667       1   0.800 0.700000 1.000000 0.700000 0.769231 0.769231       1     0.154635
    467   h0 0.666667       1   0.720 0.500000 1.000000 0.700000 0.484330 0.384615       1     0.031295
    812   h1 0.596491       1   0.695 0.723810 0.954545 0.800000 0.769231 0.846154       1     0.149144
    813   h1 0.666667       1   0.700 0.800000 1.000000 0.750000 0.769231 0.846154       1     0.182249
    814   h1 0.666667       1   0.700 0.800000 1.000000 0.686364 0.769231 0.846154       1     0.166785
    815   h1 0.795322       1   0.950 0.642857 0.668182 0.900000 0.769231 0.769231       1     0.172835
    816   h1 0.888889       1   1.000 0.700000 0.700000 0.900000 0.769231 0.769231       1     0.231953
    817   h1 0.888889       1   1.000 0.700000 0.700000 0.900000 0.769231 0.769231       1     0.231953
    818   h1 0.596491       1   0.700 0.666667 0.954545 0.800000 0.769231 0.769231       1     0.125780
    819   h1 0.666667       1   0.700 0.700000 1.000000 0.800000 0.769231 0.769231       1     0.154635
    820   h1 0.666667       1   0.700 0.700000 1.000000 0.800000 0.769231 0.769231       1     0.154635
    821   h1 0.894737       1   0.800 0.952381 0.668182 0.700000 0.769231 0.923077       1     0.226404
    822   h1 1.000000       1   0.800 1.000000 0.700000 0.650000 0.769231 0.923077       1     0.258462
    823   h1 1.000000       1   0.800 1.000000 0.700000 0.595455 0.769231 0.923077       1     0.236772
    860   h1 0.795322       1   0.665 0.952381 0.763636 1.000000 0.846154 0.769231       1     0.250362
    861   h1 0.888889       1   0.700 1.000000 0.800000 1.000000 0.846154 0.769231       1     0.323997
    862   h1 0.888889       1   0.700 1.000000 0.800000 1.000000 0.846154 0.769231       1     0.323997
    863   h1 0.888889       1   0.700 1.000000 0.800000 1.000000 0.846154 0.620879       1     0.261512
    864   h1 0.596491       1   0.855 0.666667 0.954545 0.700000 1.000000 0.769231       1     0.174755
    865   h1 0.666667       1   0.900 0.700000 1.000000 0.700000 1.000000 0.769231       1     0.226154
    866   h1 0.666667       1   0.900 0.700000 1.000000 0.700000 1.000000 0.769231       1     0.226154
    867   h1 0.666667       1   0.900 0.700000 1.000000 0.700000 1.000000 0.769231       1     0.226154
    868   h1 0.842105       1   0.900 0.642857 0.954545 0.677273 0.683761 0.846154       1     0.182237
    869   h1 1.000000       1   1.000 0.700000 1.000000 0.700000 0.769231 0.846154       1     0.318935
    870   h1 1.000000       1   1.000 0.700000 1.000000 0.700000 0.769231 0.769231       1     0.289941
    871   h1 1.000000       1   1.000 0.676190 1.000000 0.700000 0.769231 0.846154       1     0.308087
    872   h1 0.596491       1   0.700 0.700000 0.700000 0.700000 0.757835 0.923077       1     0.100186
    873   h1 0.666667       1   0.700 0.700000 0.700000 0.700000 0.769231 0.923077       1     0.113657
    874   h1 0.666667       1   0.700 0.700000 0.700000 0.700000 0.769231 0.923077       1     0.113657
    875   h1 0.666667       1   0.700 0.700000 0.700000 0.700000 0.769231 0.923077       1     0.113657
    876   h1 0.695906       1   0.700 1.000000 0.700000 1.000000 0.769231 1.000000       1     0.262303
    877   h1 0.777778       1   0.700 1.000000 0.700000 1.000000 0.769231 1.000000       1     0.293162
    878   h1 0.777778       1   0.700 1.000000 0.700000 1.000000 0.769231 1.000000       1     0.293162
    879   h1 0.777778       1   0.700 1.000000 0.700000 1.000000 0.769231 1.000000       1     0.293162
    880   h1 0.894737       1   1.000 0.700000 1.000000 0.700000 0.814815 0.846154       1     0.302273
    881   h1 1.000000       1   1.000 0.700000 1.000000 0.700000 0.846154 0.846154       1     0.350828
    882   h1 1.000000       1   1.000 0.700000 1.000000 0.700000 0.769231 0.846154       1     0.318935
    883   h1 1.000000       1   1.000 0.700000 1.000000 0.700000 0.769231 0.846154       1     0.318935
    884   h1 0.479532       1   0.625 0.647619 0.663636 0.618182 0.925926 0.747253       1     0.055094
    885   h1 0.666667       1   0.700 0.800000 0.700000 0.700000 1.000000 0.769231       1     0.140718
    886   h1 0.666667       1   0.700 0.800000 0.700000 0.700000 1.000000 0.769231       1     0.140718
    887   h1 0.666667       1   0.700 0.800000 0.700000 0.700000 1.000000 0.769231       1     0.140718
    888   h1 0.947368       1   0.700 0.952381 0.668182 0.600000 0.769231 0.769231       1     0.149826
    889   h1 1.000000       1   0.700 1.000000 0.700000 0.650000 0.769231 0.769231       1     0.188462
    890   h1 1.000000       1   0.700 1.000000 0.700000 0.695455 0.769231 0.769231       1     0.201641
    891   h1 1.000000       1   0.700 1.000000 0.700000 0.600000 0.769231 0.769231       1     0.173964
    892   h1 0.695906       1   1.000 0.761905 0.668182 1.000000 0.769231 0.769231       1     0.209633
    893   h1 0.777778       1   1.000 0.800000 0.700000 1.000000 0.769231 0.769231       1     0.257725
    894   h1 0.777778       1   1.000 0.800000 0.700000 1.000000 0.769231 0.769231       1     0.257725
    895   h1 0.777778       1   1.000 0.900000 0.700000 1.000000 0.555556 0.670330       1     0.182479
    916   h1 0.894737       1   0.900 0.661905 0.668182 0.800000 0.846154 0.769231       1     0.185449
    917   h1 1.000000       1   0.900 0.700000 0.700000 0.800000 0.846154 0.769231       1     0.229633
    918   h1 1.000000       1   0.900 0.700000 0.700000 0.800000 0.846154 0.769231       1     0.229633
    919   h1 1.000000       1   0.900 0.700000 0.700000 0.800000 0.846154 0.769231       1     0.229633
    920   h1 1.000000       1   0.810 0.500000 0.700000 0.800000 0.532764 0.376374       1     0.045478
    921   h1 0.298246       1   0.510 0.904762 0.763636 1.000000 0.307692 0.706044       1     0.022830
    922   h1 0.631579       1   0.690 1.000000 0.800000 1.000000 0.769231 0.769231       1     0.206291
    923   h1 0.666667       1   0.700 1.000000 0.800000 1.000000 0.769231 0.769231       1     0.220907
    924   h1 0.666667       1   0.700 1.000000 0.800000 1.000000 0.769231 0.769231       1     0.220907
    925   h1 0.666667       1   0.650 0.714286 0.800000 1.000000 0.740741 0.398352       1     0.073066
    926   h1 0.894737       1   1.000 0.900000 0.668182 1.000000 0.923077 0.620879       1     0.308374
    927   h1 1.000000       1   1.000 0.900000 0.700000 1.000000 0.923077 0.769231       1     0.447337
    928   h1 1.000000       1   1.000 1.000000 0.700000 1.000000 0.923077 0.769231       1     0.497041
    929   h1 1.000000       1   1.000 1.000000 0.700000 1.000000 0.923077 0.769231       1     0.497041
    930   h1 1.000000       1   0.900 0.714286 0.700000 1.000000 0.547009 0.500000       1     0.123077
    931   h1 0.619883       1   0.800 0.700000 0.954545 0.700000 0.769231 0.769231       1     0.137248
    932   h1 0.666667       1   0.800 0.700000 1.000000 0.700000 0.769231 0.769231       1     0.154635
    933   h1 0.666667       1   0.800 0.700000 1.000000 0.700000 0.769231 0.769231       1     0.154635
    934   h1 0.666667       1   0.800 0.700000 1.000000 0.700000 0.769231 0.769231       1     0.154635
    935   h1 0.666667       1   0.720 0.500000 1.000000 0.700000 0.455840 0.370879       1     0.028402