 ChipID Half   Layer0   Layer1   Layer2   Layer3   Layer4   Layer5   Layer6  Layer7  Layer8  Pseaudo_Eff
    229   h0 0.952381 0.571429 0.694215 0.869565 0.696970 0.872727 0.483871       1       1     0.096692
    230   h0 1.000000 0.647619 0.727273 0.909091 0.727273 0.909091 0.500000       1       1     0.141546
    231   h0 1.000000 0.700000 0.694215 0.750988 0.568182 0.643939 0.500000       1       1     0.066762
    232   h0 0.761905 0.666667 0.694215 0.956522 0.958333 0.698182 0.760369       1       1     0.171596
    233   h0 0.800000 0.700000 0.727273 1.000000 1.000000 0.727273 0.785714       1       1     0.232727
    234   h0 0.800000 0.700000 0.706612 0.826087 1.000000 0.674242 0.785714       1       1     0.173171
    235   h0 0.666667 0.952381 0.867769 0.695652 0.784091 0.698182 0.760369       1       1     0.159542
    236   h0 0.700000 1.000000 0.909091 0.727273 0.818182 0.727273 0.785714       1       1     0.216379
    237   h0 0.700000 1.000000 0.909091 0.695652 0.818182 0.727273 0.785714       1       1     0.206971
    238   h0 0.857143 0.952381 0.694215 0.695652 0.871212 0.666667 0.760369       1       1     0.174103
    239   h0 0.900000 1.000000 0.727273 0.727273 0.909091 0.727273 0.785714       1       1     0.247290
    240   h0 0.900000 1.000000 0.714876 0.711462 0.909091 0.727273 0.785714       1       1     0.237790
    241   h0 0.952381 0.666667 0.867769 0.956522 0.696970 0.670455 0.829493       1       1     0.204275
    242   h0 1.000000 0.700000 0.909091 1.000000 0.727273 0.727273 0.857143       1       1     0.288505
    243   h0 1.000000 0.700000 0.867769 0.826087 0.568182 0.700758 0.857143       1       1     0.171252
    288   h0 0.952381 0.666667 0.780992 0.695652 0.696970 0.872727 0.760369       1       1     0.159542
    289   h0 1.000000 0.700000 0.818182 0.727273 0.727273 0.909091 0.785714       1       1     0.216379
    290   h0 1.000000 0.700000 0.818182 0.727273 0.727273 0.909091 0.785714       1       1     0.216379
    291   h0 1.000000 0.700000 0.818182 0.727273 0.727273 0.909091 0.785714       1       1     0.216379
    292   h0 0.666667 0.666667 0.694215 0.956522 0.696970 0.960000 0.760369       1       1     0.150147
    293   h0 0.700000 0.700000 0.727273 1.000000 0.727273 1.000000 0.785714       1       1     0.203636
    294   h0 0.700000 0.700000 0.727273 1.000000 0.727273 1.000000 0.785714       1       1     0.203636
    295   h0 0.700000 0.700000 0.727273 1.000000 0.727273 1.000000 0.785714       1       1     0.203636
    296   h0 0.576190 0.952381 0.780992 0.782609 0.958333 0.696970 0.552995       1       1     0.123885
    297   h0 0.700000 1.000000 0.818182 0.818182 1.000000 0.727273 0.785714       1       1     0.267769
    298   h0 0.700000 1.000000 0.818182 0.818182 1.000000 0.727273 0.785714       1       1     0.267769
    299   h0 0.700000 1.000000 0.818182 0.818182 1.000000 0.727273 0.785714       1       1     0.267769
    300   h0 0.761905 0.528571 0.818182 0.664032 0.715909 0.693182 0.702765       1       1     0.076306
    301   h0 1.000000 0.700000 1.000000 0.727273 0.909091 0.727273 0.785714       1       1     0.264463
    302   h0 1.000000 0.700000 1.000000 0.727273 0.909091 0.727273 0.785714       1       1     0.264463
    303   h0 1.000000 0.685714 1.000000 0.537549 0.909091 0.727273 0.769585       1       1     0.187553
    304   h0 0.642857 0.700000 0.727273 0.818182 0.727273 0.818182 0.771889       1       1     0.122988
    305   h0 0.700000 0.700000 0.727273 0.818182 0.727273 0.818182 0.785714       1       1     0.136319
    306   h0 0.700000 0.700000 0.727273 0.818182 0.727273 0.818182 0.785714       1       1     0.136319
    307   h0 0.700000 0.700000 0.727273 0.818182 0.632576 0.621818 0.785714       1       1     0.090112
    308   h0 0.666667 0.952381 0.727273 1.000000 0.727273 1.000000 0.741935       1       1     0.249161
    309   h0 0.700000 1.000000 0.727273 1.000000 0.727273 1.000000 0.785714       1       1     0.290909
    310   h0 0.700000 1.000000 0.727273 1.000000 0.727273 1.000000 0.785714       1       1     0.290909
    311   h0 0.700000 1.000000 0.727273 1.000000 0.662879 0.833333 0.785714       1       1     0.220960
    312   h0 0.952381 0.680952 1.000000 0.727273 1.000000 0.727273 0.744240       1       1     0.255291
    313   h0 1.000000 0.700000 1.000000 0.727273 1.000000 0.727273 0.785714       1       1     0.290909
    314   h0 1.000000 0.700000 1.000000 0.727273 1.000000 0.727273 0.785714       1       1     0.290909
    315   h0 1.000000 0.700000 1.000000 0.727273 0.916667 0.545455 0.771889       1       1     0.196481
    316   h0 0.614286 0.433333 0.690083 0.561265 0.909091 0.636364 0.661290       1       1     0.039443
    317   h0 0.700000 0.700000 0.727273 0.727273 0.909091 0.727273 0.785714       1       1     0.134636
    318   h0 0.700000 0.700000 0.727273 0.727273 0.909091 0.727273 0.785714       1       1     0.134636
    319   h0 0.700000 0.700000 0.611570 0.664032 0.909091 0.727273 0.721198       1       1     0.094883
    320   h0 0.761905 0.952381 0.694215 0.869565 0.696970 0.696970 0.760369       1       1     0.161793
    321   h0 0.800000 1.000000 0.727273 0.909091 0.727273 0.727273 0.785714       1       1     0.219813
    322   h0 0.800000 1.000000 0.727273 0.909091 0.727273 0.727273 0.785714       1       1     0.219813
    323   h0 0.800000 1.000000 0.727273 0.909091 0.727273 0.727273 0.785714       1       1     0.219813
    324   h0 0.952381 0.666667 0.954545 0.869565 0.696970 0.958333 0.760369       1       1     0.267653
    325   h0 1.000000 0.700000 1.000000 0.909091 0.727273 1.000000 0.785714       1       1     0.363636
    326   h0 1.000000 0.700000 1.000000 0.909091 0.727273 1.000000 0.785714       1       1     0.363636
    327   h0 1.000000 0.700000 1.000000 0.909091 0.727273 1.000000 0.785714       1       1     0.363636
    328   h0 0.666667 0.666667 0.694215 0.695652 0.958333 0.750000 0.760369       1       1     0.117302
    329   h0 0.700000 0.700000 0.727273 0.727273 1.000000 0.818182 0.785714       1       1     0.166612
    330   h0 0.700000 0.700000 0.727273 0.727273 1.000000 0.818182 0.785714       1       1     0.166612
    331   h0 0.700000 0.700000 0.818182 0.727273 1.000000 0.818182 0.785714       1       1     0.187438
    697   h1 0.904762 0.666667 0.727273 0.869565 0.727273 0.785455 0.414747       1       1     0.090374
    698   h1 1.000000 0.700000 0.727273 0.909091 0.727273 0.876364 0.428571       1       1     0.126418
    699   h1 1.000000 0.700000 0.628099 0.750988 0.515152 0.606061 0.500000       1       1     0.051544
    700   h1 0.666667 0.761905 0.714876 0.869565 1.000000 0.785455 0.785714       1       1     0.194862
    701   h1 0.700000 0.800000 0.727273 0.909091 1.000000 0.760000 0.785714       1       1     0.221091
    702   h1 0.700000 0.800000 0.665289 0.750988 1.000000 0.669091 0.785714       1       1     0.147089
    703   h1 0.666667 0.952381 0.867769 0.715415 0.727273 0.698182 0.785714       1       1     0.157258
    704   h1 0.700000 1.000000 0.909091 0.727273 0.727273 0.727273 0.785714       1       1     0.192337
    705   h1 0.700000 1.000000 0.909091 0.679842 0.727273 0.727273 0.785714       1       1     0.179793
    706   h1 0.857143 0.952381 0.727273 0.727273 0.818182 0.818182 0.857143       1       1     0.247749
    707   h1 0.900000 1.000000 0.727273 0.727273 0.818182 0.757576 0.857143       1       1     0.252910
    708   h1 0.900000 1.000000 0.702479 0.727273 0.818182 0.761364 0.857143       1       1     0.245510
    709   h1 0.857143 0.666667 0.909091 1.000000 0.727273 0.727273 0.857143       1       1     0.235514
    710   h1 0.900000 0.700000 0.909091 1.000000 0.727273 0.666667 0.857143       1       1     0.238017
    711   h1 0.900000 0.700000 0.826446 0.826087 0.594697 0.636364 0.857143       1       1     0.139520
    756   h1 0.952381 0.666667 0.780992 0.727273 0.727273 0.872727 0.785714       1       1     0.179847
    757   h1 1.000000 0.700000 0.818182 0.727273 0.727273 0.909091 0.785714       1       1     0.216379
    758   h1 1.000000 0.700000 0.818182 0.727273 0.727273 0.909091 0.785714       1       1     0.216379
    759   h1 1.000000 0.700000 0.818182 0.727273 0.727273 0.871212 0.785714       1       1     0.207363
    760   h1 0.666667 0.761905 0.710744 1.000000 0.727273 0.960000 0.785714       1       1     0.198041
    761   h1 0.700000 0.800000 0.727273 1.000000 0.727273 1.000000 0.785714       1       1     0.232727
    762   h1 0.700000 0.800000 0.727273 1.000000 0.727273 1.000000 0.785714       1       1     0.232727
    763   h1 0.700000 0.800000 0.727273 1.000000 0.727273 1.000000 0.785714       1       1     0.232727
    764   h1 0.666667 0.952381 0.818182 0.695652 1.000000 0.698182 0.619816       1       1     0.156384
    765   h1 0.700000 1.000000 0.818182 0.727273 1.000000 0.727273 0.785714       1       1     0.238017
    766   h1 0.700000 1.000000 0.818182 0.727273 1.000000 0.727273 0.785714       1       1     0.238017
    767   h1 0.700000 1.000000 0.818182 0.727273 1.000000 0.727273 0.785714       1       1     0.238017
    768   h1 0.761905 0.557143 0.863636 0.664032 0.750000 0.694545 0.730415       1       1     0.092623
    769   h1 1.000000 0.700000 1.000000 0.727273 0.818182 0.727273 0.785714       1       1     0.238017
    770   h1 1.000000 0.700000 1.000000 0.727273 0.818182 0.727273 0.785714       1       1     0.238017
    771   h1 1.000000 0.661905 1.000000 0.521739 0.818182 0.727273 0.785714       1       1     0.161458
    772   h1 0.652381 0.800000 0.727273 0.818182 0.727273 0.818182 0.771889       1       1     0.142640
    773   h1 0.700000 0.800000 0.727273 0.818182 0.727273 0.818182 0.785714       1       1     0.155793
    774   h1 0.700000 0.800000 0.727273 0.818182 0.727273 0.818182 0.785714       1       1     0.155793
    775   h1 0.700000 0.800000 0.727273 0.818182 0.621212 0.647727 0.785714       1       1     0.105349
    776   h1 0.633333 1.000000 0.727273 1.000000 0.727273 1.000000 0.764977       1       1     0.256257
    777   h1 0.700000 1.000000 0.727273 1.000000 0.727273 1.000000 0.785714       1       1     0.290909
    778   h1 0.700000 1.000000 0.727273 1.000000 0.727273 1.000000 0.785714       1       1     0.290909
    779   h1 0.700000 1.000000 0.727273 1.000000 0.636364 0.791667 0.785714       1       1     0.201515
    780   h1 0.904762 0.690476 1.000000 0.727273 1.000000 0.727273 0.744240       1       1     0.245918
    781   h1 1.000000 0.700000 1.000000 0.727273 1.000000 0.727273 0.785714       1       1     0.290909
    782   h1 1.000000 0.700000 1.000000 0.727273 1.000000 0.727273 0.785714       1       1     0.290909
    783   h1 1.000000 0.700000 1.000000 0.727273 0.916667 0.515152 0.771889       1       1     0.185565
    784   h1 0.604762 0.533333 0.694215 0.584980 0.818182 0.651515 0.647465       1       1     0.045207
    785   h1 0.700000 0.800000 0.727273 0.727273 0.818182 0.727273 0.785714       1       1     0.138482
    786   h1 0.700000 0.800000 0.727273 0.727273 0.818182 0.727273 0.785714       1       1     0.138482
    787   h1 0.700000 0.800000 0.582645 0.656126 0.818182 0.727273 0.751152       1       1     0.095687
    788   h1 0.761905 0.952381 0.727273 1.000000 0.727273 0.698182 0.785714       1       1     0.210542
    789   h1 0.800000 1.000000 0.727273 1.000000 0.727273 0.727273 0.785714       1       1     0.241795
    790   h1 0.800000 1.000000 0.727273 1.000000 0.727273 0.727273 0.785714       1       1     0.241795
    791   h1 0.800000 1.000000 0.727273 1.000000 0.727273 0.727273 0.785714       1       1     0.241795
    792   h1 1.000000 0.666667 1.000000 0.909091 0.727273 0.960000 0.785714       1       1     0.332468
    793   h1 1.000000 0.700000 1.000000 0.909091 0.727273 1.000000 0.785714       1       1     0.363636
    794   h1 1.000000 0.700000 1.000000 0.818182 0.727273 1.000000 0.785714       1       1     0.327273
    795   h1 1.000000 0.700000 1.000000 0.818182 0.727273 1.000000 0.785714       1       1     0.327273
    796   h1 0.647619 0.761905 0.727273 0.727273 1.000000 0.727273 0.785714       1       1     0.149134
    797   h1 0.700000 0.800000 0.727273 0.727273 1.000000 0.787879 0.785714       1       1     0.183361
    798   h1 0.700000 0.800000 0.727273 0.727273 1.000000 0.787879 0.785714       1       1     0.183361
    799   h1 0.700000 0.800000 0.727273 0.727273 1.000000 0.696970 0.785714       1       1     0.162204