 ChipID Half   Layer0   Layer1  Layer2   Layer3   Layer4   Layer5   Layer6   Layer7   Layer8  Pseaudo_Eff
    344   h0 0.631579 0.842105   0.665 0.761905 0.954545 0.668182 0.740741 0.846154 0.785714     0.084642
    345   h0 0.666667 0.888889   0.700 0.800000 1.000000 0.700000 0.769231 0.846154 0.785714     0.118799
    346   h0 0.666667 0.888889   0.700 0.800000 1.000000 0.700000 0.769231 0.846154 0.785714     0.118799
    347   h0 0.842105 0.842105   0.950 0.666667 0.668182 0.859091 0.740741 0.769231 0.714286     0.104929
    348   h0 0.888889 0.888889   1.000 0.700000 0.700000 0.900000 0.769231 0.769231 0.714286     0.147272
    349   h0 0.888889 0.888889   1.000 0.700000 0.700000 0.900000 0.769231 0.769231 0.783410     0.161524
    350   h0 0.631579 0.947368   0.665 0.666667 0.954545 0.727273 0.740741 0.769231 0.785714     0.082444
    351   h0 0.666667 1.000000   0.700 0.700000 1.000000 0.800000 0.769231 0.769231 0.785714     0.121499
    352   h0 0.666667 1.000000   0.700 0.700000 1.000000 0.800000 0.769231 0.769231 0.785714     0.121499
    353   h0 0.947368 0.631579   0.760 0.952381 0.668182 0.645455 0.740741 0.923077 0.857143     0.109468
    354   h0 1.000000 0.666667   0.800 1.000000 0.700000 0.700000 0.769231 0.923077 0.785714     0.145799
    355   h0 1.000000 0.666667   0.800 1.000000 0.668182 0.700000 0.769231 0.923077 0.785714     0.139172
    392   h0 0.842105 0.631579   0.665 0.952381 0.668182 0.954545 0.814815 0.769231 0.857143     0.115421
    393   h0 0.888889 0.666667   0.700 1.000000 0.700000 1.000000 0.846154 0.769231 0.857143     0.161999
    394   h0 0.888889 0.666667   0.700 1.000000 0.700000 1.000000 0.846154 0.769231 0.790323     0.149370
    395   h0 0.888889 0.666667   0.700 1.000000 0.700000 1.000000 0.846154 0.675824 0.785714     0.130467
    396   h0 0.631579 0.947368   0.855 0.666667 0.954545 0.668182 0.962963 0.769231 0.785714     0.126603
    397   h0 0.666667 1.000000   0.900 0.700000 1.000000 0.700000 1.000000 0.769231 0.785714     0.177692
    398   h0 0.666667 1.000000   0.900 0.700000 1.000000 0.700000 1.000000 0.769231 0.785714     0.177692
    399   h0 0.666667 1.000000   0.900 0.700000 1.000000 0.700000 1.000000 0.769231 0.785714     0.177692
    400   h0 0.789474 0.614035   0.850 0.614286 0.954545 0.654545 0.649573 0.769231 0.721198     0.056990
    401   h0 1.000000 0.777778   1.000 0.700000 1.000000 0.700000 0.769231 0.769231 0.785714     0.177186
    402   h0 1.000000 0.777778   1.000 0.700000 1.000000 0.700000 0.769231 0.769231 0.785714     0.177186
    403   h0 1.000000 0.777778   1.000 0.676190 1.000000 0.700000 0.769231 0.769231 0.769585     0.167646
    404   h0 0.736842 0.666667   0.700 0.700000 0.700000 0.700000 0.746439 0.923077 0.767281     0.062354
    405   h0 0.777778 0.666667   0.700 0.700000 0.700000 0.700000 0.769231 0.923077 0.785714     0.069457
    406   h0 0.777778 0.666667   0.700 0.700000 0.700000 0.700000 0.769231 0.923077 0.785714     0.069457
    407   h0 0.777778 0.666667   0.700 0.700000 0.700000 0.700000 0.769231 0.923077 0.785714     0.069457
    408   h0 0.736842 0.947368   0.700 1.000000 0.700000 1.000000 0.746439 1.000000 0.767281     0.195902
    409   h0 0.777778 1.000000   0.700 1.000000 0.700000 1.000000 0.769231 1.000000 0.785714     0.230342
    410   h0 0.777778 1.000000   0.700 1.000000 0.700000 1.000000 0.769231 1.000000 0.785714     0.230342
    411   h0 0.777778 1.000000   0.700 1.000000 0.700000 1.000000 0.769231 1.000000 0.785714     0.230342
    412   h0 0.947368 0.654971   1.000 0.700000 1.000000 0.700000 0.712251 0.923077 0.767281     0.153378
    413   h0 1.000000 0.666667   1.000 0.700000 1.000000 0.700000 0.769231 0.923077 0.785714     0.182249
    414   h0 1.000000 0.666667   1.000 0.700000 1.000000 0.700000 0.769231 0.923077 0.785714     0.182249
    415   h0 1.000000 0.666667   1.000 0.700000 1.000000 0.700000 0.769231 0.923077 0.758065     0.175835
    416   h0 0.502924 0.684211   0.610 0.647619 0.677273 0.618182 0.888889 0.769231 0.682028     0.026542
    417   h0 0.666667 1.000000   0.700 0.800000 0.700000 0.700000 0.923077 0.769231 0.785714     0.102059
    418   h0 0.666667 1.000000   0.700 0.800000 0.700000 0.700000 0.923077 0.769231 0.785714     0.102059
    419   h0 0.666667 1.000000   0.700 0.800000 0.700000 0.700000 0.923077 0.769231 0.785714     0.102059
    420   h0 0.842105 0.947368   0.665 0.857143 0.668182 0.659091 0.740741 0.769231 0.785714     0.089658
    421   h0 0.888889 1.000000   0.700 0.900000 0.700000 0.700000 0.769231 0.769231 0.785714     0.127574
    422   h0 0.888889 1.000000   0.700 0.900000 0.700000 0.700000 0.769231 0.769231 0.785714     0.127574
    423   h0 0.888889 1.000000   0.700 0.900000 0.700000 0.700000 0.769231 0.769231 0.852535     0.138423
    424   h0 0.842105 0.631579   0.950 0.857143 0.668182 0.909091 0.740741 0.769231 0.785714     0.117777
    425   h0 0.888889 0.666667   1.000 0.900000 0.700000 1.000000 0.769231 0.769231 0.785714     0.173570
    426   h0 0.888889 0.666667   1.000 0.900000 0.700000 1.000000 0.769231 0.769231 0.785714     0.173570
    427   h0 0.888889 0.666667   1.000 0.900000 0.700000 1.000000 0.569801 0.675824 0.721198     0.103683
    448   h0 0.947368 0.631579   0.855 0.666667 0.668182 0.763636 0.814815 0.769231 0.785714     0.085700
    449   h0 1.000000 0.666667   0.900 0.700000 0.700000 0.800000 0.846154 0.769231 0.785714     0.120284
    450   h0 1.000000 0.666667   0.900 0.700000 0.700000 0.800000 0.846154 0.769231 0.785714     0.120284
    451   h0 1.000000 0.666667   0.900 0.700000 0.700000 0.800000 0.846154 0.769231 0.785714     0.120284
    452   h0 1.000000 0.666667   0.810 0.500000 0.700000 0.800000 0.532764 0.384615 0.785714     0.024343
    453   h0 0.210526 0.947368   0.475 0.952381 0.668182 0.954545 0.279202 0.642857 0.564516     0.005831
    454   h0 0.619883 1.000000   0.690 1.000000 0.700000 1.000000 0.769231 0.769231 0.785714     0.139199
    455   h0 0.666667 1.000000   0.700 1.000000 0.700000 1.000000 0.769231 0.769231 0.785714     0.151874
    456   h0 0.666667 1.000000   0.700 1.000000 0.700000 1.000000 0.769231 0.769231 0.785714     0.151874
    457   h0 0.666667 1.000000   0.650 0.714286 0.700000 1.000000 0.740741 0.461538 0.758065     0.056153
    458   h0 0.947368 0.736842   0.950 0.952381 0.668182 0.954545 0.923077 0.670330 0.714286     0.178040
    459   h0 1.000000 0.777778   1.000 1.000000 0.700000 1.000000 0.923077 0.769231 0.714286     0.276134
    460   h0 1.000000 0.777778   1.000 1.000000 0.700000 1.000000 0.923077 0.769231 0.714286     0.276134
    461   h0 1.000000 0.777778   1.000 1.000000 0.700000 1.000000 0.923077 0.769231 0.714286     0.276134
    462   h0 1.000000 0.777778   0.900 0.714286 0.700000 1.000000 0.581197 0.461538 0.778802     0.073118
    463   h0 0.631579 0.631579   0.760 0.666667 0.954545 0.668182 0.740741 0.769231 0.785714     0.057711
    464   h0 0.666667 0.666667   0.800 0.700000 1.000000 0.700000 0.769231 0.769231 0.785714     0.080999
    465   h0 0.666667 0.666667   0.800 0.700000 1.000000 0.700000 0.769231 0.769231 0.785714     0.080999
    466   h0 0.666667 0.666667   0.800 0.700000 1.000000 0.700000 0.769231 0.769231 0.785714     0.080999
    467   h0 0.666667 0.666667   0.720 0.500000 1.000000 0.700000 0.484330 0.384615 0.656682     0.013701
    812   h1 0.596491 0.947368   0.695 0.723810 0.954545 0.800000 0.769231 0.846154 0.785714     0.111017
    813   h1 0.666667 1.000000   0.700 0.800000 1.000000 0.750000 0.769231 0.846154 0.785714     0.143195
    814   h1 0.666667 1.000000   0.700 0.800000 1.000000 0.686364 0.769231 0.846154 0.785714     0.131045
    815   h1 0.795322 0.736842   0.950 0.642857 0.668182 0.900000 0.769231 0.769231 0.785714     0.100062
    816   h1 0.888889 0.777778   1.000 0.700000 0.700000 0.900000 0.769231 0.769231 0.785714     0.141749
    817   h1 0.888889 0.777778   1.000 0.700000 0.700000 0.900000 0.769231 0.769231 0.785714     0.141749
    818   h1 0.596491 0.947368   0.700 0.666667 0.954545 0.800000 0.769231 0.769231 0.857143     0.102137
    819   h1 0.666667 1.000000   0.700 0.700000 1.000000 0.800000 0.769231 0.769231 0.857143     0.132544
    820   h1 0.666667 1.000000   0.700 0.700000 1.000000 0.800000 0.769231 0.769231 0.857143     0.132544
    821   h1 0.894737 0.631579   0.800 0.952381 0.668182 0.700000 0.769231 0.923077 0.857143     0.122564
    822   h1 1.000000 0.666667   0.800 1.000000 0.700000 0.650000 0.769231 0.923077 0.788018     0.135782
    823   h1 1.000000 0.666667   0.800 1.000000 0.700000 0.595455 0.769231 0.923077 0.785714     0.124024
    860   h1 0.795322 0.631579   0.665 0.952381 0.763636 1.000000 0.846154 0.769231 0.785714     0.124240
    861   h1 0.888889 0.666667   0.700 1.000000 0.800000 1.000000 0.846154 0.769231 0.785714     0.169713
    862   h1 0.888889 0.666667   0.700 1.000000 0.800000 1.000000 0.846154 0.769231 0.785714     0.169713
    863   h1 0.888889 0.666667   0.700 1.000000 0.800000 1.000000 0.846154 0.620879 0.785714     0.136983
    864   h1 0.596491 0.947368   0.855 0.666667 0.954545 0.700000 1.000000 0.769231 0.785714     0.130081
    865   h1 0.666667 1.000000   0.900 0.700000 1.000000 0.700000 1.000000 0.769231 0.785714     0.177692
    866   h1 0.666667 1.000000   0.900 0.700000 1.000000 0.700000 1.000000 0.769231 0.785714     0.177692
    867   h1 0.666667 1.000000   0.900 0.700000 1.000000 0.700000 1.000000 0.769231 0.785714     0.177692
    868   h1 0.842105 0.573099   0.900 0.642857 0.954545 0.677273 0.683761 0.846154 0.737327     0.077006
    869   h1 1.000000 0.777778   1.000 0.700000 1.000000 0.700000 0.769231 0.846154 0.785714     0.194905
    870   h1 1.000000 0.777778   1.000 0.700000 1.000000 0.700000 0.769231 0.769231 0.785714     0.177186
    871   h1 1.000000 0.777778   1.000 0.676190 1.000000 0.700000 0.769231 0.846154 0.767281     0.183858
    872   h1 0.596491 0.666667   0.700 0.700000 0.700000 0.700000 0.757835 0.923077 0.778802     0.052017
    873   h1 0.666667 0.666667   0.700 0.700000 0.700000 0.700000 0.769231 0.923077 0.785714     0.059535
    874   h1 0.666667 0.666667   0.700 0.700000 0.700000 0.700000 0.769231 0.923077 0.785714     0.059535
    875   h1 0.666667 0.666667   0.700 0.700000 0.700000 0.700000 0.769231 0.923077 0.785714     0.059535
    876   h1 0.695906 1.000000   0.700 1.000000 0.700000 1.000000 0.769231 1.000000 0.760369     0.199447
    877   h1 0.777778 1.000000   0.700 1.000000 0.700000 1.000000 0.769231 1.000000 0.785714     0.230342
    878   h1 0.777778 1.000000   0.700 1.000000 0.700000 1.000000 0.769231 1.000000 0.785714     0.230342
    879   h1 0.777778 1.000000   0.700 1.000000 0.700000 1.000000 0.769231 1.000000 0.785714     0.230342
    880   h1 0.894737 0.649123   1.000 0.700000 1.000000 0.700000 0.814815 0.846154 0.744240     0.146029
    881   h1 1.000000 0.666667   1.000 0.700000 1.000000 0.700000 0.846154 0.846154 0.785714     0.183767
    882   h1 1.000000 0.666667   1.000 0.700000 1.000000 0.700000 0.769231 0.846154 0.785714     0.167061
    883   h1 1.000000 0.666667   1.000 0.700000 1.000000 0.700000 0.769231 0.846154 0.767281     0.163142
    884   h1 0.479532 0.736842   0.625 0.647619 0.663636 0.618182 0.925926 0.747253 0.702765     0.028529
    885   h1 0.666667 1.000000   0.700 0.800000 0.700000 0.700000 1.000000 0.769231 0.785714     0.110564
    886   h1 0.666667 1.000000   0.700 0.800000 0.700000 0.700000 1.000000 0.769231 0.785714     0.110564
    887   h1 0.666667 1.000000   0.700 0.800000 0.700000 0.700000 1.000000 0.769231 0.785714     0.110564
    888   h1 0.947368 0.947368   0.700 0.952381 0.668182 0.600000 0.769231 0.769231 0.785714     0.111525
    889   h1 1.000000 1.000000   0.700 1.000000 0.700000 0.650000 0.769231 0.769231 0.788018     0.148511
    890   h1 1.000000 1.000000   0.700 1.000000 0.700000 0.695455 0.769231 0.769231 0.788018     0.158897
    891   h1 1.000000 1.000000   0.700 1.000000 0.700000 0.600000 0.769231 0.769231 0.785714     0.136686
    892   h1 0.695906 0.631579   1.000 0.761905 0.668182 1.000000 0.769231 0.769231 0.857143     0.113485
    893   h1 0.777778 0.666667   1.000 0.800000 0.700000 1.000000 0.769231 0.769231 0.857143     0.147272
    894   h1 0.777778 0.666667   1.000 0.800000 0.700000 1.000000 0.769231 0.769231 0.790323     0.135791
    895   h1 0.777778 0.666667   1.000 0.900000 0.700000 1.000000 0.555556 0.670330 0.714286     0.086895
    916   h1 0.894737 0.631579   0.900 0.661905 0.668182 0.800000 0.846154 0.769231 0.785714     0.092027
    917   h1 1.000000 0.666667   0.900 0.700000 0.700000 0.800000 0.846154 0.769231 0.785714     0.120284
    918   h1 1.000000 0.666667   0.900 0.700000 0.700000 0.800000 0.846154 0.769231 0.785714     0.120284
    919   h1 1.000000 0.666667   0.900 0.700000 0.700000 0.800000 0.846154 0.769231 0.785714     0.120284
    920   h1 1.000000 0.666667   0.810 0.500000 0.700000 0.800000 0.532764 0.376374 0.785714     0.023822
    921   h1 0.298246 0.947368   0.510 0.904762 0.763636 1.000000 0.307692 0.706044 0.619816     0.013406
    922   h1 0.631579 1.000000   0.690 1.000000 0.800000 1.000000 0.769231 0.769231 0.785714     0.162086
    923   h1 0.666667 1.000000   0.700 1.000000 0.800000 1.000000 0.769231 0.769231 0.785714     0.173570
    924   h1 0.666667 1.000000   0.700 1.000000 0.800000 1.000000 0.769231 0.769231 0.785714     0.173570
    925   h1 0.666667 1.000000   0.650 0.714286 0.800000 1.000000 0.740741 0.398352 0.764977     0.055894
    926   h1 0.894737 0.631579   1.000 0.900000 0.668182 1.000000 0.923077 0.620879 0.714286     0.139116
    927   h1 1.000000 0.666667   1.000 0.900000 0.700000 1.000000 0.923077 0.769231 0.714286     0.213018
    928   h1 1.000000 0.666667   1.000 1.000000 0.700000 1.000000 0.923077 0.769231 0.714286     0.236686
    929   h1 1.000000 0.666667   1.000 1.000000 0.700000 1.000000 0.923077 0.769231 0.781106     0.258828
    930   h1 1.000000 0.666667   0.900 0.714286 0.700000 1.000000 0.547009 0.500000 0.785714     0.064469
    931   h1 0.619883 0.736842   0.800 0.700000 0.954545 0.700000 0.769231 0.769231 0.785714     0.079459
    932   h1 0.666667 0.777778   0.800 0.700000 1.000000 0.700000 0.769231 0.769231 0.788018     0.094776
    933   h1 0.666667 0.777778   0.800 0.700000 1.000000 0.700000 0.769231 0.769231 0.854839     0.102813
    934   h1 0.666667 0.777778   0.800 0.700000 1.000000 0.700000 0.769231 0.769231 0.790323     0.095053
    935   h1 0.666667 0.777778   0.720 0.500000 1.000000 0.700000 0.455840 0.370879 0.721198     0.015932