 ChipID Half   Layer0  Layer1   Layer2  Layer3   Layer4  Layer5  Layer6   Layer7  Layer8  Pseaudo_Eff
    332   h0 0.000000       1 0.000000       1 0.074074       1       1 0.000000       1     0.000000
    333   h0 0.000000       1 0.000000       1 0.076923       1       1 0.000000       1     0.000000
    334   h0 0.000000       1 0.000000       1 0.000000       1       1 0.000000       1     0.000000
    335   h0 0.958333       1 0.480000       1 0.888889       1       1 0.687500       1     0.281111
    336   h0 1.000000       1 0.500000       1 0.923077       1       1 0.687500       1     0.317308
    337   h0 0.708333       1 0.250000       1 0.376068       1       1 0.451786       1     0.030087
    338   h0 0.696970       1 0.640000       1 0.962963       1       1 0.312500       1     0.134231
    339   h0 0.727273       1 0.666667       1 1.000000       1       1 0.312500       1     0.151515
    340   h0 0.545455       1 0.400000       1 0.370370       1       1 0.205357       1     0.016595
    341   h0 0.958333       1 0.640000       1 0.000000       1       1 0.000000       1     0.000000
    342   h0 1.000000       1 0.666667       1 0.000000       1       1 0.000000       1     0.000000
    343   h0 0.750000       1 0.400000       1 0.000000       1       1 0.000000       1     0.000000
    356   h0 0.696970       1 0.720000       1 0.962963       1       1 0.812500       1     0.392626
    357   h0 0.727273       1 0.750000       1 0.923077       1       1 0.812500       1     0.409091
    358   h0 0.700758       1 0.516667       1 0.923077       1       1 0.533929       1     0.178443
    359   h0 0.636364       1 0.146667       1 0.547009       1       1 0.000000       1     0.000000
    360   h0 0.696970       1 0.880000       1 0.740741       1       1 0.875000       1     0.397531
    361   h0 0.727273       1 0.916667       1 0.769231       1       1 0.875000       1     0.448718
    362   h0 0.727273       1 0.916667       1 0.769231       1       1 0.575000       1     0.294872
    363   h0 0.727273       1 0.806667       1 0.455840       1       1 0.000000       1     0.000000
    364   h0 0.681818       1 0.736667       1 0.769231       1       1 0.812500       1     0.313920
    365   h0 0.727273       1 0.750000       1 0.769231       1       1 0.812500       1     0.340909
    366   h0 0.727273       1 0.750000       1 0.769231       1       1 0.683929       1     0.286963
    367   h0 0.606061       1 0.330000       1 0.643875       1       1 0.133929       1     0.017247
    368   h0 0.727273       1 0.750000       1 0.769231       1       1 0.812500       1     0.340909
    369   h0 0.727273       1 0.750000       1 0.769231       1       1 0.812500       1     0.340909
    370   h0 0.727273       1 0.750000       1 0.769231       1       1 0.812500       1     0.340909
    371   h0 0.587121       1 0.400000       1 0.113960       1       1 0.182143       1     0.004875
    372   h0 1.000000       1 1.000000       1 1.000000       1       1 0.812500       1     0.812500
    373   h0 1.000000       1 1.000000       1 1.000000       1       1 0.812500       1     0.812500
    374   h0 1.000000       1 1.000000       1 1.000000       1       1 0.812500       1     0.812500
    375   h0 0.875000       1 0.560000       1 0.222222       1       1 0.232143       1     0.025278
    376   h0 0.818182       1 0.833333       1 0.923077       1       1 0.812500       1     0.511364
    377   h0 0.818182       1 0.833333       1 0.923077       1       1 0.812500       1     0.511364
    378   h0 0.818182       1 0.833333       1 0.923077       1       1 0.812500       1     0.511364
    379   h0 0.681818       1 0.466667       1 0.170940       1       1 0.233929       1     0.012723
    380   h0 0.727273       1 0.750000       1 0.769231       1       1 0.875000       1     0.367133
    381   h0 0.727273       1 0.750000       1 0.769231       1       1 0.875000       1     0.367133
    382   h0 0.727273       1 0.703333       1 0.769231       1       1 0.875000       1     0.344289
    383   h0 0.386364       1 0.133333       1 0.598291       1       1 0.125000       1     0.003853
    384   h0 0.784091       1 0.960000       1 0.740741       1       1 0.812500       1     0.453030
    385   h0 0.818182       1 1.000000       1 0.769231       1       1 0.812500       1     0.511364
    386   h0 0.818182       1 1.000000       1 0.769231       1       1 0.726786       1     0.457418
    387   h0 0.818182       1 0.880000       1 0.455840       1       1 0.305357       1     0.100220
    388   h0 0.696970       1 0.720000       1 0.814815       1       1 0.812500       1     0.332222
    389   h0 0.727273       1 0.750000       1 0.846154       1       1 0.812500       1     0.375000
    390   h0 0.636364       1 0.450000       1 0.846154       1       1 0.533929       1     0.129375
    391   h0 0.363636       1 0.000000       1 0.501425       1       1 0.000000       1     0.000000
    428   h0 0.871212       1 0.960000       1 0.740741       1       1 0.812500       1     0.503367
    429   h0 0.909091       1 1.000000       1 0.769231       1       1 0.812500       1     0.568182
    430   h0 0.909091       1 1.000000       1 0.769231       1       1 0.812500       1     0.568182
    431   h0 0.909091       1 0.880000       1 0.675214       1       1 0.441071       1     0.238254
    432   h0 0.151515       1 0.000000       1 0.398860       1       1 0.000000       1     0.000000
    433   h0 0.871212       1 0.720000       1 0.740741       1       1 0.812500       1     0.377525
    434   h0 0.909091       1 0.750000       1 0.769231       1       1 0.812500       1     0.426136
    435   h0 0.909091       1 0.750000       1 0.769231       1       1 0.812500       1     0.426136
    436   h0 0.909091       1 0.660000       1 0.769231       1       1 0.441071       1     0.203571
    437   h0 0.151515       1 0.000000       1 0.569801       1       1 0.000000       1     0.000000
    438   h0 0.696970       1 0.720000       1 0.740741       1       1 0.875000       1     0.325253
    439   h0 0.727273       1 0.750000       1 0.769231       1       1 0.875000       1     0.367133
    440   h0 0.727273       1 0.750000       1 0.769231       1       1 0.875000       1     0.367133
    441   h0 0.727273       1 0.660000       1 0.769231       1       1 0.475000       1     0.175385
    442   h0 0.121212       1 0.000000       1 0.569801       1       1 0.000000       1     0.000000
    443   h0 0.958333       1 0.720000       1 0.740741       1       1 0.812500       1     0.415278
    444   h0 1.000000       1 0.750000       1 0.769231       1       1 0.812500       1     0.468750
    445   h0 1.000000       1 0.750000       1 0.769231       1       1 0.812500       1     0.468750
    446   h0 1.000000       1 0.660000       1 0.643875       1       1 0.441071       1     0.187437
    447   h0 0.166667       1 0.000000       1 0.341880       1       1 0.000000       1     0.000000
    800   h1 0.000000       1 0.000000       1 0.076923       1       1 0.000000       1     0.000000
    801   h1 0.000000       1 0.000000       1 0.076923       1       1 0.000000       1     0.000000
    802   h1 0.000000       1 0.000000       1 0.000000       1       1 0.000000       1     0.000000
    803   h1 0.916667       1 0.416667       1 0.923077       1       1 0.625000       1     0.220353
    804   h1 1.000000       1 0.416667       1 0.923077       1       1 0.625000       1     0.240385
    805   h1 0.750000       1 0.233333       1 0.376068       1       1 0.392857       1     0.025855
    806   h1 0.750000       1 0.750000       1 1.000000       1       1 0.375000       1     0.210938
    807   h1 0.818182       1 0.750000       1 1.000000       1       1 0.375000       1     0.230114
    808   h1 0.613636       1 0.450000       1 0.407407       1       1 0.235714       1     0.026518
    809   h1 0.916667       1 0.583333       1 0.000000       1       1 0.000000       1     0.000000
    810   h1 1.000000       1 0.583333       1 0.000000       1       1 0.000000       1     0.000000
    811   h1 0.750000       1 0.350000       1 0.000000       1       1 0.000000       1     0.000000
    824   h1 0.666667       1 0.743333       1 1.000000       1       1 0.812500       1     0.402639
    825   h1 0.727273       1 0.750000       1 0.923077       1       1 0.812500       1     0.409091
    826   h1 0.681818       1 0.493333       1 0.923077       1       1 0.510714       1     0.158571
    827   h1 0.545455       1 0.140000       1 0.512821       1       1 0.000000       1     0.000000
    828   h1 0.666667       1 0.880000       1 0.769231       1       1 0.875000       1     0.394872
    829   h1 0.727273       1 0.916667       1 0.769231       1       1 0.875000       1     0.448718
    830   h1 0.727273       1 0.916667       1 0.769231       1       1 0.550000       1     0.282051
    831   h1 0.727273       1 0.770000       1 0.427350       1       1 0.000000       1     0.000000
    832   h1 0.689394       1 0.750000       1 0.769231       1       1 0.812500       1     0.323153
    833   h1 0.727273       1 0.750000       1 0.769231       1       1 0.812500       1     0.340909
    834   h1 0.727273       1 0.750000       1 0.769231       1       1 0.651786       1     0.273477
    835   h1 0.545455       1 0.300000       1 0.615385       1       1 0.100000       1     0.010070
    836   h1 0.727273       1 0.750000       1 0.769231       1       1 0.812500       1     0.340909
    837   h1 0.727273       1 0.750000       1 0.769231       1       1 0.812500       1     0.340909
    838   h1 0.727273       1 0.750000       1 0.769231       1       1 0.812500       1     0.340909
    839   h1 0.587121       1 0.360000       1 0.113960       1       1 0.142857       1     0.003441
    840   h1 1.000000       1 1.000000       1 1.000000       1       1 0.812500       1     0.812500
    841   h1 1.000000       1 1.000000       1 1.000000       1       1 0.812500       1     0.812500
    842   h1 1.000000       1 1.000000       1 1.000000       1       1 0.812500       1     0.812500
    843   h1 0.833333       1 0.560000       1 0.185185       1       1 0.225000       1     0.019444
    844   h1 0.818182       1 0.833333       1 0.923077       1       1 0.812500       1     0.511364
    845   h1 0.818182       1 0.833333       1 0.923077       1       1 0.812500       1     0.511364
    846   h1 0.818182       1 0.833333       1 0.923077       1       1 0.812500       1     0.511364
    847   h1 0.681818       1 0.433333       1 0.170940       1       1 0.216071       1     0.010913
    848   h1 0.712121       1 0.750000       1 0.769231       1       1 0.812500       1     0.333807
    849   h1 0.727273       1 0.750000       1 0.769231       1       1 0.812500       1     0.340909
    850   h1 0.727273       1 0.703333       1 0.769231       1       1 0.812500       1     0.319697
    851   h1 0.439394       1 0.126667       1 0.569801       1       1 0.116071       1     0.003681
    852   h1 0.666667       1 1.000000       1 0.769231       1       1 0.812500       1     0.416667
    853   h1 0.727273       1 1.000000       1 0.769231       1       1 0.812500       1     0.454545
    854   h1 0.727273       1 1.000000       1 0.769231       1       1 0.742857       1     0.415584
    855   h1 0.727273       1 0.840000       1 0.427350       1       1 0.339286       1     0.088578
    856   h1 0.666667       1 0.750000       1 0.846154       1       1 0.812500       1     0.343750
    857   h1 0.727273       1 0.750000       1 0.846154       1       1 0.812500       1     0.375000
    858   h1 0.636364       1 0.450000       1 0.846154       1       1 0.510714       1     0.123750
    859   h1 0.363636       1 0.000000       1 0.470085       1       1 0.000000       1     0.000000
    896   h1 0.916667       1 0.960000       1 0.769231       1       1 0.812500       1     0.550000
    897   h1 1.000000       1 1.000000       1 0.769231       1       1 0.812500       1     0.625000
    898   h1 1.000000       1 0.916667       1 0.769231       1       1 0.812500       1     0.572917
    899   h1 1.000000       1 0.770000       1 0.666667       1       1 0.441071       1     0.226417
    900   h1 0.166667       1 0.000000       1 0.378917       1       1 0.000000       1     0.000000
    901   h1 0.833333       1 0.746667       1 0.769231       1       1 0.812500       1     0.388889
    902   h1 0.909091       1 0.750000       1 0.769231       1       1 0.812500       1     0.426136
    903   h1 0.909091       1 0.750000       1 0.769231       1       1 0.812500       1     0.426136
    904   h1 0.909091       1 0.630000       1 0.769231       1       1 0.437500       1     0.192745
    905   h1 0.151515       1 0.000000       1 0.541311       1       1 0.000000       1     0.000000
    906   h1 0.666667       1 0.750000       1 0.769231       1       1 0.875000       1     0.336538
    907   h1 0.727273       1 0.750000       1 0.769231       1       1 0.875000       1     0.367133
    908   h1 0.727273       1 0.750000       1 0.769231       1       1 0.875000       1     0.367133
    909   h1 0.727273       1 0.630000       1 0.769231       1       1 0.475000       1     0.167413
    910   h1 0.121212       1 0.000000       1 0.541311       1       1 0.000000       1     0.000000
    911   h1 0.958333       1 0.750000       1 0.769231       1       1 0.812500       1     0.449219
    912   h1 1.000000       1 0.750000       1 0.769231       1       1 0.812500       1     0.468750
    913   h1 1.000000       1 0.833333       1 0.769231       1       1 0.812500       1     0.520833
    914   h1 1.000000       1 0.700000       1 0.632479       1       1 0.419643       1     0.185791
    915   h1 0.166667       1 0.000000       1 0.324786       1       1 0.000000       1     0.000000