 ChipID Half   Layer0  Layer1   Layer2  Layer3  Layer4  Layer5   Layer6   Layer7  Layer8  Pseaudo_Eff
    344   h0 0.434783       1 0.000000       1       1       1 0.000000 0.062500       1     0.000000
    345   h0 0.454545       1 0.000000       1       1       1 0.000000 0.062500       1     0.000000
    346   h0 0.355731       1 0.000000       1       1       1 0.000000 0.044643       1     0.000000
    347   h0 0.695652       1 0.960000       1       1       1 0.800000 0.812500       1     0.434087
    348   h0 0.727273       1 1.000000       1       1       1 0.800000 0.812500       1     0.472727
    349   h0 0.569170       1 0.640000       1       1       1 0.635294 0.580357       1     0.134305
    350   h0 0.695652       1 0.610909       1       1       1 0.866667 0.125000       1     0.046040
    351   h0 0.727273       1 0.636364       1       1       1 0.866667 0.125000       1     0.050138
    352   h0 0.600791       1 0.407273       1       1       1 0.688235 0.089286       1     0.015036
    353   h0 0.956522       1 0.436364       1       1       1 0.000000 0.000000       1     0.000000
    354   h0 1.000000       1 0.454545       1       1       1 0.000000 0.000000       1     0.000000
    355   h0 0.826087       1 0.290909       1       1       1 0.000000 0.000000       1     0.000000
    392   h0 0.956522       1 0.698182       1       1       1 0.933333 0.812500       1     0.506435
    393   h0 1.000000       1 0.727273       1       1       1 0.933333 0.812500       1     0.551515
    394   h0 1.000000       1 0.727273       1       1       1 0.741176 0.580357       1     0.312834
    395   h0 1.000000       1 0.669091       1       1       1 0.000000 0.000000       1     0.000000
    396   h0 0.695652       1 0.698182       1       1       1 0.933333 0.812500       1     0.368316
    397   h0 0.727273       1 0.727273       1       1       1 0.933333 0.812500       1     0.401102
    398   h0 0.727273       1 0.727273       1       1       1 0.933333 0.687500       1     0.339394
    399   h0 0.727273       1 0.669091       1       1       1 0.658824 0.225000       1     0.072133
    400   h0 0.909091       1 0.818182       1       1       1 0.800000 0.812500       1     0.483471
    401   h0 0.909091       1 0.818182       1       1       1 0.800000 0.812500       1     0.483471
    402   h0 0.909091       1 0.818182       1       1       1 0.800000 0.792857       1     0.471783
    403   h0 0.909091       1 0.654545       1       1       1 0.333333 0.278571       1     0.055254
    404   h0 0.727273       1 0.727273       1       1       1 0.800000 0.875000       1     0.370248
    405   h0 0.727273       1 0.727273       1       1       1 0.800000 0.875000       1     0.370248
    406   h0 0.727273       1 0.727273       1       1       1 0.800000 0.875000       1     0.370248
    407   h0 0.703557       1 0.461818       1       1       1 0.405882 0.350000       1     0.046157
    408   h0 0.727273       1 0.727273       1       1       1 0.800000 0.875000       1     0.370248
    409   h0 0.727273       1 0.727273       1       1       1 0.800000 0.875000       1     0.370248
    410   h0 0.727273       1 0.727273       1       1       1 0.800000 0.875000       1     0.370248
    411   h0 0.723320       1 0.490909       1       1       1 0.423529 0.350000       1     0.052636
    412   h0 1.000000       1 1.000000       1       1       1 0.800000 0.812500       1     0.650000
    413   h0 1.000000       1 1.000000       1       1       1 0.800000 0.812500       1     0.650000
    414   h0 1.000000       1 1.000000       1       1       1 0.800000 0.812500       1     0.650000
    415   h0 1.000000       1 0.680000       1       1       1 0.358824 0.325000       1     0.079300
    416   h0 0.727273       1 0.909091       1       1       1 0.800000 0.812500       1     0.429752
    417   h0 0.727273       1 0.909091       1       1       1 0.800000 0.812500       1     0.429752
    418   h0 0.727273       1 0.909091       1       1       1 0.758824 0.787500       1     0.395090
    419   h0 0.316206       1 0.181818       1       1       1 0.205882 0.235714       1     0.002790
    420   h0 0.956522       1 0.872727       1       1       1 0.800000 0.812500       1     0.542609
    421   h0 1.000000       1 0.909091       1       1       1 0.800000 0.812500       1     0.590909
    422   h0 1.000000       1 0.909091       1       1       1 0.662745 0.687500       1     0.414216
    423   h0 1.000000       1 0.836364       1       1       1 0.094118 0.225000       1     0.017711
    424   h0 0.695652       1 0.960000       1       1       1 0.800000 0.812500       1     0.434087
    425   h0 0.727273       1 1.000000       1       1       1 0.800000 0.812500       1     0.472727
    426   h0 0.632411       1 0.640000       1       1       1 0.635294 0.580357       1     0.149228
    427   h0 0.181818       1 0.000000       1       1       1 0.000000 0.000000       1     0.000000
    448   h0 0.695652       1 0.698182       1       1       1 0.866667 0.812500       1     0.342008
    449   h0 0.727273       1 0.727273       1       1       1 0.866667 0.812500       1     0.372452
    450   h0 0.727273       1 0.727273       1       1       1 0.866667 0.812500       1     0.372452
    451   h0 0.727273       1 0.669091       1       1       1 0.611765 0.487500       1     0.145125
    452   h0 0.189723       1 0.000000       1       1       1 0.000000 0.000000       1     0.000000
    453   h0 0.869565       1 0.960000       1       1       1 0.800000 0.812500       1     0.542609
    454   h0 0.909091       1 1.000000       1       1       1 0.800000 0.812500       1     0.590909
    455   h0 0.909091       1 1.000000       1       1       1 0.800000 0.812500       1     0.590909
    456   h0 0.909091       1 0.920000       1       1       1 0.564706 0.487500       1     0.230246
    457   h0 0.237154       1 0.000000       1       1       1 0.000000 0.000000       1     0.000000
    458   h0 0.695652       1 0.698182       1       1       1 0.800000 0.812500       1     0.315700
    459   h0 0.727273       1 0.727273       1       1       1 0.800000 0.812500       1     0.343802
    460   h0 0.727273       1 0.727273       1       1       1 0.800000 0.812500       1     0.343802
    461   h0 0.727273       1 0.669091       1       1       1 0.564706 0.487500       1     0.133961
    462   h0 0.189723       1 0.000000       1       1       1 0.000000 0.000000       1     0.000000
    463   h0 0.782609       1 0.698182       1       1       1 0.800000 0.812500       1     0.355162
    464   h0 0.818182       1 0.727273       1       1       1 0.800000 0.812500       1     0.386777
    465   h0 0.818182       1 0.727273       1       1       1 0.800000 0.812500       1     0.386777
    466   h0 0.818182       1 0.669091       1       1       1 0.564706 0.487500       1     0.150706
    467   h0 0.213439       1 0.000000       1       1       1 0.000000 0.000000       1     0.000000
    812   h1 0.434783       1 0.000000       1       1       1 0.000000 0.062500       1     0.000000
    813   h1 0.363636       1 0.000000       1       1       1 0.000000 0.062500       1     0.000000
    814   h1 0.300395       1 0.000000       1       1       1 0.000000 0.042857       1     0.000000
    815   h1 0.695652       1 0.960000       1       1       1 0.733333 0.812500       1     0.397913
    816   h1 0.727273       1 1.000000       1       1       1 0.733333 0.812500       1     0.433333
    817   h1 0.600791       1 0.600000       1       1       1 0.635294 0.580357       1     0.132906
    818   h1 0.695652       1 0.727273       1       1       1 0.800000 0.187500       1     0.075889
    819   h1 0.727273       1 0.727273       1       1       1 0.800000 0.187500       1     0.079339
    820   h1 0.600791       1 0.465455       1       1       1 0.611765 0.133929       1     0.022912
    821   h1 0.956522       1 0.436364       1       1       1 0.000000 0.000000       1     0.000000
    822   h1 1.000000       1 0.454545       1       1       1 0.000000 0.000000       1     0.000000
    823   h1 0.826087       1 0.290909       1       1       1 0.000000 0.000000       1     0.000000
    860   h1 0.956522       1 0.672727       1       1       1 0.866667 0.812500       1     0.453116
    861   h1 1.000000       1 0.727273       1       1       1 0.866667 0.812500       1     0.512121
    862   h1 1.000000       1 0.690909       1       1       1 0.662745 0.557143       1     0.255114
    863   h1 1.000000       1 0.585455       1       1       1 0.000000 0.000000       1     0.000000
    864   h1 0.695652       1 0.669091       1       1       1 0.933333 0.812500       1     0.352970
    865   h1 0.727273       1 0.727273       1       1       1 0.933333 0.812500       1     0.401102
    866   h1 0.727273       1 0.727273       1       1       1 0.933333 0.675000       1     0.333223
    867   h1 0.727273       1 0.669091       1       1       1 0.658824 0.235714       1     0.075568
    868   h1 0.909091       1 0.727273       1       1       1 0.800000 0.812500       1     0.429752
    869   h1 0.909091       1 0.727273       1       1       1 0.800000 0.812500       1     0.429752
    870   h1 0.909091       1 0.727273       1       1       1 0.800000 0.769643       1     0.407084
    871   h1 0.909091       1 0.581818       1       1       1 0.329412 0.255357       1     0.044492
    872   h1 0.727273       1 0.727273       1       1       1 0.800000 0.812500       1     0.343802
    873   h1 0.727273       1 0.727273       1       1       1 0.800000 0.812500       1     0.343802
    874   h1 0.727273       1 0.727273       1       1       1 0.800000 0.812500       1     0.343802
    875   h1 0.660079       1 0.450909       1       1       1 0.403922 0.325000       1     0.039072
    876   h1 0.727273       1 0.727273       1       1       1 0.800000 0.875000       1     0.370248
    877   h1 0.727273       1 0.727273       1       1       1 0.800000 0.875000       1     0.370248
    878   h1 0.727273       1 0.727273       1       1       1 0.800000 0.875000       1     0.370248
    879   h1 0.695652       1 0.465455       1       1       1 0.400000 0.350000       1     0.045331
    880   h1 1.000000       1 1.000000       1       1       1 0.800000 0.812500       1     0.650000
    881   h1 1.000000       1 1.000000       1       1       1 0.800000 0.812500       1     0.650000
    882   h1 1.000000       1 1.000000       1       1       1 0.800000 0.812500       1     0.650000
    883   h1 0.956522       1 0.680000       1       1       1 0.376471 0.325000       1     0.079583
    884   h1 0.727273       1 0.818182       1       1       1 0.800000 0.812500       1     0.386777
    885   h1 0.727273       1 0.818182       1       1       1 0.800000 0.812500       1     0.386777
    886   h1 0.727273       1 0.818182       1       1       1 0.752941 0.801786       1     0.359225
    887   h1 0.284585       1 0.130909       1       1       1 0.247059 0.255357       1     0.002350
    888   h1 0.869565       1 0.960000       1       1       1 0.800000 0.812500       1     0.542609
    889   h1 0.909091       1 1.000000       1       1       1 0.800000 0.812500       1     0.590909
    890   h1 1.000000       1 1.000000       1       1       1 0.658824 0.675000       1     0.444706
    891   h1 1.000000       1 0.920000       1       1       1 0.141176 0.235714       1     0.030615
    892   h1 0.695652       1 0.909091       1       1       1 0.800000 0.812500       1     0.411067
    893   h1 0.727273       1 0.909091       1       1       1 0.800000 0.812500       1     0.429752
    894   h1 0.632411       1 0.640000       1       1       1 0.611765 0.557143       1     0.137953
    895   h1 0.181818       1 0.000000       1       1       1 0.000000 0.000000       1     0.000000
    916   h1 0.695652       1 0.752727       1       1       1 0.933333 0.812500       1     0.397091
    917   h1 0.727273       1 0.818182       1       1       1 0.933333 0.812500       1     0.451240
    918   h1 0.727273       1 0.818182       1       1       1 0.933333 0.812500       1     0.451240
    919   h1 0.727273       1 0.752727       1       1       1 0.658824 0.510714       1     0.184197
    920   h1 0.158103       1 0.000000       1       1       1 0.000000 0.000000       1     0.000000
    921   h1 0.869565       1 0.960000       1       1       1 0.866667 0.812500       1     0.587826
    922   h1 0.909091       1 1.000000       1       1       1 0.866667 0.812500       1     0.640152
    923   h1 0.909091       1 1.000000       1       1       1 0.866667 0.812500       1     0.640152
    924   h1 0.909091       1 0.920000       1       1       1 0.637255 0.492857       1     0.262681
    925   h1 0.197628       1 0.000000       1       1       1 0.000000 0.000000       1     0.000000
    926   h1 0.707510       1 0.698182       1       1       1 0.800000 0.812500       1     0.321081
    927   h1 0.727273       1 0.727273       1       1       1 0.800000 0.812500       1     0.343802
    928   h1 0.727273       1 0.727273       1       1       1 0.800000 0.812500       1     0.343802
    929   h1 0.727273       1 0.669091       1       1       1 0.564706 0.505357       1     0.138868
    930   h1 0.158103       1 0.000000       1       1       1 0.000000 0.000000       1     0.000000
    931   h1 0.909091       1 0.698182       1       1       1 0.800000 0.812500       1     0.412562
    932   h1 0.909091       1 0.727273       1       1       1 0.800000 0.812500       1     0.429752
    933   h1 0.909091       1 0.727273       1       1       1 0.800000 0.812500       1     0.429752
    934   h1 0.909091       1 0.669091       1       1       1 0.564706 0.496429       1     0.170519
    935   h1 0.197628       1 0.000000       1       1       1 0.000000 0.000000       1     0.000000