 ChipID Half   Layer0  Layer1  Layer2   Layer3  Layer4   Layer5   Layer6  Layer7  Layer8  Pseaudo_Eff
    332   h0 0.000000       1       1 0.000000       1 0.000000 0.000000       1       1     0.000000
    333   h0 0.000000       1       1 0.000000       1 0.000000 0.000000       1       1     0.000000
    334   h0 0.000000       1       1 0.000000       1 0.000000 0.000000       1       1     0.000000
    335   h0 0.958333       1       1 0.961538       1 0.519231 0.250000       1       1     0.119614
    336   h0 1.000000       1       1 1.000000       1 0.538462 0.250000       1       1     0.134615
    337   h0 0.708333       1       1 0.500000       1 0.192308 0.183824       1       1     0.012520
    338   h0 0.696970       1       1 0.400641       1 0.741758 0.812500       1       1     0.168289
    339   h0 0.727273       1       1 0.416667       1 0.769231 0.812500       1       1     0.189394
    340   h0 0.545455       1       1 0.208333       1 0.274725 0.597426       1       1     0.018651
    341   h0 0.958333       1       1 0.000000       1 0.148352 0.062500       1       1     0.000000
    342   h0 1.000000       1       1 0.000000       1 0.153846 0.062500       1       1     0.000000
    343   h0 0.750000       1       1 0.000000       1 0.082418 0.045956       1       1     0.000000
    356   h0 0.696970       1       1 0.801282       1 0.741758 0.812500       1       1     0.336577
    357   h0 0.727273       1       1 0.833333       1 0.769231 0.812500       1       1     0.378788
    358   h0 0.700758       1       1 0.416667       1 0.521978 0.597426       1       1     0.091053
    359   h0 0.636364       1       1 0.000000       1 0.192308 0.000000       1       1     0.000000
    360   h0 0.696970       1       1 0.721154       1 0.741758 0.812500       1       1     0.302920
    361   h0 0.727273       1       1 0.750000       1 0.769231 0.812500       1       1     0.340909
    362   h0 0.727273       1       1 0.666667       1 0.769231 0.713235       1       1     0.266009
    363   h0 0.727273       1       1 0.365385       1 0.384615 0.283088       1       1     0.028933
    364   h0 0.681818       1       1 1.000000       1 1.000000 0.812500       1       1     0.553977
    365   h0 0.727273       1       1 1.000000       1 1.000000 0.812500       1       1     0.590909
    366   h0 0.727273       1       1 0.884615       1 1.000000 0.801471       1       1     0.515631
    367   h0 0.606061       1       1 0.000000       1 0.821429 0.286765       1       1     0.000000
    368   h0 0.727273       1       1 0.916667       1 0.846154 0.875000       1       1     0.493590
    369   h0 0.727273       1       1 0.916667       1 0.846154 0.875000       1       1     0.493590
    370   h0 0.727273       1       1 0.916667       1 0.846154 0.875000       1       1     0.493590
    371   h0 0.587121       1       1 0.352564       1 0.120879 0.386029       1       1     0.009659
    372   h0 1.000000       1       1 0.750000       1 0.769231 0.875000       1       1     0.504808
    373   h0 1.000000       1       1 0.750000       1 0.769231 0.875000       1       1     0.504808
    374   h0 1.000000       1       1 0.750000       1 0.769231 0.875000       1       1     0.504808
    375   h0 0.875000       1       1 0.285256       1 0.104396 0.386029       1       1     0.010059
    376   h0 0.818182       1       1 0.750000       1 0.769231 0.812500       1       1     0.383523
    377   h0 0.818182       1       1 0.750000       1 0.769231 0.812500       1       1     0.383523
    378   h0 0.818182       1       1 0.750000       1 0.769231 0.812500       1       1     0.383523
    379   h0 0.681818       1       1 0.269231       1 0.060440 0.358456       1       1     0.003977
    380   h0 0.727273       1       1 0.750000       1 0.769231 0.812500       1       1     0.340909
    381   h0 0.727273       1       1 0.750000       1 0.769231 0.812500       1       1     0.340909
    382   h0 0.727273       1       1 0.711538       1 0.769231 0.775735       1       1     0.308792
    383   h0 0.386364       1       1 0.314103       1 0.351648 0.308824       1       1     0.013179
    384   h0 0.784091       1       1 0.801282       1 0.928571 0.812500       1       1     0.474013
    385   h0 0.818182       1       1 0.833333       1 1.000000 0.812500       1       1     0.553977
    386   h0 0.818182       1       1 0.833333       1 1.000000 0.696691       1       1     0.475017
    387   h0 0.818182       1       1 0.608974       1 0.500000 0.242647       1       1     0.060450
    388   h0 0.696970       1       1 0.721154       1 0.857143 0.812500       1       1     0.350041
    389   h0 0.727273       1       1 0.750000       1 0.923077 0.812500       1       1     0.409091
    390   h0 0.636364       1       1 0.458333       1 0.923077 0.597426       1       1     0.160846
    391   h0 0.363636       1       1 0.121795       1 0.461538 0.000000       1       1     0.000000
    428   h0 0.871212       1       1 0.721154       1 0.741758 0.812500       1       1     0.378650
    429   h0 0.909091       1       1 0.750000       1 0.769231 0.812500       1       1     0.426136
    430   h0 0.909091       1       1 0.750000       1 0.769231 0.812500       1       1     0.426136
    431   h0 0.909091       1       1 0.548077       1 0.384615 0.525735       1       1     0.100749
    432   h0 0.151515       1       1 0.000000       1 0.000000 0.000000       1       1     0.000000
    433   h0 0.871212       1       1 0.721154       1 0.890110 0.812500       1       1     0.454380
    434   h0 0.909091       1       1 0.750000       1 0.923077 0.812500       1       1     0.511364
    435   h0 0.909091       1       1 0.750000       1 0.923077 0.812500       1       1     0.511364
    436   h0 0.909091       1       1 0.548077       1 0.923077 0.525735       1       1     0.241799
    437   h0 0.151515       1       1 0.000000       1 0.593407 0.000000       1       1     0.000000
    438   h0 0.696970       1       1 0.801282       1 0.741758 0.812500       1       1     0.336577
    439   h0 0.727273       1       1 0.833333       1 0.769231 0.812500       1       1     0.378788
    440   h0 0.727273       1       1 0.833333       1 0.769231 0.812500       1       1     0.378788
    441   h0 0.727273       1       1 0.608974       1 0.769231 0.525735       1       1     0.179110
    442   h0 0.121212       1       1 0.000000       1 0.494505 0.000000       1       1     0.000000
    443   h0 0.958333       1       1 0.961538       1 0.815934 0.812500       1       1     0.610888
    444   h0 1.000000       1       1 1.000000       1 0.846154 0.812500       1       1     0.687500
    445   h0 1.000000       1       1 1.000000       1 0.846154 0.812500       1       1     0.687500
    446   h0 1.000000       1       1 0.730769       1 0.846154 0.525735       1       1     0.325085
    447   h0 0.166667       1       1 0.000000       1 0.543956 0.000000       1       1     0.000000
    800   h1 0.000000       1       1 0.000000       1 0.000000 0.000000       1       1     0.000000
    801   h1 0.000000       1       1 0.000000       1 0.000000 0.000000       1       1     0.000000
    802   h1 0.000000       1       1 0.000000       1 0.000000 0.000000       1       1     0.000000
    803   h1 0.916667       1       1 0.961538       1 0.519231 0.250000       1       1     0.114414
    804   h1 1.000000       1       1 1.000000       1 0.598901 0.250000       1       1     0.149725
    805   h1 0.750000       1       1 0.500000       1 0.219780 0.132353       1       1     0.010908
    806   h1 0.750000       1       1 0.500000       1 0.769231 0.812500       1       1     0.234375
    807   h1 0.818182       1       1 0.500000       1 0.706044 0.812500       1       1     0.234679
    808   h1 0.613636       1       1 0.250000       1 0.247253 0.573529       1       1     0.021754
    809   h1 0.916667       1       1 0.000000       1 0.148352 0.125000       1       1     0.000000
    810   h1 1.000000       1       1 0.000000       1 0.214286 0.125000       1       1     0.000000
    811   h1 0.750000       1       1 0.000000       1 0.082418 0.088235       1       1     0.000000
    824   h1 0.666667       1       1 0.721154       1 0.815934 0.812500       1       1     0.318724
    825   h1 0.727273       1       1 0.750000       1 0.785714 0.812500       1       1     0.348214
    826   h1 0.681818       1       1 0.375000       1 0.571429 0.573529       1       1     0.083795
    827   h1 0.545455       1       1 0.000000       1 0.230769 0.000000       1       1     0.000000
    828   h1 0.666667       1       1 0.740385       1 0.741758 0.812500       1       1     0.297476
    829   h1 0.727273       1       1 0.750000       1 0.769231 0.812500       1       1     0.340909
    830   h1 0.727273       1       1 0.625000       1 0.769231 0.702206       1       1     0.245527
    831   h1 0.727273       1       1 0.346154       1 0.384615 0.270221       1       1     0.026164
    832   h1 0.689394       1       1 1.000000       1 1.000000 0.812500       1       1     0.560133
    833   h1 0.727273       1       1 1.000000       1 1.000000 0.812500       1       1     0.590909
    834   h1 0.727273       1       1 0.884615       1 1.000000 0.803309       1       1     0.516814
    835   h1 0.545455       1       1 0.000000       1 0.821429 0.286765       1       1     0.000000
    836   h1 0.727273       1       1 0.916667       1 0.846154 0.812500       1       1     0.458333
    837   h1 0.727273       1       1 0.916667       1 0.846154 0.812500       1       1     0.458333
    838   h1 0.727273       1       1 0.916667       1 0.846154 0.812500       1       1     0.458333
    839   h1 0.587121       1       1 0.352564       1 0.120879 0.334559       1       1     0.008371
    840   h1 1.000000       1       1 0.750000       1 0.769231 0.875000       1       1     0.504808
    841   h1 1.000000       1       1 0.750000       1 0.769231 0.875000       1       1     0.504808
    842   h1 1.000000       1       1 0.750000       1 0.769231 0.875000       1       1     0.504808
    843   h1 0.833333       1       1 0.256410       1 0.107143 0.334559       1       1     0.007659
    844   h1 0.818182       1       1 0.750000       1 0.769231 0.812500       1       1     0.383523
    845   h1 0.818182       1       1 0.750000       1 0.769231 0.812500       1       1     0.383523
    846   h1 0.818182       1       1 0.750000       1 0.750000 0.812500       1       1     0.373935
    847   h1 0.681818       1       1 0.250000       1 0.052198 0.334559       1       1     0.002977
    848   h1 0.712121       1       1 0.750000       1 0.769231 0.812500       1       1     0.333807
    849   h1 0.727273       1       1 0.750000       1 0.769231 0.812500       1       1     0.340909
    850   h1 0.727273       1       1 0.730769       1 0.769231 0.792279       1       1     0.323901
    851   h1 0.439394       1       1 0.333333       1 0.384615 0.286765       1       1     0.016154
    852   h1 0.666667       1       1 0.750000       1 0.964286 0.812500       1       1     0.391741
    853   h1 0.727273       1       1 0.750000       1 0.936813 0.812500       1       1     0.415179
    854   h1 0.727273       1       1 0.750000       1 0.975275 0.702206       1       1     0.373551
    855   h1 0.727273       1       1 0.519231       1 0.500000 0.270221       1       1     0.051021
    856   h1 0.666667       1       1 0.750000       1 1.000000 0.812500       1       1     0.406250
    857   h1 0.727273       1       1 0.750000       1 1.000000 0.812500       1       1     0.443182
    858   h1 0.636364       1       1 0.500000       1 1.000000 0.573529       1       1     0.182487
    859   h1 0.363636       1       1 0.173077       1 0.500000 0.000000       1       1     0.000000
    896   h1 0.916667       1       1 0.750000       1 0.741758 0.812500       1       1     0.414342
    897   h1 1.000000       1       1 0.750000       1 0.769231 0.812500       1       1     0.468750
    898   h1 1.000000       1       1 0.750000       1 0.769231 0.812500       1       1     0.468750
    899   h1 1.000000       1       1 0.519231       1 0.423077 0.501838       1       1     0.110241
    900   h1 0.166667       1       1 0.000000       1 0.049451 0.000000       1       1     0.000000
    901   h1 0.833333       1       1 0.750000       1 0.815934 0.812500       1       1     0.414342
    902   h1 0.909091       1       1 0.750000       1 0.846154 0.812500       1       1     0.468750
    903   h1 0.909091       1       1 0.750000       1 0.846154 0.812500       1       1     0.468750
    904   h1 0.909091       1       1 0.519231       1 0.846154 0.520221       1       1     0.207780
    905   h1 0.151515       1       1 0.000000       1 0.543956 0.000000       1       1     0.000000
    906   h1 0.666667       1       1 0.916667       1 0.741758 0.812500       1       1     0.368304
    907   h1 0.727273       1       1 0.916667       1 0.769231 0.812500       1       1     0.416667
    908   h1 0.727273       1       1 0.916667       1 0.769231 0.812500       1       1     0.416667
    909   h1 0.727273       1       1 0.634615       1 0.769231 0.501838       1       1     0.178167
    910   h1 0.121212       1       1 0.000000       1 0.494505 0.000000       1       1     0.000000
    911   h1 0.958333       1       1 1.000000       1 0.741758 0.812500       1       1     0.577567
    912   h1 1.000000       1       1 1.000000       1 0.769231 0.812500       1       1     0.625000
    913   h1 1.000000       1       1 1.000000       1 0.769231 0.812500       1       1     0.625000
    914   h1 1.000000       1       1 0.692308       1 0.769231 0.501838       1       1     0.267251
    915   h1 0.166667       1       1 0.000000       1 0.494505 0.000000       1       1     0.000000