 ChipID Half   Layer0   Layer1   Layer2  Layer3   Layer4  Layer5  Layer6  Layer7  Layer8  Pseaudo_Eff
    332   h0 0.000000 0.696970 0.000000       1 0.074074       1       1       1       1     0.000000
    333   h0 0.000000 0.670455 0.000000       1 0.076923       1       1       1       1     0.000000
    334   h0 0.000000 0.424242 0.000000       1 0.000000       1       1       1       1     0.000000
    335   h0 0.958333 0.609848 0.480000       1 0.888889       1       1       1       1     0.249360
    336   h0 1.000000 0.696970 0.500000       1 0.923077       1       1       1       1     0.321678
    337   h0 0.708333 0.484848 0.250000       1 0.376068       1       1       1       1     0.032289
    338   h0 0.696970 0.958333 0.640000       1 0.962963       1       1       1       1     0.411642
    339   h0 0.727273 1.000000 0.666667       1 1.000000       1       1       1       1     0.484848
    340   h0 0.545455 0.666667 0.400000       1 0.370370       1       1       1       1     0.053872
    341   h0 0.958333 0.000000 0.640000       1 0.000000       1       1       1       1     0.000000
    342   h0 1.000000 0.000000 0.666667       1 0.000000       1       1       1       1     0.000000
    343   h0 0.750000 0.000000 0.400000       1 0.000000       1       1       1       1     0.000000
    356   h0 0.696970 0.784091 0.720000       1 0.962963       1       1       1       1     0.378898
    357   h0 0.727273 0.818182 0.750000       1 0.923077       1       1       1       1     0.411952
    358   h0 0.700758 0.545455 0.516667       1 0.923077       1       1       1       1     0.182295
    359   h0 0.636364 0.000000 0.146667       1 0.547009       1       1       1       1     0.000000
    360   h0 0.696970 0.958333 0.880000       1 0.740741       1       1       1       1     0.435391
    361   h0 0.727273 1.000000 0.916667       1 0.769231       1       1       1       1     0.512821
    362   h0 0.727273 1.000000 0.916667       1 0.769231       1       1       1       1     0.512821
    363   h0 0.727273 1.000000 0.806667       1 0.455840       1       1       1       1     0.267426
    364   h0 0.681818 0.818182 0.736667       1 0.769231       1       1       1       1     0.316116
    365   h0 0.727273 0.818182 0.750000       1 0.769231       1       1       1       1     0.343293
    366   h0 0.727273 0.818182 0.750000       1 0.769231       1       1       1       1     0.343293
    367   h0 0.606061 0.204545 0.330000       1 0.643875       1       1       1       1     0.026340
    368   h0 0.727273 1.000000 0.750000       1 0.769231       1       1       1       1     0.419580
    369   h0 0.727273 1.000000 0.750000       1 0.769231       1       1       1       1     0.419580
    370   h0 0.727273 1.000000 0.750000       1 0.769231       1       1       1       1     0.419580
    371   h0 0.587121 0.791667 0.400000       1 0.113960       1       1       1       1     0.021188
    372   h0 1.000000 0.727273 1.000000       1 1.000000       1       1       1       1     0.727273
    373   h0 1.000000 0.727273 1.000000       1 1.000000       1       1       1       1     0.727273
    374   h0 1.000000 0.727273 1.000000       1 1.000000       1       1       1       1     0.727273
    375   h0 0.875000 0.575758 0.560000       1 0.222222       1       1       1       1     0.062694
    376   h0 0.818182 0.727273 0.833333       1 0.923077       1       1       1       1     0.457724
    377   h0 0.818182 0.727273 0.833333       1 0.923077       1       1       1       1     0.457724
    378   h0 0.818182 0.727273 0.833333       1 0.923077       1       1       1       1     0.457724
    379   h0 0.681818 0.530303 0.466667       1 0.170940       1       1       1       1     0.028843
    380   h0 0.727273 0.727273 0.750000       1 0.769231       1       1       1       1     0.305149
    381   h0 0.727273 0.727273 0.750000       1 0.769231       1       1       1       1     0.305149
    382   h0 0.727273 0.727273 0.703333       1 0.769231       1       1       1       1     0.286162
    383   h0 0.386364 0.750000 0.133333       1 0.598291       1       1       1       1     0.023116
    384   h0 0.784091 0.696970 0.960000       1 0.740741       1       1       1       1     0.388613
    385   h0 0.818182 0.727273 1.000000       1 0.769231       1       1       1       1     0.457724
    386   h0 0.818182 0.727273 1.000000       1 0.769231       1       1       1       1     0.457724
    387   h0 0.818182 0.727273 0.880000       1 0.455840       1       1       1       1     0.238695
    388   h0 0.696970 0.696970 0.720000       1 0.814815       1       1       1       1     0.284983
    389   h0 0.727273 0.727273 0.750000       1 0.846154       1       1       1       1     0.335664
    390   h0 0.636364 0.727273 0.450000       1 0.846154       1       1       1       1     0.176224
    391   h0 0.363636 0.727273 0.000000       1 0.501425       1       1       1       1     0.000000
    428   h0 0.871212 0.696970 0.960000       1 0.740741       1       1       1       1     0.431793
    429   h0 0.909091 0.727273 1.000000       1 0.769231       1       1       1       1     0.508582
    430   h0 0.909091 0.727273 1.000000       1 0.769231       1       1       1       1     0.508582
    431   h0 0.909091 0.727273 0.880000       1 0.675214       1       1       1       1     0.392852
    432   h0 0.151515 0.060606 0.000000       1 0.398860       1       1       1       1     0.000000
    433   h0 0.871212 0.696970 0.720000       1 0.740741       1       1       1       1     0.323845
    434   h0 0.909091 0.727273 0.750000       1 0.769231       1       1       1       1     0.381437
    435   h0 0.909091 0.727273 0.750000       1 0.769231       1       1       1       1     0.381437
    436   h0 0.909091 0.727273 0.660000       1 0.769231       1       1       1       1     0.335664
    437   h0 0.151515 0.060606 0.000000       1 0.569801       1       1       1       1     0.000000
    438   h0 0.696970 0.958333 0.720000       1 0.740741       1       1       1       1     0.356229
    439   h0 0.727273 1.000000 0.750000       1 0.769231       1       1       1       1     0.419580
    440   h0 0.727273 1.000000 0.750000       1 0.769231       1       1       1       1     0.419580
    441   h0 0.727273 1.000000 0.660000       1 0.769231       1       1       1       1     0.369231
    442   h0 0.121212 0.083333 0.000000       1 0.569801       1       1       1       1     0.000000
    443   h0 0.958333 0.696970 0.720000       1 0.740741       1       1       1       1     0.356229
    444   h0 1.000000 0.727273 0.750000       1 0.769231       1       1       1       1     0.419580
    445   h0 1.000000 0.727273 0.750000       1 0.769231       1       1       1       1     0.419580
    446   h0 1.000000 0.727273 0.660000       1 0.643875       1       1       1       1     0.309060
    447   h0 0.166667 0.060606 0.000000       1 0.341880       1       1       1       1     0.000000
    800   h1 0.000000 0.609848 0.000000       1 0.076923       1       1       1       1     0.000000
    801   h1 0.000000 0.636364 0.000000       1 0.076923       1       1       1       1     0.000000
    802   h1 0.000000 0.450758 0.000000       1 0.000000       1       1       1       1     0.000000
    803   h1 0.916667 0.696970 0.416667       1 0.923077       1       1       1       1     0.245726
    804   h1 1.000000 0.727273 0.416667       1 0.923077       1       1       1       1     0.279720
    805   h1 0.750000 0.515152 0.233333       1 0.376068       1       1       1       1     0.033903
    806   h1 0.750000 0.958333 0.750000       1 1.000000       1       1       1       1     0.539062
    807   h1 0.818182 1.000000 0.750000       1 1.000000       1       1       1       1     0.613636
    808   h1 0.613636 0.708333 0.450000       1 0.407407       1       1       1       1     0.079688
    809   h1 0.916667 0.000000 0.583333       1 0.000000       1       1       1       1     0.000000
    810   h1 1.000000 0.000000 0.583333       1 0.000000       1       1       1       1     0.000000
    811   h1 0.750000 0.000000 0.350000       1 0.000000       1       1       1       1     0.000000
    824   h1 0.666667 0.871212 0.743333       1 1.000000       1       1       1       1     0.431734
    825   h1 0.727273 0.909091 0.750000       1 0.923077       1       1       1       1     0.457724
    826   h1 0.681818 0.643939 0.493333       1 0.923077       1       1       1       1     0.199936
    827   h1 0.545455 0.000000 0.140000       1 0.512821       1       1       1       1     0.000000
    828   h1 0.666667 0.958333 0.880000       1 0.769231       1       1       1       1     0.432479
    829   h1 0.727273 1.000000 0.916667       1 0.769231       1       1       1       1     0.512821
    830   h1 0.727273 1.000000 0.916667       1 0.769231       1       1       1       1     0.512821
    831   h1 0.727273 1.000000 0.770000       1 0.427350       1       1       1       1     0.239316
    832   h1 0.689394 0.818182 0.750000       1 0.769231       1       1       1       1     0.325413
    833   h1 0.727273 0.818182 0.750000       1 0.769231       1       1       1       1     0.343293
    834   h1 0.727273 0.818182 0.750000       1 0.769231       1       1       1       1     0.343293
    835   h1 0.545455 0.227273 0.300000       1 0.615385       1       1       1       1     0.022886
    836   h1 0.727273 1.000000 0.750000       1 0.769231       1       1       1       1     0.419580
    837   h1 0.727273 1.000000 0.750000       1 0.769231       1       1       1       1     0.419580
    838   h1 0.727273 1.000000 0.750000       1 0.769231       1       1       1       1     0.419580
    839   h1 0.587121 0.750000 0.360000       1 0.113960       1       1       1       1     0.018065
    840   h1 1.000000 0.727273 1.000000       1 1.000000       1       1       1       1     0.727273
    841   h1 1.000000 0.727273 1.000000       1 1.000000       1       1       1       1     0.727273
    842   h1 1.000000 0.727273 1.000000       1 1.000000       1       1       1       1     0.727273
    843   h1 0.833333 0.541667 0.560000       1 0.185185       1       1       1       1     0.046811
    844   h1 0.818182 0.727273 0.833333       1 0.923077       1       1       1       1     0.457724
    845   h1 0.818182 0.727273 0.833333       1 0.923077       1       1       1       1     0.457724
    846   h1 0.818182 0.727273 0.833333       1 0.923077       1       1       1       1     0.457724
    847   h1 0.681818 0.511364 0.433333       1 0.170940       1       1       1       1     0.025826
    848   h1 0.712121 0.818182 0.750000       1 0.769231       1       1       1       1     0.336141
    849   h1 0.727273 0.818182 0.750000       1 0.769231       1       1       1       1     0.343293
    850   h1 0.727273 0.818182 0.703333       1 0.769231       1       1       1       1     0.321933
    851   h1 0.439394 0.715909 0.126667       1 0.569801       1       1       1       1     0.022704
    852   h1 0.666667 0.696970 1.000000       1 0.769231       1       1       1       1     0.357420
    853   h1 0.727273 0.727273 1.000000       1 0.769231       1       1       1       1     0.406866
    854   h1 0.727273 0.727273 1.000000       1 0.769231       1       1       1       1     0.406866
    855   h1 0.727273 0.727273 0.840000       1 0.427350       1       1       1       1     0.189871
    856   h1 0.666667 0.784091 0.750000       1 0.846154       1       1       1       1     0.331731
    857   h1 0.727273 0.818182 0.750000       1 0.846154       1       1       1       1     0.377622
    858   h1 0.636364 0.818182 0.450000       1 0.846154       1       1       1       1     0.198252
    859   h1 0.363636 0.818182 0.000000       1 0.470085       1       1       1       1     0.000000
    896   h1 0.916667 0.696970 0.960000       1 0.769231       1       1       1       1     0.471795
    897   h1 1.000000 0.727273 1.000000       1 0.769231       1       1       1       1     0.559441
    898   h1 1.000000 0.727273 0.916667       1 0.769231       1       1       1       1     0.512821
    899   h1 1.000000 0.727273 0.770000       1 0.666667       1       1       1       1     0.373333
    900   h1 0.166667 0.030303 0.000000       1 0.378917       1       1       1       1     0.000000
    901   h1 0.833333 0.696970 0.746667       1 0.769231       1       1       1       1     0.333592
    902   h1 0.909091 0.727273 0.750000       1 0.769231       1       1       1       1     0.381437
    903   h1 0.909091 0.727273 0.750000       1 0.769231       1       1       1       1     0.381437
    904   h1 0.909091 0.727273 0.630000       1 0.769231       1       1       1       1     0.320407
    905   h1 0.151515 0.030303 0.000000       1 0.541311       1       1       1       1     0.000000
    906   h1 0.666667 0.958333 0.750000       1 0.769231       1       1       1       1     0.368590
    907   h1 0.727273 1.000000 0.750000       1 0.769231       1       1       1       1     0.419580
    908   h1 0.727273 1.000000 0.750000       1 0.769231       1       1       1       1     0.419580
    909   h1 0.727273 1.000000 0.630000       1 0.769231       1       1       1       1     0.352448
    910   h1 0.121212 0.041667 0.000000       1 0.541311       1       1       1       1     0.000000
    911   h1 0.958333 0.696970 0.750000       1 0.769231       1       1       1       1     0.385344
    912   h1 1.000000 0.727273 0.750000       1 0.769231       1       1       1       1     0.419580
    913   h1 1.000000 0.727273 0.833333       1 0.769231       1       1       1       1     0.466200
    914   h1 1.000000 0.727273 0.700000       1 0.632479       1       1       1       1     0.321989
    915   h1 0.166667 0.030303 0.000000       1 0.324786       1       1       1       1     0.000000