 ChipID Half  Layer0   Layer1  Layer2   Layer3   Layer4  Layer5  Layer6  Layer7   Layer8  Pseaudo_Eff
    344   h0       1 0.871212       1 0.480000 0.641026       1       1       1 0.000000     0.000000
    345   h0       1 0.965909       1 0.500000 0.666667       1       1       1 0.000000     0.000000
    346   h0       1 0.708333       1 0.280000 0.307692       1       1       1 0.000000     0.000000
    347   h0       1 0.784091       1 0.720000 0.721154       1       1       1 0.764706     0.311330
    348   h0       1 0.818182       1 0.750000 0.750000       1       1       1 0.823529     0.379011
    349   h0       1 0.579545       1 0.420000 0.570513       1       1       1 0.390093     0.054171
    350   h0       1 0.958333       1 0.240000 0.801282       1       1       1 0.058824     0.010841
    351   h0       1 1.000000       1 0.250000 0.833333       1       1       1 0.058824     0.012255
    352   h0       1 0.708333       1 0.140000 0.352564       1       1       1 0.027864     0.000974
    353   h0       1 0.000000       1 0.000000 0.000000       1       1       1 0.000000     0.000000
    354   h0       1 0.000000       1 0.000000 0.000000       1       1       1 0.000000     0.000000
    355   h0       1 0.000000       1 0.000000 0.000000       1       1       1 0.000000     0.000000
    392   h0       1 0.696970       1 0.800000 0.721154       1       1       1 0.823529     0.331139
    393   h0       1 0.727273       1 0.833333 0.750000       1       1       1 0.823529     0.374332
    394   h0       1 0.647727       1 0.448718 0.750000       1       1       1 0.390093     0.085034
    395   h0       1 0.454545       1 0.000000 0.490385       1       1       1 0.000000     0.000000
    396   h0       1 0.696970       1 0.960000 0.801282       1       1       1 0.882353     0.473056
    397   h0       1 0.727273       1 1.000000 0.833333       1       1       1 0.860681     0.521625
    398   h0       1 0.727273       1 1.000000 0.833333       1       1       1 0.823529     0.499109
    399   h0       1 0.727273       1 0.769231 0.544872       1       1       1 0.238390     0.072667
    400   h0       1 0.727273       1 0.750000 0.750000       1       1       1 0.823529     0.336898
    401   h0       1 0.727273       1 0.750000 0.750000       1       1       1 0.823529     0.336898
    402   h0       1 0.727273       1 0.680000 0.750000       1       1       1 0.823529     0.305455
    403   h0       1 0.454545       1 0.115385 0.384615       1       1       1 0.043344     0.000874
    404   h0       1 0.818182       1 0.833333 0.750000       1       1       1 0.823529     0.421123
    405   h0       1 0.818182       1 0.833333 0.750000       1       1       1 0.823529     0.421123
    406   h0       1 0.818182       1 0.833333 0.750000       1       1       1 0.823529     0.421123
    407   h0       1 0.681818       1 0.384615 0.221154       1       1       1 0.068111     0.003950
    408   h0       1 1.000000       1 1.000000 0.750000       1       1       1 0.823529     0.617647
    409   h0       1 1.000000       1 1.000000 0.750000       1       1       1 0.823529     0.617647
    410   h0       1 1.000000       1 1.000000 0.750000       1       1       1 0.823529     0.617647
    411   h0       1 0.875000       1 0.461538 0.224359       1       1       1 0.065015     0.005891
    412   h0       1 0.727273       1 0.750000 0.833333       1       1       1 0.823529     0.374332
    413   h0       1 0.727273       1 0.750000 0.833333       1       1       1 0.823529     0.374332
    414   h0       1 0.727273       1 0.750000 0.833333       1       1       1 0.767802     0.349001
    415   h0       1 0.587121       1 0.317308 0.288462       1       1       1 0.038700     0.002080
    416   h0       1 0.689394       1 0.750000 1.000000       1       1       1 0.823529     0.425802
    417   h0       1 0.727273       1 0.750000 1.000000       1       1       1 0.823529     0.449198
    418   h0       1 0.727273       1 0.730769 1.000000       1       1       1 0.823529     0.437680
    419   h0       1 0.545455       1 0.201923 1.000000       1       1       1 0.255418     0.028132
    420   h0       1 0.696970       1 0.960000 0.721154       1       1       1 0.823529     0.397367
    421   h0       1 0.727273       1 1.000000 0.750000       1       1       1 0.823529     0.449198
    422   h0       1 0.727273       1 1.000000 0.750000       1       1       1 0.606811     0.330988
    423   h0       1 0.727273       1 0.800000 0.490385       1       1       1 0.119195     0.034008
    424   h0       1 0.696970       1 0.720000 0.721154       1       1       1 0.823529     0.298026
    425   h0       1 0.727273       1 0.750000 0.750000       1       1       1 0.823529     0.336898
    426   h0       1 0.674242       1 0.420000 0.653846       1       1       1 0.390093     0.072229
    427   h0       1 0.545455       1 0.000000 0.381410       1       1       1 0.000000     0.000000
    448   h0       1 0.958333       1 0.720000 0.961538       1       1       1 0.823529     0.546380
    449   h0       1 1.000000       1 0.750000 1.000000       1       1       1 0.823529     0.617647
    450   h0       1 1.000000       1 0.750000 1.000000       1       1       1 0.823529     0.617647
    451   h0       1 1.000000       1 0.576923 1.000000       1       1       1 0.572755     0.330436
    452   h0       1 0.166667       1 0.000000 0.846154       1       1       1 0.061920     0.000000
    453   h0       1 0.696970       1 0.720000 0.801282       1       1       1 0.823529     0.331139
    454   h0       1 0.727273       1 0.750000 0.833333       1       1       1 0.823529     0.374332
    455   h0       1 0.727273       1 0.750000 0.833333       1       1       1 0.823529     0.374332
    456   h0       1 0.727273       1 0.600000 0.833333       1       1       1 0.823529     0.299465
    457   h0       1 0.121212       1 0.000000 0.705128       1       1       1 0.108359     0.000000
    458   h0       1 0.784091       1 0.720000 0.801282       1       1       1 0.823529     0.372532
    459   h0       1 0.909091       1 0.750000 0.833333       1       1       1 0.823529     0.467914
    460   h0       1 0.909091       1 0.750000 0.833333       1       1       1 0.823529     0.467914
    461   h0       1 0.909091       1 0.600000 0.833333       1       1       1 0.823529     0.374332
    462   h0       1 0.151515       1 0.000000 0.705128       1       1       1 0.108359     0.000000
    463   h0       1 0.958333       1 0.800000 0.721154       1       1       1 0.823529     0.455317
    464   h0       1 1.000000       1 0.833333 0.750000       1       1       1 0.823529     0.514706
    465   h0       1 1.000000       1 0.833333 0.750000       1       1       1 0.856037     0.535023
    466   h0       1 1.000000       1 0.666667 0.548077       1       1       1 0.255418     0.093326
    467   h0       1 0.166667       1 0.000000 0.141026       1       1       1 0.000000     0.000000
    812   h1       1 0.916667       1 0.400000 0.583333       1       1       1 0.000000     0.000000
    813   h1       1 1.000000       1 0.416667 0.583333       1       1       1 0.000000     0.000000
    814   h1       1 0.750000       1 0.216667 0.269231       1       1       1 0.000000     0.000000
    815   h1       1 0.750000       1 0.720000 0.750000       1       1       1 0.764706     0.309706
    816   h1       1 0.818182       1 0.750000 0.750000       1       1       1 0.764706     0.351939
    817   h1       1 0.613636       1 0.420000 0.525641       1       1       1 0.342105     0.046346
    818   h1       1 0.916667       1 0.333333 0.916667       1       1       1 0.106811     0.029917
    819   h1       1 1.000000       1 0.333333 0.916667       1       1       1 0.058824     0.017974
    820   h1       1 0.750000       1 0.173333 0.423077       1       1       1 0.026316     0.001447
    821   h1       1 0.000000       1 0.000000 0.000000       1       1       1 0.000000     0.000000
    822   h1       1 0.000000       1 0.000000 0.000000       1       1       1 0.000000     0.000000
    823   h1       1 0.000000       1 0.000000 0.000000       1       1       1 0.000000     0.000000
    860   h1       1 0.666667       1 0.880000 0.750000       1       1       1 0.823529     0.362353
    861   h1       1 0.727273       1 0.916667 0.750000       1       1       1 0.823529     0.411765
    862   h1       1 0.636364       1 0.476667 0.750000       1       1       1 0.368421     0.083816
    863   h1       1 0.363636       1 0.000000 0.461538       1       1       1 0.000000     0.000000
    864   h1       1 0.666667       1 1.000000 0.916667       1       1       1 0.823529     0.503268
    865   h1       1 0.727273       1 1.000000 0.916667       1       1       1 0.823529     0.549020
    866   h1       1 0.727273       1 1.000000 0.916667       1       1       1 0.823529     0.549020
    867   h1       1 0.727273       1 0.769231 0.564103       1       1       1 0.216718     0.068392
    868   h1       1 0.715909       1 0.750000 0.750000       1       1       1 0.823529     0.331634
    869   h1       1 0.727273       1 0.750000 0.750000       1       1       1 0.823529     0.336898
    870   h1       1 0.727273       1 0.660256 0.750000       1       1       1 0.823529     0.296586
    871   h1       1 0.367424       1 0.115385 0.394231       1       1       1 0.021672     0.000362
    872   h1       1 0.818182       1 0.916667 0.750000       1       1       1 0.823529     0.463235
    873   h1       1 0.818182       1 0.916667 0.750000       1       1       1 0.823529     0.463235
    874   h1       1 0.818182       1 0.916667 0.750000       1       1       1 0.823529     0.463235
    875   h1       1 0.681818       1 0.423077 0.182692       1       1       1 0.044892     0.002366
    876   h1       1 1.000000       1 1.000000 0.750000       1       1       1 0.823529     0.617647
    877   h1       1 1.000000       1 1.000000 0.750000       1       1       1 0.823529     0.617647
    878   h1       1 1.000000       1 1.000000 0.750000       1       1       1 0.823529     0.617647
    879   h1       1 0.833333       1 0.461538 0.198718       1       1       1 0.043344     0.003313
    880   h1       1 0.727273       1 0.750000 0.916667       1       1       1 0.823529     0.411765
    881   h1       1 0.727273       1 0.750000 0.916667       1       1       1 0.823529     0.411765
    882   h1       1 0.727273       1 0.750000 0.916667       1       1       1 0.773994     0.386997
    883   h1       1 0.587121       1 0.288462 0.271605       1       1       1 0.037152     0.001709
    884   h1       1 0.681818       1 0.750000 1.000000       1       1       1 0.823529     0.421123
    885   h1       1 0.727273       1 0.750000 1.000000       1       1       1 0.823529     0.449198
    886   h1       1 0.727273       1 0.733974 1.000000       1       1       1 0.823529     0.439600
    887   h1       1 0.606061       1 0.259615 1.000000       1       1       1 0.253870     0.039945
    888   h1       1 0.666667       1 1.000000 0.750000       1       1       1 0.823529     0.411765
    889   h1       1 0.727273       1 1.000000 0.750000       1       1       1 0.801858     0.437377
    890   h1       1 0.727273       1 1.000000 0.750000       1       1       1 0.602167     0.328455
    891   h1       1 0.727273       1 0.769231 0.461538       1       1       1 0.123839     0.031976
    892   h1       1 0.666667       1 0.750000 0.750000       1       1       1 0.837461     0.314048
    893   h1       1 0.727273       1 0.750000 0.750000       1       1       1 0.882353     0.360963
    894   h1       1 0.704545       1 0.390000 0.701923       1       1       1 0.394737     0.076133
    895   h1       1 0.636364       1 0.000000 0.410256       1       1       1 0.000000     0.000000
    916   h1       1 0.916667       1 0.750000 1.000000       1       1       1 0.823529     0.566176
    917   h1       1 1.000000       1 0.750000 1.000000       1       1       1 0.823529     0.617647
    918   h1       1 1.000000       1 0.750000 1.000000       1       1       1 0.823529     0.617647
    919   h1       1 1.000000       1 0.570000 1.000000       1       1       1 0.530960     0.302647
    920   h1       1 0.166667       1 0.000000 0.807692       1       1       1 0.054180     0.000000
    921   h1       1 0.666667       1 0.733333 0.750000       1       1       1 0.823529     0.301961
    922   h1       1 0.727273       1 0.750000 0.750000       1       1       1 0.823529     0.336898
    923   h1       1 0.727273       1 0.750000 0.750000       1       1       1 0.823529     0.336898
    924   h1       1 0.727273       1 0.576923 0.750000       1       1       1 0.823529     0.259153
    925   h1       1 0.121212       1 0.000000 0.605769       1       1       1 0.108359     0.000000
    926   h1       1 0.833333       1 0.721154 0.750000       1       1       1 0.823529     0.371182
    927   h1       1 0.909091       1 0.750000 0.750000       1       1       1 0.823529     0.421123
    928   h1       1 0.909091       1 0.750000 0.750000       1       1       1 0.823529     0.421123
    929   h1       1 0.909091       1 0.576923 0.750000       1       1       1 0.823529     0.323941
    930   h1       1 0.151515       1 0.000000 0.611111       1       1       1 0.108359     0.000000
    931   h1       1 0.833333       1 0.881410 0.750000       1       1       1 0.823529     0.453667
    932   h1       1 0.909091       1 0.916667 0.750000       1       1       1 0.825077     0.515673
    933   h1       1 0.909091       1 0.916667 0.750000       1       1       1 0.823529     0.514706
    934   h1       1 0.909091       1 0.705128 0.525641       1       1       1 0.235294     0.079282
    935   h1       1 0.151515       1 0.000000 0.134615       1       1       1 0.000000     0.000000