 ChipID Half  Layer0  Layer1  Layer2   Layer3   Layer4  Layer5   Layer6   Layer7  Layer8  Pseaudo_Eff
    344   h0       1       1       1 0.480000 0.641026       1 0.000000 0.062500       1     0.000000
    345   h0       1       1       1 0.500000 0.666667       1 0.000000 0.062500       1     0.000000
    346   h0       1       1       1 0.280000 0.307692       1 0.000000 0.044643       1     0.000000
    347   h0       1       1       1 0.720000 0.721154       1 0.800000 0.812500       1     0.337500
    348   h0       1       1       1 0.750000 0.750000       1 0.800000 0.812500       1     0.365625
    349   h0       1       1       1 0.420000 0.570513       1 0.635294 0.580357       1     0.088346
    350   h0       1       1       1 0.240000 0.801282       1 0.866667 0.125000       1     0.020833
    351   h0       1       1       1 0.250000 0.833333       1 0.866667 0.125000       1     0.022569
    352   h0       1       1       1 0.140000 0.352564       1 0.688235 0.089286       1     0.003033
    353   h0       1       1       1 0.000000 0.000000       1 0.000000 0.000000       1     0.000000
    354   h0       1       1       1 0.000000 0.000000       1 0.000000 0.000000       1     0.000000
    355   h0       1       1       1 0.000000 0.000000       1 0.000000 0.000000       1     0.000000
    392   h0       1       1       1 0.800000 0.721154       1 0.933333 0.812500       1     0.437500
    393   h0       1       1       1 0.833333 0.750000       1 0.933333 0.812500       1     0.473958
    394   h0       1       1       1 0.448718 0.750000       1 0.741176 0.580357       1     0.144761
    395   h0       1       1       1 0.000000 0.490385       1 0.000000 0.000000       1     0.000000
    396   h0       1       1       1 0.960000 0.801282       1 0.933333 0.812500       1     0.583333
    397   h0       1       1       1 1.000000 0.833333       1 0.933333 0.812500       1     0.631944
    398   h0       1       1       1 1.000000 0.833333       1 0.933333 0.687500       1     0.534722
    399   h0       1       1       1 0.769231 0.544872       1 0.658824 0.225000       1     0.062130
    400   h0       1       1       1 0.750000 0.750000       1 0.800000 0.812500       1     0.365625
    401   h0       1       1       1 0.750000 0.750000       1 0.800000 0.812500       1     0.365625
    402   h0       1       1       1 0.680000 0.750000       1 0.800000 0.792857       1     0.323486
    403   h0       1       1       1 0.115385 0.384615       1 0.333333 0.278571       1     0.004121
    404   h0       1       1       1 0.833333 0.750000       1 0.800000 0.875000       1     0.437500
    405   h0       1       1       1 0.833333 0.750000       1 0.800000 0.875000       1     0.437500
    406   h0       1       1       1 0.833333 0.750000       1 0.800000 0.875000       1     0.437500
    407   h0       1       1       1 0.384615 0.221154       1 0.405882 0.350000       1     0.012083
    408   h0       1       1       1 1.000000 0.750000       1 0.800000 0.875000       1     0.525000
    409   h0       1       1       1 1.000000 0.750000       1 0.800000 0.875000       1     0.525000
    410   h0       1       1       1 1.000000 0.750000       1 0.800000 0.875000       1     0.525000
    411   h0       1       1       1 0.461538 0.224359       1 0.423529 0.350000       1     0.015350
    412   h0       1       1       1 0.750000 0.833333       1 0.800000 0.812500       1     0.406250
    413   h0       1       1       1 0.750000 0.833333       1 0.800000 0.812500       1     0.406250
    414   h0       1       1       1 0.750000 0.833333       1 0.800000 0.812500       1     0.406250
    415   h0       1       1       1 0.317308 0.288462       1 0.358824 0.325000       1     0.010674
    416   h0       1       1       1 0.750000 1.000000       1 0.800000 0.812500       1     0.487500
    417   h0       1       1       1 0.750000 1.000000       1 0.800000 0.812500       1     0.487500
    418   h0       1       1       1 0.730769 1.000000       1 0.758824 0.787500       1     0.436688
    419   h0       1       1       1 0.201923 1.000000       1 0.205882 0.235714       1     0.009799
    420   h0       1       1       1 0.960000 0.721154       1 0.800000 0.812500       1     0.450000
    421   h0       1       1       1 1.000000 0.750000       1 0.800000 0.812500       1     0.487500
    422   h0       1       1       1 1.000000 0.750000       1 0.662745 0.687500       1     0.341728
    423   h0       1       1       1 0.800000 0.490385       1 0.094118 0.225000       1     0.008308
    424   h0       1       1       1 0.720000 0.721154       1 0.800000 0.812500       1     0.337500
    425   h0       1       1       1 0.750000 0.750000       1 0.800000 0.812500       1     0.365625
    426   h0       1       1       1 0.420000 0.653846       1 0.635294 0.580357       1     0.101250
    427   h0       1       1       1 0.000000 0.381410       1 0.000000 0.000000       1     0.000000
    448   h0       1       1       1 0.720000 0.961538       1 0.866667 0.812500       1     0.487500
    449   h0       1       1       1 0.750000 1.000000       1 0.866667 0.812500       1     0.528125
    450   h0       1       1       1 0.750000 1.000000       1 0.866667 0.812500       1     0.528125
    451   h0       1       1       1 0.576923 1.000000       1 0.611765 0.487500       1     0.172059
    452   h0       1       1       1 0.000000 0.846154       1 0.000000 0.000000       1     0.000000
    453   h0       1       1       1 0.720000 0.801282       1 0.800000 0.812500       1     0.375000
    454   h0       1       1       1 0.750000 0.833333       1 0.800000 0.812500       1     0.406250
    455   h0       1       1       1 0.750000 0.833333       1 0.800000 0.812500       1     0.406250
    456   h0       1       1       1 0.600000 0.833333       1 0.564706 0.487500       1     0.137647
    457   h0       1       1       1 0.000000 0.705128       1 0.000000 0.000000       1     0.000000
    458   h0       1       1       1 0.720000 0.801282       1 0.800000 0.812500       1     0.375000
    459   h0       1       1       1 0.750000 0.833333       1 0.800000 0.812500       1     0.406250
    460   h0       1       1       1 0.750000 0.833333       1 0.800000 0.812500       1     0.406250
    461   h0       1       1       1 0.600000 0.833333       1 0.564706 0.487500       1     0.137647
    462   h0       1       1       1 0.000000 0.705128       1 0.000000 0.000000       1     0.000000
    463   h0       1       1       1 0.800000 0.721154       1 0.800000 0.812500       1     0.375000
    464   h0       1       1       1 0.833333 0.750000       1 0.800000 0.812500       1     0.406250
    465   h0       1       1       1 0.833333 0.750000       1 0.800000 0.812500       1     0.406250
    466   h0       1       1       1 0.666667 0.548077       1 0.564706 0.487500       1     0.100588
    467   h0       1       1       1 0.000000 0.141026       1 0.000000 0.000000       1     0.000000
    812   h1       1       1       1 0.400000 0.583333       1 0.000000 0.062500       1     0.000000
    813   h1       1       1       1 0.416667 0.583333       1 0.000000 0.062500       1     0.000000
    814   h1       1       1       1 0.216667 0.269231       1 0.000000 0.042857       1     0.000000
    815   h1       1       1       1 0.720000 0.750000       1 0.733333 0.812500       1     0.321750
    816   h1       1       1       1 0.750000 0.750000       1 0.733333 0.812500       1     0.335156
    817   h1       1       1       1 0.420000 0.525641       1 0.635294 0.580357       1     0.081397
    818   h1       1       1       1 0.333333 0.916667       1 0.800000 0.187500       1     0.045833
    819   h1       1       1       1 0.333333 0.916667       1 0.800000 0.187500       1     0.045833
    820   h1       1       1       1 0.173333 0.423077       1 0.611765 0.133929       1     0.006008
    821   h1       1       1       1 0.000000 0.000000       1 0.000000 0.000000       1     0.000000
    822   h1       1       1       1 0.000000 0.000000       1 0.000000 0.000000       1     0.000000
    823   h1       1       1       1 0.000000 0.000000       1 0.000000 0.000000       1     0.000000
    860   h1       1       1       1 0.880000 0.750000       1 0.866667 0.812500       1     0.464750
    861   h1       1       1       1 0.916667 0.750000       1 0.866667 0.812500       1     0.484115
    862   h1       1       1       1 0.476667 0.750000       1 0.662745 0.557143       1     0.132005
    863   h1       1       1       1 0.000000 0.461538       1 0.000000 0.000000       1     0.000000
    864   h1       1       1       1 1.000000 0.916667       1 0.933333 0.812500       1     0.695139
    865   h1       1       1       1 1.000000 0.916667       1 0.933333 0.812500       1     0.695139
    866   h1       1       1       1 1.000000 0.916667       1 0.933333 0.675000       1     0.577500
    867   h1       1       1       1 0.769231 0.564103       1 0.658824 0.235714       1     0.067386
    868   h1       1       1       1 0.750000 0.750000       1 0.800000 0.812500       1     0.365625
    869   h1       1       1       1 0.750000 0.750000       1 0.800000 0.812500       1     0.365625
    870   h1       1       1       1 0.660256 0.750000       1 0.800000 0.769643       1     0.304897
    871   h1       1       1       1 0.115385 0.394231       1 0.329412 0.255357       1     0.003826
    872   h1       1       1       1 0.916667 0.750000       1 0.800000 0.812500       1     0.446875
    873   h1       1       1       1 0.916667 0.750000       1 0.800000 0.812500       1     0.446875
    874   h1       1       1       1 0.916667 0.750000       1 0.800000 0.812500       1     0.446875
    875   h1       1       1       1 0.423077 0.182692       1 0.403922 0.325000       1     0.010147
    876   h1       1       1       1 1.000000 0.750000       1 0.800000 0.875000       1     0.525000
    877   h1       1       1       1 1.000000 0.750000       1 0.800000 0.875000       1     0.525000
    878   h1       1       1       1 1.000000 0.750000       1 0.800000 0.875000       1     0.525000
    879   h1       1       1       1 0.461538 0.198718       1 0.400000 0.350000       1     0.012840
    880   h1       1       1       1 0.750000 0.916667       1 0.800000 0.812500       1     0.446875
    881   h1       1       1       1 0.750000 0.916667       1 0.800000 0.812500       1     0.446875
    882   h1       1       1       1 0.750000 0.916667       1 0.800000 0.812500       1     0.446875
    883   h1       1       1       1 0.288462 0.271605       1 0.376471 0.325000       1     0.009586
    884   h1       1       1       1 0.750000 1.000000       1 0.800000 0.812500       1     0.487500
    885   h1       1       1       1 0.750000 1.000000       1 0.800000 0.812500       1     0.487500
    886   h1       1       1       1 0.733974 1.000000       1 0.752941 0.801786       1     0.443098
    887   h1       1       1       1 0.259615 1.000000       1 0.247059 0.255357       1     0.016379
    888   h1       1       1       1 1.000000 0.750000       1 0.800000 0.812500       1     0.487500
    889   h1       1       1       1 1.000000 0.750000       1 0.800000 0.812500       1     0.487500
    890   h1       1       1       1 1.000000 0.750000       1 0.658824 0.675000       1     0.333529
    891   h1       1       1       1 0.769231 0.461538       1 0.141176 0.235714       1     0.011814
    892   h1       1       1       1 0.750000 0.750000       1 0.800000 0.812500       1     0.365625
    893   h1       1       1       1 0.750000 0.750000       1 0.800000 0.812500       1     0.365625
    894   h1       1       1       1 0.390000 0.701923       1 0.611765 0.557143       1     0.093305
    895   h1       1       1       1 0.000000 0.410256       1 0.000000 0.000000       1     0.000000
    916   h1       1       1       1 0.750000 1.000000       1 0.933333 0.812500       1     0.568750
    917   h1       1       1       1 0.750000 1.000000       1 0.933333 0.812500       1     0.568750
    918   h1       1       1       1 0.750000 1.000000       1 0.933333 0.812500       1     0.568750
    919   h1       1       1       1 0.570000 1.000000       1 0.658824 0.510714       1     0.191788
    920   h1       1       1       1 0.000000 0.807692       1 0.000000 0.000000       1     0.000000
    921   h1       1       1       1 0.733333 0.750000       1 0.866667 0.812500       1     0.387292
    922   h1       1       1       1 0.750000 0.750000       1 0.866667 0.812500       1     0.396094
    923   h1       1       1       1 0.750000 0.750000       1 0.866667 0.812500       1     0.396094
    924   h1       1       1       1 0.576923 0.750000       1 0.637255 0.492857       1     0.135898
    925   h1       1       1       1 0.000000 0.605769       1 0.000000 0.000000       1     0.000000
    926   h1       1       1       1 0.721154 0.750000       1 0.800000 0.812500       1     0.351562
    927   h1       1       1       1 0.750000 0.750000       1 0.800000 0.812500       1     0.365625
    928   h1       1       1       1 0.750000 0.750000       1 0.800000 0.812500       1     0.365625
    929   h1       1       1       1 0.576923 0.750000       1 0.564706 0.505357       1     0.123481
    930   h1       1       1       1 0.000000 0.611111       1 0.000000 0.000000       1     0.000000
    931   h1       1       1       1 0.881410 0.750000       1 0.800000 0.812500       1     0.429688
    932   h1       1       1       1 0.916667 0.750000       1 0.800000 0.812500       1     0.446875
    933   h1       1       1       1 0.916667 0.750000       1 0.800000 0.812500       1     0.446875
    934   h1       1       1       1 0.705128 0.525641       1 0.564706 0.496429       1     0.103905
    935   h1       1       1       1 0.000000 0.134615       1 0.000000 0.000000       1     0.000000