 ChipID Half  Layer0  Layer1  Layer2   Layer3   Layer4   Layer5   Layer6  Layer7  Layer8  Pseaudo_Eff
    344   h0       1       1       1 0.480000 0.641026 0.000000 0.000000       1       1     0.000000
    345   h0       1       1       1 0.500000 0.666667 0.000000 0.000000       1       1     0.000000
    346   h0       1       1       1 0.280000 0.307692 0.000000 0.000000       1       1     0.000000
    347   h0       1       1       1 0.720000 0.721154 0.962963 0.800000       1       1     0.400000
    348   h0       1       1       1 0.750000 0.750000 1.000000 0.800000       1       1     0.450000
    349   h0       1       1       1 0.420000 0.570513 0.407407 0.635294       1       1     0.062018
    350   h0       1       1       1 0.240000 0.801282 0.888889 0.866667       1       1     0.148148
    351   h0       1       1       1 0.250000 0.833333 0.923077 0.866667       1       1     0.166667
    352   h0       1       1       1 0.140000 0.352564 0.376068 0.688235       1       1     0.012775
    353   h0       1       1       1 0.000000 0.000000 0.074074 0.000000       1       1     0.000000
    354   h0       1       1       1 0.000000 0.000000 0.076923 0.000000       1       1     0.000000
    355   h0       1       1       1 0.000000 0.000000 0.031339 0.000000       1       1     0.000000
    392   h0       1       1       1 0.800000 0.721154 0.814815 0.933333       1       1     0.438746
    393   h0       1       1       1 0.833333 0.750000 0.846154 0.933333       1       1     0.493590
    394   h0       1       1       1 0.448718 0.750000 0.846154 0.741176       1       1     0.211060
    395   h0       1       1       1 0.000000 0.490385 0.501425 0.000000       1       1     0.000000
    396   h0       1       1       1 0.960000 0.801282 0.740741 0.933333       1       1     0.531814
    397   h0       1       1       1 1.000000 0.833333 0.769231 0.933333       1       1     0.598291
    398   h0       1       1       1 1.000000 0.833333 0.769231 0.933333       1       1     0.598291
    399   h0       1       1       1 0.769231 0.544872 0.455840 0.658824       1       1     0.125873
    400   h0       1       1       1 0.750000 0.750000 0.769231 0.800000       1       1     0.346154
    401   h0       1       1       1 0.750000 0.750000 0.769231 0.800000       1       1     0.346154
    402   h0       1       1       1 0.680000 0.750000 0.769231 0.800000       1       1     0.313846
    403   h0       1       1       1 0.115385 0.384615 0.598291 0.333333       1       1     0.008850
    404   h0       1       1       1 0.833333 0.750000 0.846154 0.800000       1       1     0.423077
    405   h0       1       1       1 0.833333 0.750000 0.846154 0.800000       1       1     0.423077
    406   h0       1       1       1 0.833333 0.750000 0.846154 0.800000       1       1     0.423077
    407   h0       1       1       1 0.384615 0.221154 0.188034 0.405882       1       1     0.006492
    408   h0       1       1       1 1.000000 0.750000 1.000000 0.800000       1       1     0.600000
    409   h0       1       1       1 1.000000 0.750000 1.000000 0.800000       1       1     0.600000
    410   h0       1       1       1 1.000000 0.750000 1.000000 0.800000       1       1     0.600000
    411   h0       1       1       1 0.461538 0.224359 0.222222 0.423529       1       1     0.009746
    412   h0       1       1       1 0.750000 0.833333 0.769231 0.800000       1       1     0.384615
    413   h0       1       1       1 0.750000 0.833333 0.769231 0.800000       1       1     0.384615
    414   h0       1       1       1 0.750000 0.833333 0.769231 0.800000       1       1     0.384615
    415   h0       1       1       1 0.317308 0.288462 0.142450 0.358824       1       1     0.004679
    416   h0       1       1       1 0.750000 1.000000 0.769231 0.800000       1       1     0.461538
    417   h0       1       1       1 0.750000 1.000000 0.769231 0.800000       1       1     0.461538
    418   h0       1       1       1 0.730769 1.000000 0.769231 0.758824       1       1     0.426558
    419   h0       1       1       1 0.201923 1.000000 0.643875 0.205882       1       1     0.026767
    420   h0       1       1       1 0.960000 0.721154 0.712251 0.800000       1       1     0.394477
    421   h0       1       1       1 1.000000 0.750000 0.769231 0.800000       1       1     0.461538
    422   h0       1       1       1 1.000000 0.750000 0.769231 0.662745       1       1     0.382353
    423   h0       1       1       1 0.800000 0.490385 0.455840 0.094118       1       1     0.016831
    424   h0       1       1       1 0.720000 0.721154 0.925926 0.800000       1       1     0.384615
    425   h0       1       1       1 0.750000 0.750000 1.000000 0.800000       1       1     0.450000
    426   h0       1       1       1 0.420000 0.653846 1.000000 0.635294       1       1     0.174462
    427   h0       1       1       1 0.000000 0.381410 0.592593 0.000000       1       1     0.000000
    448   h0       1       1       1 0.720000 0.961538 0.740741 0.866667       1       1     0.444444
    449   h0       1       1       1 0.750000 1.000000 0.769231 0.866667       1       1     0.500000
    450   h0       1       1       1 0.750000 1.000000 0.769231 0.866667       1       1     0.500000
    451   h0       1       1       1 0.576923 1.000000 0.643875 0.611765       1       1     0.227250
    452   h0       1       1       1 0.000000 0.846154 0.341880 0.000000       1       1     0.000000
    453   h0       1       1       1 0.720000 0.801282 0.740741 0.800000       1       1     0.341880
    454   h0       1       1       1 0.750000 0.833333 0.769231 0.800000       1       1     0.384615
    455   h0       1       1       1 0.750000 0.833333 0.769231 0.800000       1       1     0.384615
    456   h0       1       1       1 0.600000 0.833333 0.769231 0.564706       1       1     0.217195
    457   h0       1       1       1 0.000000 0.705128 0.569801 0.000000       1       1     0.000000
    458   h0       1       1       1 0.720000 0.801282 0.769231 0.800000       1       1     0.355030
    459   h0       1       1       1 0.750000 0.833333 0.769231 0.800000       1       1     0.384615
    460   h0       1       1       1 0.750000 0.833333 0.769231 0.800000       1       1     0.384615
    461   h0       1       1       1 0.600000 0.833333 0.769231 0.564706       1       1     0.217195
    462   h0       1       1       1 0.000000 0.705128 0.569801 0.000000       1       1     0.000000
    463   h0       1       1       1 0.800000 0.721154 0.732194 0.800000       1       1     0.337936
    464   h0       1       1       1 0.833333 0.750000 0.769231 0.800000       1       1     0.384615
    465   h0       1       1       1 0.833333 0.750000 0.769231 0.800000       1       1     0.384615
    466   h0       1       1       1 0.666667 0.548077 0.675214 0.564706       1       1     0.139320
    467   h0       1       1       1 0.000000 0.141026 0.398860 0.000000       1       1     0.000000
    812   h1       1       1       1 0.400000 0.583333 0.000000 0.000000       1       1     0.000000
    813   h1       1       1       1 0.416667 0.583333 0.059829 0.000000       1       1     0.000000
    814   h1       1       1       1 0.216667 0.269231 0.031339 0.000000       1       1     0.000000
    815   h1       1       1       1 0.720000 0.750000 1.000000 0.733333       1       1     0.396000
    816   h1       1       1       1 0.750000 0.750000 0.940171 0.733333       1       1     0.387821
    817   h1       1       1       1 0.420000 0.525641 0.376068 0.635294       1       1     0.052745
    818   h1       1       1       1 0.333333 0.916667 1.000000 0.800000       1       1     0.244444
    819   h1       1       1       1 0.333333 0.916667 0.940171 0.800000       1       1     0.229820
    820   h1       1       1       1 0.173333 0.423077 0.376068 0.611765       1       1     0.016871
    821   h1       1       1       1 0.000000 0.000000 0.000000 0.000000       1       1     0.000000
    822   h1       1       1       1 0.000000 0.000000 0.059829 0.000000       1       1     0.000000
    823   h1       1       1       1 0.000000 0.000000 0.031339 0.000000       1       1     0.000000
    860   h1       1       1       1 0.880000 0.750000 0.923077 0.866667       1       1     0.528000
    861   h1       1       1       1 0.916667 0.750000 0.923077 0.866667       1       1     0.550000
    862   h1       1       1       1 0.476667 0.750000 0.923077 0.662745       1       1     0.218706
    863   h1       1       1       1 0.000000 0.461538 0.512821 0.000000       1       1     0.000000
    864   h1       1       1       1 1.000000 0.916667 0.769231 0.933333       1       1     0.658120
    865   h1       1       1       1 1.000000 0.916667 0.769231 0.933333       1       1     0.658120
    866   h1       1       1       1 1.000000 0.916667 0.769231 0.933333       1       1     0.658120
    867   h1       1       1       1 0.769231 0.564103 0.427350 0.658824       1       1     0.122171
    868   h1       1       1       1 0.750000 0.750000 0.769231 0.800000       1       1     0.346154
    869   h1       1       1       1 0.750000 0.750000 0.769231 0.800000       1       1     0.346154
    870   h1       1       1       1 0.660256 0.750000 0.769231 0.800000       1       1     0.304734
    871   h1       1       1       1 0.115385 0.394231 0.569801 0.329412       1       1     0.008538
    872   h1       1       1       1 0.916667 0.750000 0.846154 0.800000       1       1     0.465385
    873   h1       1       1       1 0.916667 0.750000 0.846154 0.800000       1       1     0.465385
    874   h1       1       1       1 0.916667 0.750000 0.846154 0.800000       1       1     0.465385
    875   h1       1       1       1 0.423077 0.182692 0.156695 0.403922       1       1     0.004892
    876   h1       1       1       1 1.000000 0.750000 1.000000 0.800000       1       1     0.600000
    877   h1       1       1       1 1.000000 0.750000 1.000000 0.800000       1       1     0.600000
    878   h1       1       1       1 1.000000 0.750000 1.000000 0.800000       1       1     0.600000
    879   h1       1       1       1 0.461538 0.198718 0.222222 0.400000       1       1     0.008153
    880   h1       1       1       1 0.750000 0.916667 0.846154 0.800000       1       1     0.465385
    881   h1       1       1       1 0.750000 0.916667 0.846154 0.800000       1       1     0.465385
    882   h1       1       1       1 0.750000 0.916667 0.846154 0.800000       1       1     0.465385
    883   h1       1       1       1 0.288462 0.271605 0.125356 0.376471       1       1     0.003697
    884   h1       1       1       1 0.750000 1.000000 0.769231 0.800000       1       1     0.461538
    885   h1       1       1       1 0.750000 1.000000 0.769231 0.800000       1       1     0.461538
    886   h1       1       1       1 0.733974 1.000000 0.769231 0.752941       1       1     0.425107
    887   h1       1       1       1 0.259615 1.000000 0.678063 0.247059       1       1     0.043491
    888   h1       1       1       1 1.000000 0.750000 0.846154 0.800000       1       1     0.507692
    889   h1       1       1       1 1.000000 0.750000 0.786325 0.800000       1       1     0.471795
    890   h1       1       1       1 1.000000 0.750000 0.817664 0.658824       1       1     0.404022
    891   h1       1       1       1 0.769231 0.461538 0.470085 0.141176       1       1     0.023562
    892   h1       1       1       1 0.750000 0.750000 0.923077 0.800000       1       1     0.415385
    893   h1       1       1       1 0.750000 0.750000 0.923077 0.800000       1       1     0.415385
    894   h1       1       1       1 0.390000 0.701923 0.923077 0.611765       1       1     0.154588
    895   h1       1       1       1 0.000000 0.410256 0.512821 0.000000       1       1     0.000000
    916   h1       1       1       1 0.750000 1.000000 0.769231 0.933333       1       1     0.538462
    917   h1       1       1       1 0.750000 1.000000 0.769231 0.933333       1       1     0.538462
    918   h1       1       1       1 0.750000 1.000000 0.769231 0.933333       1       1     0.538462
    919   h1       1       1       1 0.570000 1.000000 0.666667 0.658824       1       1     0.250353
    920   h1       1       1       1 0.000000 0.807692 0.398860 0.000000       1       1     0.000000
    921   h1       1       1       1 0.733333 0.750000 0.769231 0.866667       1       1     0.366667
    922   h1       1       1       1 0.750000 0.750000 0.769231 0.866667       1       1     0.375000
    923   h1       1       1       1 0.750000 0.750000 0.769231 0.866667       1       1     0.375000
    924   h1       1       1       1 0.576923 0.750000 0.769231 0.637255       1       1     0.212104
    925   h1       1       1       1 0.000000 0.605769 0.569801 0.000000       1       1     0.000000
    926   h1       1       1       1 0.721154 0.750000 0.769231 0.800000       1       1     0.332840
    927   h1       1       1       1 0.750000 0.750000 0.769231 0.800000       1       1     0.346154
    928   h1       1       1       1 0.750000 0.750000 0.769231 0.800000       1       1     0.346154
    929   h1       1       1       1 0.576923 0.750000 0.769231 0.564706       1       1     0.187957
    930   h1       1       1       1 0.000000 0.611111 0.569801 0.000000       1       1     0.000000
    931   h1       1       1       1 0.881410 0.750000 0.692308 0.800000       1       1     0.366124
    932   h1       1       1       1 0.916667 0.750000 0.754986 0.800000       1       1     0.415242
    933   h1       1       1       1 0.916667 0.750000 0.723647 0.800000       1       1     0.398006
    934   h1       1       1       1 0.705128 0.525641 0.589744 0.564706       1       1     0.123436
    935   h1       1       1       1 0.000000 0.134615 0.341880 0.000000       1       1     0.000000