 ChipID Half   Layer0   Layer1   Layer2  Layer3  Layer4  Layer5   Layer6  Layer7  Layer8  Pseaudo_Eff
    344   h0 0.434783 0.871212 0.000000       1       1       1 0.000000       1       1     0.000000
    345   h0 0.454545 0.965909 0.000000       1       1       1 0.000000       1       1     0.000000
    346   h0 0.355731 0.708333 0.000000       1       1       1 0.000000       1       1     0.000000
    347   h0 0.695652 0.784091 0.960000       1       1       1 0.800000       1       1     0.418909
    348   h0 0.727273 0.818182 1.000000       1       1       1 0.800000       1       1     0.476033
    349   h0 0.569170 0.579545 0.640000       1       1       1 0.635294       1       1     0.134117
    350   h0 0.695652 0.958333 0.610909       1       1       1 0.866667       1       1     0.352970
    351   h0 0.727273 1.000000 0.636364       1       1       1 0.866667       1       1     0.401102
    352   h0 0.600791 0.708333 0.407273       1       1       1 0.688235       1       1     0.119284
    353   h0 0.956522 0.000000 0.436364       1       1       1 0.000000       1       1     0.000000
    354   h0 1.000000 0.000000 0.454545       1       1       1 0.000000       1       1     0.000000
    355   h0 0.826087 0.000000 0.290909       1       1       1 0.000000       1       1     0.000000
    392   h0 0.956522 0.696970 0.698182       1       1       1 0.933333       1       1     0.434424
    393   h0 1.000000 0.727273 0.727273       1       1       1 0.933333       1       1     0.493664
    394   h0 1.000000 0.647727 0.727273       1       1       1 0.741176       1       1     0.349149
    395   h0 1.000000 0.454545 0.669091       1       1       1 0.000000       1       1     0.000000
    396   h0 0.695652 0.696970 0.698182       1       1       1 0.933333       1       1     0.315945
    397   h0 0.727273 0.727273 0.727273       1       1       1 0.933333       1       1     0.359028
    398   h0 0.727273 0.727273 0.727273       1       1       1 0.933333       1       1     0.359028
    399   h0 0.727273 0.727273 0.669091       1       1       1 0.658824       1       1     0.233157
    400   h0 0.909091 0.727273 0.818182       1       1       1 0.800000       1       1     0.432757
    401   h0 0.909091 0.727273 0.818182       1       1       1 0.800000       1       1     0.432757
    402   h0 0.909091 0.727273 0.818182       1       1       1 0.800000       1       1     0.432757
    403   h0 0.909091 0.454545 0.654545       1       1       1 0.333333       1       1     0.090158
    404   h0 0.727273 0.818182 0.727273       1       1       1 0.800000       1       1     0.346206
    405   h0 0.727273 0.818182 0.727273       1       1       1 0.800000       1       1     0.346206
    406   h0 0.727273 0.818182 0.727273       1       1       1 0.800000       1       1     0.346206
    407   h0 0.703557 0.681818 0.461818       1       1       1 0.405882       1       1     0.089916
    408   h0 0.727273 1.000000 0.727273       1       1       1 0.800000       1       1     0.423140
    409   h0 0.727273 1.000000 0.727273       1       1       1 0.800000       1       1     0.423140
    410   h0 0.727273 1.000000 0.727273       1       1       1 0.800000       1       1     0.423140
    411   h0 0.723320 0.875000 0.490909       1       1       1 0.423529       1       1     0.131590
    412   h0 1.000000 0.727273 1.000000       1       1       1 0.800000       1       1     0.581818
    413   h0 1.000000 0.727273 1.000000       1       1       1 0.800000       1       1     0.581818
    414   h0 1.000000 0.727273 1.000000       1       1       1 0.800000       1       1     0.581818
    415   h0 1.000000 0.587121 0.680000       1       1       1 0.358824       1       1     0.143258
    416   h0 0.727273 0.689394 0.909091       1       1       1 0.800000       1       1     0.364638
    417   h0 0.727273 0.727273 0.909091       1       1       1 0.800000       1       1     0.384673
    418   h0 0.727273 0.727273 0.909091       1       1       1 0.758824       1       1     0.364874
    419   h0 0.316206 0.545455 0.181818       1       1       1 0.205882       1       1     0.006456
    420   h0 0.956522 0.696970 0.872727       1       1       1 0.800000       1       1     0.465455
    421   h0 1.000000 0.727273 0.909091       1       1       1 0.800000       1       1     0.528926
    422   h0 1.000000 0.727273 0.909091       1       1       1 0.662745       1       1     0.438179
    423   h0 1.000000 0.727273 0.836364       1       1       1 0.094118       1       1     0.057248
    424   h0 0.695652 0.696970 0.960000       1       1       1 0.800000       1       1     0.372364
    425   h0 0.727273 0.727273 1.000000       1       1       1 0.800000       1       1     0.423140
    426   h0 0.632411 0.674242 0.640000       1       1       1 0.635294       1       1     0.173369
    427   h0 0.181818 0.545455 0.000000       1       1       1 0.000000       1       1     0.000000
    448   h0 0.695652 0.958333 0.698182       1       1       1 0.866667       1       1     0.403394
    449   h0 0.727273 1.000000 0.727273       1       1       1 0.866667       1       1     0.458402
    450   h0 0.727273 1.000000 0.727273       1       1       1 0.866667       1       1     0.458402
    451   h0 0.727273 1.000000 0.669091       1       1       1 0.611765       1       1     0.297692
    452   h0 0.189723 0.166667 0.000000       1       1       1 0.000000       1       1     0.000000
    453   h0 0.869565 0.696970 0.960000       1       1       1 0.800000       1       1     0.465455
    454   h0 0.909091 0.727273 1.000000       1       1       1 0.800000       1       1     0.528926
    455   h0 0.909091 0.727273 1.000000       1       1       1 0.800000       1       1     0.528926
    456   h0 0.909091 0.727273 0.920000       1       1       1 0.564706       1       1     0.343491
    457   h0 0.237154 0.121212 0.000000       1       1       1 0.000000       1       1     0.000000
    458   h0 0.695652 0.784091 0.698182       1       1       1 0.800000       1       1     0.304661
    459   h0 0.727273 0.909091 0.727273       1       1       1 0.800000       1       1     0.384673
    460   h0 0.727273 0.909091 0.727273       1       1       1 0.800000       1       1     0.384673
    461   h0 0.727273 0.909091 0.669091       1       1       1 0.564706       1       1     0.249811
    462   h0 0.189723 0.151515 0.000000       1       1       1 0.000000       1       1     0.000000
    463   h0 0.782609 0.958333 0.698182       1       1       1 0.800000       1       1     0.418909
    464   h0 0.818182 1.000000 0.727273       1       1       1 0.800000       1       1     0.476033
    465   h0 0.818182 1.000000 0.727273       1       1       1 0.800000       1       1     0.476033
    466   h0 0.818182 1.000000 0.669091       1       1       1 0.564706       1       1     0.309141
    467   h0 0.213439 0.166667 0.000000       1       1       1 0.000000       1       1     0.000000
    812   h1 0.434783 0.916667 0.000000       1       1       1 0.000000       1       1     0.000000
    813   h1 0.363636 1.000000 0.000000       1       1       1 0.000000       1       1     0.000000
    814   h1 0.300395 0.750000 0.000000       1       1       1 0.000000       1       1     0.000000
    815   h1 0.695652 0.750000 0.960000       1       1       1 0.733333       1       1     0.367304
    816   h1 0.727273 0.818182 1.000000       1       1       1 0.733333       1       1     0.436364
    817   h1 0.600791 0.613636 0.600000       1       1       1 0.635294       1       1     0.140527
    818   h1 0.695652 0.916667 0.727273       1       1       1 0.800000       1       1     0.371014
    819   h1 0.727273 1.000000 0.727273       1       1       1 0.800000       1       1     0.423140
    820   h1 0.600791 0.750000 0.465455       1       1       1 0.611765       1       1     0.128306
    821   h1 0.956522 0.000000 0.436364       1       1       1 0.000000       1       1     0.000000
    822   h1 1.000000 0.000000 0.454545       1       1       1 0.000000       1       1     0.000000
    823   h1 0.826087 0.000000 0.290909       1       1       1 0.000000       1       1     0.000000
    860   h1 0.956522 0.666667 0.672727       1       1       1 0.866667       1       1     0.371787
    861   h1 1.000000 0.727273 0.727273       1       1       1 0.866667       1       1     0.458402
    862   h1 1.000000 0.636364 0.690909       1       1       1 0.662745       1       1     0.291389
    863   h1 1.000000 0.363636 0.585455       1       1       1 0.000000       1       1     0.000000
    864   h1 0.695652 0.666667 0.669091       1       1       1 0.933333       1       1     0.289616
    865   h1 0.727273 0.727273 0.727273       1       1       1 0.933333       1       1     0.359028
    866   h1 0.727273 0.727273 0.727273       1       1       1 0.933333       1       1     0.359028
    867   h1 0.727273 0.727273 0.669091       1       1       1 0.658824       1       1     0.233157
    868   h1 0.909091 0.715909 0.727273       1       1       1 0.800000       1       1     0.378663
    869   h1 0.909091 0.727273 0.727273       1       1       1 0.800000       1       1     0.384673
    870   h1 0.909091 0.727273 0.727273       1       1       1 0.800000       1       1     0.384673
    871   h1 0.909091 0.367424 0.581818       1       1       1 0.329412       1       1     0.064018
    872   h1 0.727273 0.818182 0.727273       1       1       1 0.800000       1       1     0.346206
    873   h1 0.727273 0.818182 0.727273       1       1       1 0.800000       1       1     0.346206
    874   h1 0.727273 0.818182 0.727273       1       1       1 0.800000       1       1     0.346206
    875   h1 0.660079 0.681818 0.450909       1       1       1 0.403922       1       1     0.081969
    876   h1 0.727273 1.000000 0.727273       1       1       1 0.800000       1       1     0.423140
    877   h1 0.727273 1.000000 0.727273       1       1       1 0.800000       1       1     0.423140
    878   h1 0.727273 1.000000 0.727273       1       1       1 0.800000       1       1     0.423140
    879   h1 0.695652 0.833333 0.465455       1       1       1 0.400000       1       1     0.107931
    880   h1 1.000000 0.727273 1.000000       1       1       1 0.800000       1       1     0.581818
    881   h1 1.000000 0.727273 1.000000       1       1       1 0.800000       1       1     0.581818
    882   h1 1.000000 0.727273 1.000000       1       1       1 0.800000       1       1     0.581818
    883   h1 0.956522 0.587121 0.680000       1       1       1 0.376471       1       1     0.143768
    884   h1 0.727273 0.681818 0.818182       1       1       1 0.800000       1       1     0.324568
    885   h1 0.727273 0.727273 0.818182       1       1       1 0.800000       1       1     0.346206
    886   h1 0.727273 0.727273 0.818182       1       1       1 0.752941       1       1     0.325841
    887   h1 0.284585 0.606061 0.130909       1       1       1 0.247059       1       1     0.005578
    888   h1 0.869565 0.666667 0.960000       1       1       1 0.800000       1       1     0.445217
    889   h1 0.909091 0.727273 1.000000       1       1       1 0.800000       1       1     0.528926
    890   h1 1.000000 0.727273 1.000000       1       1       1 0.658824       1       1     0.479144
    891   h1 1.000000 0.727273 0.920000       1       1       1 0.141176       1       1     0.094460
    892   h1 0.695652 0.666667 0.909091       1       1       1 0.800000       1       1     0.337286
    893   h1 0.727273 0.727273 0.909091       1       1       1 0.800000       1       1     0.384673
    894   h1 0.632411 0.704545 0.640000       1       1       1 0.611765       1       1     0.174451
    895   h1 0.181818 0.636364 0.000000       1       1       1 0.000000       1       1     0.000000
    916   h1 0.695652 0.916667 0.752727       1       1       1 0.933333       1       1     0.448000
    917   h1 0.727273 1.000000 0.818182       1       1       1 0.933333       1       1     0.555372
    918   h1 0.727273 1.000000 0.818182       1       1       1 0.933333       1       1     0.555372
    919   h1 0.727273 1.000000 0.752727       1       1       1 0.658824       1       1     0.360665
    920   h1 0.158103 0.166667 0.000000       1       1       1 0.000000       1       1     0.000000
    921   h1 0.869565 0.666667 0.960000       1       1       1 0.866667       1       1     0.482319
    922   h1 0.909091 0.727273 1.000000       1       1       1 0.866667       1       1     0.573003
    923   h1 0.909091 0.727273 1.000000       1       1       1 0.866667       1       1     0.573003
    924   h1 0.909091 0.727273 0.920000       1       1       1 0.637255       1       1     0.387620
    925   h1 0.197628 0.121212 0.000000       1       1       1 0.000000       1       1     0.000000
    926   h1 0.707510 0.833333 0.698182       1       1       1 0.800000       1       1     0.329314
    927   h1 0.727273 0.909091 0.727273       1       1       1 0.800000       1       1     0.384673
    928   h1 0.727273 0.909091 0.727273       1       1       1 0.800000       1       1     0.384673
    929   h1 0.727273 0.909091 0.669091       1       1       1 0.564706       1       1     0.249811
    930   h1 0.158103 0.151515 0.000000       1       1       1 0.000000       1       1     0.000000
    931   h1 0.909091 0.833333 0.698182       1       1       1 0.800000       1       1     0.423140
    932   h1 0.909091 0.909091 0.727273       1       1       1 0.800000       1       1     0.480841
    933   h1 0.909091 0.909091 0.727273       1       1       1 0.800000       1       1     0.480841
    934   h1 0.909091 0.909091 0.669091       1       1       1 0.564706       1       1     0.312264
    935   h1 0.197628 0.151515 0.000000       1       1       1 0.000000       1       1     0.000000