 ChipID Half  Layer0  Layer1   Layer2   Layer3  Layer4   Layer5  Layer6   Layer7  Layer8  Pseaudo_Eff
    332   h0       1       1 0.000000 0.000000       1 0.000000       1 0.000000       1     0.000000
    333   h0       1       1 0.000000 0.000000       1 0.000000       1 0.000000       1     0.000000
    334   h0       1       1 0.000000 0.000000       1 0.000000       1 0.000000       1     0.000000
    335   h0       1       1 0.480000 0.961538       1 0.519231       1 0.687500       1     0.164756
    336   h0       1       1 0.500000 1.000000       1 0.538462       1 0.687500       1     0.185096
    337   h0       1       1 0.250000 0.500000       1 0.192308       1 0.451786       1     0.010860
    338   h0       1       1 0.640000 0.400641       1 0.741758       1 0.312500       1     0.059436
    339   h0       1       1 0.666667 0.416667       1 0.769231       1 0.312500       1     0.066774
    340   h0       1       1 0.400000 0.208333       1 0.274725       1 0.205357       1     0.004701
    341   h0       1       1 0.640000 0.000000       1 0.148352       1 0.000000       1     0.000000
    342   h0       1       1 0.666667 0.000000       1 0.153846       1 0.000000       1     0.000000
    343   h0       1       1 0.400000 0.000000       1 0.082418       1 0.000000       1     0.000000
    356   h0       1       1 0.720000 0.801282       1 0.741758       1 0.812500       1     0.347699
    357   h0       1       1 0.750000 0.833333       1 0.769231       1 0.812500       1     0.390625
    358   h0       1       1 0.516667 0.416667       1 0.521978       1 0.533929       1     0.059998
    359   h0       1       1 0.146667 0.000000       1 0.192308       1 0.000000       1     0.000000
    360   h0       1       1 0.880000 0.721154       1 0.741758       1 0.875000       1     0.411890
    361   h0       1       1 0.916667 0.750000       1 0.769231       1 0.875000       1     0.462740
    362   h0       1       1 0.916667 0.666667       1 0.769231       1 0.575000       1     0.270299
    363   h0       1       1 0.806667 0.365385       1 0.384615       1 0.000000       1     0.000000
    364   h0       1       1 0.736667 1.000000       1 1.000000       1 0.812500       1     0.598542
    365   h0       1       1 0.750000 1.000000       1 1.000000       1 0.812500       1     0.609375
    366   h0       1       1 0.750000 0.884615       1 1.000000       1 0.683929       1     0.453760
    367   h0       1       1 0.330000 0.000000       1 0.821429       1 0.133929       1     0.000000
    368   h0       1       1 0.750000 0.916667       1 0.846154       1 0.812500       1     0.472656
    369   h0       1       1 0.750000 0.916667       1 0.846154       1 0.812500       1     0.472656
    370   h0       1       1 0.750000 0.916667       1 0.846154       1 0.812500       1     0.472656
    371   h0       1       1 0.400000 0.352564       1 0.120879       1 0.182143       1     0.003105
    372   h0       1       1 1.000000 0.750000       1 0.769231       1 0.812500       1     0.468750
    373   h0       1       1 1.000000 0.750000       1 0.769231       1 0.812500       1     0.468750
    374   h0       1       1 1.000000 0.750000       1 0.769231       1 0.812500       1     0.468750
    375   h0       1       1 0.560000 0.285256       1 0.104396       1 0.232143       1     0.003871
    376   h0       1       1 0.833333 0.750000       1 0.769231       1 0.812500       1     0.390625
    377   h0       1       1 0.833333 0.750000       1 0.769231       1 0.812500       1     0.390625
    378   h0       1       1 0.833333 0.750000       1 0.769231       1 0.812500       1     0.390625
    379   h0       1       1 0.466667 0.269231       1 0.060440       1 0.233929       1     0.001776
    380   h0       1       1 0.750000 0.750000       1 0.769231       1 0.875000       1     0.378606
    381   h0       1       1 0.750000 0.750000       1 0.769231       1 0.875000       1     0.378606
    382   h0       1       1 0.703333 0.711538       1 0.769231       1 0.875000       1     0.336840
    383   h0       1       1 0.133333 0.314103       1 0.351648       1 0.125000       1     0.001841
    384   h0       1       1 0.960000 0.801282       1 0.928571       1 0.812500       1     0.580357
    385   h0       1       1 1.000000 0.833333       1 1.000000       1 0.812500       1     0.677083
    386   h0       1       1 1.000000 0.833333       1 1.000000       1 0.726786       1     0.605655
    387   h0       1       1 0.880000 0.608974       1 0.500000       1 0.305357       1     0.081820
    388   h0       1       1 0.720000 0.721154       1 0.857143       1 0.812500       1     0.361607
    389   h0       1       1 0.750000 0.750000       1 0.923077       1 0.812500       1     0.421875
    390   h0       1       1 0.450000 0.458333       1 0.923077       1 0.533929       1     0.101652
    391   h0       1       1 0.000000 0.121795       1 0.461538       1 0.000000       1     0.000000
    428   h0       1       1 0.960000 0.721154       1 0.741758       1 0.812500       1     0.417239
    429   h0       1       1 1.000000 0.750000       1 0.769231       1 0.812500       1     0.468750
    430   h0       1       1 1.000000 0.750000       1 0.769231       1 0.812500       1     0.468750
    431   h0       1       1 0.880000 0.548077       1 0.384615       1 0.441071       1     0.081820
    432   h0       1       1 0.000000 0.000000       1 0.000000       1 0.000000       1     0.000000
    433   h0       1       1 0.720000 0.721154       1 0.890110       1 0.812500       1     0.375515
    434   h0       1       1 0.750000 0.750000       1 0.923077       1 0.812500       1     0.421875
    435   h0       1       1 0.750000 0.750000       1 0.923077       1 0.812500       1     0.421875
    436   h0       1       1 0.660000 0.548077       1 0.923077       1 0.441071       1     0.147276
    437   h0       1       1 0.000000 0.000000       1 0.593407       1 0.000000       1     0.000000
    438   h0       1       1 0.720000 0.801282       1 0.741758       1 0.875000       1     0.374445
    439   h0       1       1 0.750000 0.833333       1 0.769231       1 0.875000       1     0.420673
    440   h0       1       1 0.750000 0.833333       1 0.769231       1 0.875000       1     0.420673
    441   h0       1       1 0.660000 0.608974       1 0.769231       1 0.475000       1     0.146857
    442   h0       1       1 0.000000 0.000000       1 0.494505       1 0.000000       1     0.000000
    443   h0       1       1 0.720000 0.961538       1 0.815934       1 0.812500       1     0.458963
    444   h0       1       1 0.750000 1.000000       1 0.846154       1 0.812500       1     0.515625
    445   h0       1       1 0.750000 1.000000       1 0.846154       1 0.812500       1     0.515625
    446   h0       1       1 0.660000 0.730769       1 0.846154       1 0.441071       1     0.180004
    447   h0       1       1 0.000000 0.000000       1 0.543956       1 0.000000       1     0.000000
    800   h1       1       1 0.000000 0.000000       1 0.000000       1 0.000000       1     0.000000
    801   h1       1       1 0.000000 0.000000       1 0.000000       1 0.000000       1     0.000000
    802   h1       1       1 0.000000 0.000000       1 0.000000       1 0.000000       1     0.000000
    803   h1       1       1 0.416667 0.961538       1 0.519231       1 0.625000       1     0.130016
    804   h1       1       1 0.416667 1.000000       1 0.598901       1 0.625000       1     0.155964
    805   h1       1       1 0.233333 0.500000       1 0.219780       1 0.392857       1     0.010073
    806   h1       1       1 0.750000 0.500000       1 0.769231       1 0.375000       1     0.108173
    807   h1       1       1 0.750000 0.500000       1 0.706044       1 0.375000       1     0.099287
    808   h1       1       1 0.450000 0.250000       1 0.247253       1 0.235714       1     0.006557
    809   h1       1       1 0.583333 0.000000       1 0.148352       1 0.000000       1     0.000000
    810   h1       1       1 0.583333 0.000000       1 0.214286       1 0.000000       1     0.000000
    811   h1       1       1 0.350000 0.000000       1 0.082418       1 0.000000       1     0.000000
    824   h1       1       1 0.743333 0.721154       1 0.815934       1 0.812500       1     0.355378
    825   h1       1       1 0.750000 0.750000       1 0.785714       1 0.812500       1     0.359096
    826   h1       1       1 0.493333 0.375000       1 0.571429       1 0.510714       1     0.053990
    827   h1       1       1 0.140000 0.000000       1 0.230769       1 0.000000       1     0.000000
    828   h1       1       1 0.880000 0.740385       1 0.741758       1 0.875000       1     0.422874
    829   h1       1       1 0.916667 0.750000       1 0.769231       1 0.875000       1     0.462740
    830   h1       1       1 0.916667 0.625000       1 0.769231       1 0.550000       1     0.242388
    831   h1       1       1 0.770000 0.346154       1 0.384615       1 0.000000       1     0.000000
    832   h1       1       1 0.750000 1.000000       1 1.000000       1 0.812500       1     0.609375
    833   h1       1       1 0.750000 1.000000       1 1.000000       1 0.812500       1     0.609375
    834   h1       1       1 0.750000 0.884615       1 1.000000       1 0.651786       1     0.432435
    835   h1       1       1 0.300000 0.000000       1 0.821429       1 0.100000       1     0.000000
    836   h1       1       1 0.750000 0.916667       1 0.846154       1 0.812500       1     0.472656
    837   h1       1       1 0.750000 0.916667       1 0.846154       1 0.812500       1     0.472656
    838   h1       1       1 0.750000 0.916667       1 0.846154       1 0.812500       1     0.472656
    839   h1       1       1 0.360000 0.352564       1 0.120879       1 0.142857       1     0.002192
    840   h1       1       1 1.000000 0.750000       1 0.769231       1 0.812500       1     0.468750
    841   h1       1       1 1.000000 0.750000       1 0.769231       1 0.812500       1     0.468750
    842   h1       1       1 1.000000 0.750000       1 0.769231       1 0.812500       1     0.468750
    843   h1       1       1 0.560000 0.256410       1 0.107143       1 0.225000       1     0.003462
    844   h1       1       1 0.833333 0.750000       1 0.769231       1 0.812500       1     0.390625
    845   h1       1       1 0.833333 0.750000       1 0.769231       1 0.812500       1     0.390625
    846   h1       1       1 0.833333 0.750000       1 0.750000       1 0.812500       1     0.380859
    847   h1       1       1 0.433333 0.250000       1 0.052198       1 0.216071       1     0.001222
    848   h1       1       1 0.750000 0.750000       1 0.769231       1 0.812500       1     0.351562
    849   h1       1       1 0.750000 0.750000       1 0.769231       1 0.812500       1     0.351562
    850   h1       1       1 0.703333 0.730769       1 0.769231       1 0.812500       1     0.321234
    851   h1       1       1 0.126667 0.333333       1 0.384615       1 0.116071       1     0.001885
    852   h1       1       1 1.000000 0.750000       1 0.964286       1 0.812500       1     0.587612
    853   h1       1       1 1.000000 0.750000       1 0.936813       1 0.812500       1     0.570871
    854   h1       1       1 1.000000 0.750000       1 0.975275       1 0.742857       1     0.543367
    855   h1       1       1 0.840000 0.519231       1 0.500000       1 0.339286       1     0.073990
    856   h1       1       1 0.750000 0.750000       1 1.000000       1 0.812500       1     0.457031
    857   h1       1       1 0.750000 0.750000       1 1.000000       1 0.812500       1     0.457031
    858   h1       1       1 0.450000 0.500000       1 1.000000       1 0.510714       1     0.114911
    859   h1       1       1 0.000000 0.173077       1 0.500000       1 0.000000       1     0.000000
    896   h1       1       1 0.960000 0.750000       1 0.741758       1 0.812500       1     0.433929
    897   h1       1       1 1.000000 0.750000       1 0.769231       1 0.812500       1     0.468750
    898   h1       1       1 0.916667 0.750000       1 0.769231       1 0.812500       1     0.429688
    899   h1       1       1 0.770000 0.519231       1 0.423077       1 0.441071       1     0.074607
    900   h1       1       1 0.000000 0.000000       1 0.049451       1 0.000000       1     0.000000
    901   h1       1       1 0.746667 0.750000       1 0.815934       1 0.812500       1     0.371250
    902   h1       1       1 0.750000 0.750000       1 0.846154       1 0.812500       1     0.386719
    903   h1       1       1 0.750000 0.750000       1 0.846154       1 0.812500       1     0.386719
    904   h1       1       1 0.630000 0.519231       1 0.846154       1 0.437500       1     0.121096
    905   h1       1       1 0.000000 0.000000       1 0.543956       1 0.000000       1     0.000000
    906   h1       1       1 0.750000 0.916667       1 0.741758       1 0.875000       1     0.446214
    907   h1       1       1 0.750000 0.916667       1 0.769231       1 0.875000       1     0.462740
    908   h1       1       1 0.750000 0.916667       1 0.769231       1 0.875000       1     0.462740
    909   h1       1       1 0.630000 0.634615       1 0.769231       1 0.475000       1     0.146084
    910   h1       1       1 0.000000 0.000000       1 0.494505       1 0.000000       1     0.000000
    911   h1       1       1 0.750000 1.000000       1 0.741758       1 0.812500       1     0.452009
    912   h1       1       1 0.750000 1.000000       1 0.769231       1 0.812500       1     0.468750
    913   h1       1       1 0.833333 1.000000       1 0.769231       1 0.812500       1     0.520833
    914   h1       1       1 0.700000 0.692308       1 0.769231       1 0.419643       1     0.156435
    915   h1       1       1 0.000000 0.000000       1 0.494505       1 0.000000       1     0.000000