 ChipID Half   Layer0  Layer1  Layer2   Layer3  Layer4   Layer5   Layer6  Layer7  Layer8  Pseaudo_Eff
    229   h0 0.000000       1       1 0.000000       1 0.000000 0.000000       1       1     0.000000
    230   h0 0.000000       1       1 0.000000       1 0.000000 0.000000       1       1     0.000000
    231   h0 0.000000       1       1 0.000000       1 0.000000 0.000000       1       1     0.000000
    232   h0 0.400641       1       1 0.413793       1 0.000000 0.000000       1       1     0.000000
    233   h0 0.416667       1       1 0.428571       1 0.000000 0.000000       1       1     0.000000
    234   h0 0.192308       1       1 0.103448       1 0.000000 0.000000       1       1     0.000000
    235   h0 0.721154       1       1 0.758621       1 0.829493 0.777778       1       1     0.352956
    236   h0 0.750000       1       1 0.785714       1 0.857143 0.777778       1       1     0.392857
    237   h0 0.435897       1       1 0.189655       1 0.110599 0.339031       1       1     0.003100
    238   h0 0.721154       1       1 0.344828       1 0.829493 0.833333       1       1     0.171894
    239   h0 0.750000       1       1 0.307692       1 0.857143 0.833333       1       1     0.164835
    240   h0 0.375000       1       1 0.074271       1 0.110599 0.363248       1       1     0.001119
    241   h0 0.801282       1       1 0.000000       1 0.000000 0.000000       1       1     0.000000
    242   h0 0.833333       1       1 0.000000       1 0.000000 0.000000       1       1     0.000000
    243   h0 0.416667       1       1 0.000000       1 0.000000 0.000000       1       1     0.000000
    288   h0 0.801282       1       1 0.758621       1 0.829493 0.833333       1       1     0.420186
    289   h0 0.833333       1       1 0.785714       1 0.857143 0.833333       1       1     0.467687
    290   h0 0.833333       1       1 0.352217       1 0.857143 0.425926       1       1     0.107156
    291   h0 0.576923       1       1 0.071618       1 0.110599 0.025641       1       1     0.000117
    292   h0 0.961538       1       1 0.758621       1 0.898618 0.833333       1       1     0.546242
    293   h0 1.000000       1       1 0.785714       1 0.928571 0.833333       1       1     0.607993
    294   h0 1.000000       1       1 0.785714       1 0.928571 0.833333       1       1     0.607993
    295   h0 0.692308       1       1 0.238727       1 0.110599 0.192308       1       1     0.003515
    296   h0 0.801282       1       1 0.758621       1 0.898618 0.833333       1       1     0.455202
    297   h0 0.833333       1       1 0.785714       1 0.928571 0.833333       1       1     0.506661
    298   h0 0.833333       1       1 0.769231       1 0.928571 0.833333       1       1     0.496032
    299   h0 0.576923       1       1 0.243842       1 0.928571 0.192308       1       1     0.025121
    300   h0 0.724359       1       1 0.857143       1 0.928571 0.777778       1       1     0.448413
    301   h0 0.750000       1       1 0.857143       1 0.928571 0.777778       1       1     0.464286
    302   h0 0.743590       1       1 0.466844       1 0.928571 0.717949       1       1     0.231427
    303   h0 0.435897       1       1 0.000000       1 0.359447 0.000000       1       1     0.000000
    304   h0 0.750000       1       1 0.928571       1 1.000000 0.833333       1       1     0.580357
    305   h0 0.750000       1       1 0.928571       1 1.000000 0.833333       1       1     0.580357
    306   h0 0.750000       1       1 0.891247       1 0.741935 0.833333       1       1     0.413280
    307   h0 0.307692       1       1 0.000000       1 0.000000 0.022792       1       1     0.000000
    308   h0 0.750000       1       1 1.000000       1 1.000000 0.833333       1       1     0.625000
    309   h0 0.750000       1       1 1.000000       1 1.000000 0.833333       1       1     0.625000
    310   h0 0.750000       1       1 0.965517       1 0.741935 0.833333       1       1     0.447720
    311   h0 0.339744       1       1 0.034483       1 0.000000 0.042735       1       1     0.000000
    312   h0 0.833333       1       1 0.857143       1 1.000000 0.833333       1       1     0.595238
    313   h0 0.833333       1       1 0.923077       1 1.000000 0.833333       1       1     0.641026
    314   h0 0.833333       1       1 0.859416       1 0.709677 0.743590       1       1     0.377935
    315   h0 0.384615       1       1 0.000000       1 0.000000 0.028490       1       1     0.000000
    316   h0 1.000000       1       1 0.785714       1 0.928571 0.831909       1       1     0.606954
    317   h0 1.000000       1       1 0.785714       1 0.928571 0.833333       1       1     0.607993
    318   h0 1.000000       1       1 0.541872       1 0.928571 0.534188       1       1     0.268786
    319   h0 0.115385       1       1 0.000000       1 0.479263 0.014245       1       1     0.000000
    320   h0 0.801282       1       1 0.742706       1 0.898618 0.833333       1       1     0.445652
    321   h0 0.833333       1       1 0.785714       1 0.928571 0.833333       1       1     0.506661
    322   h0 0.833333       1       1 0.769231       1 0.928571 0.833333       1       1     0.496032
    323   h0 0.576923       1       1 0.238727       1 0.928571 0.192308       1       1     0.024594
    324   h0 0.721154       1       1 0.742706       1 0.868664 0.833333       1       1     0.387717
    325   h0 0.750000       1       1 0.785714       1 0.928571 0.833333       1       1     0.455995
    326   h0 0.750000       1       1 0.785714       1 0.928571 0.676638       1       1     0.370252
    327   h0 0.519231       1       1 0.238727       1 0.119816 0.128205       1       1     0.001904
    328   h0 0.721154       1       1 0.742706       1 0.801843 0.833333       1       1     0.357893
    329   h0 0.750000       1       1 0.785714       1 0.857143 0.833333       1       1     0.420918
    330   h0 0.583333       1       1 0.406404       1 0.857143 0.363248       1       1     0.073813
    331   h0 0.288462       1       1 0.071618       1 0.110599 0.000000       1       1     0.000000
    697   h1 0.000000       1       1 0.000000       1 0.000000 0.000000       1       1     0.000000
    698   h1 0.000000       1       1 0.000000       1 0.000000 0.000000       1       1     0.000000
    699   h1 0.000000       1       1 0.000000       1 0.000000 0.000000       1       1     0.000000
    700   h1 0.320513       1       1 0.344828       1 0.000000 0.000000       1       1     0.000000
    701   h1 0.333333       1       1 0.357143       1 0.000000 0.000000       1       1     0.000000
    702   h1 0.153846       1       1 0.073892       1 0.000000 0.000000       1       1     0.000000
    703   h1 0.721154       1       1 0.758621       1 0.928571 0.777778       1       1     0.395115
    704   h1 0.750000       1       1 0.785714       1 0.861751 0.777778       1       1     0.394969
    705   h1 0.391026       1       1 0.162562       1 0.082949 0.319088       1       1     0.001682
    706   h1 0.721154       1       1 0.357143       1 0.857143 0.833333       1       1     0.183968
    707   h1 0.750000       1       1 0.357143       1 0.790323 0.833333       1       1     0.176411
    708   h1 0.346154       1       1 0.079576       1 0.076037 0.341880       1       1     0.000716
    709   h1 0.881410       1       1 0.000000       1 0.000000 0.000000       1       1     0.000000
    710   h1 0.916667       1       1 0.000000       1 0.000000 0.000000       1       1     0.000000
    711   h1 0.423077       1       1 0.000000       1 0.000000 0.000000       1       1     0.000000
    756   h1 0.881410       1       1 0.766010       1 0.857143 0.833333       1       1     0.482264
    757   h1 0.916667       1       1 0.785714       1 0.857143 0.833333       1       1     0.514456
    758   h1 0.916667       1       1 0.332512       1 0.857143 0.407407       1       1     0.106439
    759   h1 0.599359       1       1 0.059113       1 0.110599 0.025641       1       1     0.000100
    760   h1 0.961538       1       1 0.785714       1 0.857143 0.833333       1       1     0.539639
    761   h1 1.000000       1       1 0.785714       1 0.857143 0.833333       1       1     0.561224
    762   h1 1.000000       1       1 0.785714       1 0.857143 0.833333       1       1     0.561224
    763   h1 0.653846       1       1 0.216749       1 0.110599 0.192308       1       1     0.003014
    764   h1 0.721154       1       1 0.785714       1 0.928571 0.833333       1       1     0.438457
    765   h1 0.750000       1       1 0.785714       1 0.928571 0.833333       1       1     0.455995
    766   h1 0.750000       1       1 0.785714       1 0.928571 0.833333       1       1     0.455995
    767   h1 0.490385       1       1 0.216749       1 0.928571 0.206553       1       1     0.020386
    768   h1 0.750000       1       1 0.857143       1 0.928571 0.833333       1       1     0.497449
    769   h1 0.750000       1       1 0.857143       1 0.928571 0.833333       1       1     0.497449
    770   h1 0.730769       1       1 0.443350       1 0.928571 0.764957       1       1     0.230133
    771   h1 0.358974       1       1 0.000000       1 0.329493 0.000000       1       1     0.000000
    772   h1 0.750000       1       1 0.928571       1 0.928571 0.833333       1       1     0.538903
    773   h1 0.750000       1       1 0.928571       1 0.928571 0.833333       1       1     0.538903
    774   h1 0.750000       1       1 0.931034       1 0.658986 0.833333       1       1     0.383462
    775   h1 0.298077       1       1 0.000000       1 0.000000 0.022792       1       1     0.000000
    776   h1 0.750000       1       1 0.928571       1 1.000000 0.833333       1       1     0.580357
    777   h1 0.750000       1       1 0.928571       1 1.000000 0.833333       1       1     0.580357
    778   h1 0.750000       1       1 0.891247       1 0.741935 0.833333       1       1     0.413280
    779   h1 0.314103       1       1 0.000000       1 0.000000 0.042735       1       1     0.000000
    780   h1 0.916667       1       1 0.857143       1 1.000000 0.833333       1       1     0.654762
    781   h1 0.916667       1       1 0.857143       1 1.000000 0.833333       1       1     0.654762
    782   h1 0.916667       1       1 0.758621       1 0.677419 0.743590       1       1     0.350289
    783   h1 0.423077       1       1 0.000000       1 0.000000 0.034188       1       1     0.000000
    784   h1 1.000000       1       1 0.785714       1 1.000000 0.830484       1       1     0.652523
    785   h1 1.000000       1       1 0.785714       1 1.000000 0.833333       1       1     0.654762
    786   h1 1.000000       1       1 0.530504       1 1.000000 0.555556       1       1     0.294724
    787   h1 0.076923       1       1 0.000000       1 0.516129 0.028490       1       1     0.000000
    788   h1 0.750000       1       1 0.785714       1 0.928571 0.777778       1       1     0.425595
    789   h1 0.750000       1       1 0.785714       1 0.928571 0.833333       1       1     0.455995
    790   h1 0.750000       1       1 0.785714       1 0.928571 0.833333       1       1     0.455995
    791   h1 0.490385       1       1 0.216749       1 0.928571 0.192308       1       1     0.018980
    792   h1 0.727564       1       1 0.785714       1 0.857143 0.833333       1       1     0.408327
    793   h1 0.750000       1       1 0.785714       1 0.923963 0.833333       1       1     0.453732
    794   h1 0.750000       1       1 0.785714       1 0.864055 0.669516       1       1     0.340901
    795   h1 0.490385       1       1 0.216749       1 0.110599 0.128205       1       1     0.001507
    796   h1 0.721154       1       1 0.785714       1 0.928571 0.833333       1       1     0.438457
    797   h1 0.750000       1       1 0.769231       1 0.928571 0.833333       1       1     0.446429
    798   h1 0.570513       1       1 0.389163       1 0.928571 0.341880       1       1     0.070483
    799   h1 0.272436       1       1 0.084881       1 0.119816 0.000000       1       1     0.000000