 ChipID Half   Layer0  Layer1  Layer2   Layer3   Layer4   Layer5  Layer6  Layer7  Layer8  Pseaudo_Eff
    332   h0 0.000000       1       1 0.000000 0.074074 0.000000       1       1       1     0.000000
    333   h0 0.000000       1       1 0.000000 0.076923 0.000000       1       1       1     0.000000
    334   h0 0.000000       1       1 0.000000 0.000000 0.000000       1       1       1     0.000000
    335   h0 0.958333       1       1 0.961538 0.888889 0.519231       1       1       1     0.425296
    336   h0 1.000000       1       1 1.000000 0.923077 0.538462       1       1       1     0.497041
    337   h0 0.708333       1       1 0.500000 0.376068 0.192308       1       1       1     0.025614
    338   h0 0.696970       1       1 0.400641 0.962963 0.741758       1       1       1     0.199453
    339   h0 0.727273       1       1 0.416667 1.000000 0.769231       1       1       1     0.233100
    340   h0 0.545455       1       1 0.208333 0.370370 0.274725       1       1       1     0.011563
    341   h0 0.958333       1       1 0.000000 0.000000 0.148352       1       1       1     0.000000
    342   h0 1.000000       1       1 0.000000 0.000000 0.153846       1       1       1     0.000000
    343   h0 0.750000       1       1 0.000000 0.000000 0.082418       1       1       1     0.000000
    356   h0 0.696970       1       1 0.801282 0.962963 0.741758       1       1       1     0.398907
    357   h0 0.727273       1       1 0.833333 0.923077 0.769231       1       1       1     0.430339
    358   h0 0.700758       1       1 0.416667 0.923077 0.521978       1       1       1     0.140685
    359   h0 0.636364       1       1 0.000000 0.547009 0.192308       1       1       1     0.000000
    360   h0 0.696970       1       1 0.721154 0.740741 0.741758       1       1       1     0.276166
    361   h0 0.727273       1       1 0.750000 0.769231 0.769231       1       1       1     0.322754
    362   h0 0.727273       1       1 0.666667 0.769231 0.769231       1       1       1     0.286893
    363   h0 0.727273       1       1 0.365385 0.455840 0.384615       1       1       1     0.046589
    364   h0 0.681818       1       1 1.000000 0.769231 1.000000       1       1       1     0.524476
    365   h0 0.727273       1       1 1.000000 0.769231 1.000000       1       1       1     0.559441
    366   h0 0.727273       1       1 0.884615 0.769231 1.000000       1       1       1     0.494890
    367   h0 0.606061       1       1 0.000000 0.643875 0.821429       1       1       1     0.000000
    368   h0 0.727273       1       1 0.916667 0.769231 0.846154       1       1       1     0.433925
    369   h0 0.727273       1       1 0.916667 0.769231 0.846154       1       1       1     0.433925
    370   h0 0.727273       1       1 0.916667 0.769231 0.846154       1       1       1     0.433925
    371   h0 0.587121       1       1 0.352564 0.113960 0.120879       1       1       1     0.002851
    372   h0 1.000000       1       1 0.750000 1.000000 0.769231       1       1       1     0.576923
    373   h0 1.000000       1       1 0.750000 1.000000 0.769231       1       1       1     0.576923
    374   h0 1.000000       1       1 0.750000 1.000000 0.769231       1       1       1     0.576923
    375   h0 0.875000       1       1 0.285256 0.222222 0.104396       1       1       1     0.005790
    376   h0 0.818182       1       1 0.750000 0.923077 0.769231       1       1       1     0.435718
    377   h0 0.818182       1       1 0.750000 0.923077 0.769231       1       1       1     0.435718
    378   h0 0.818182       1       1 0.750000 0.923077 0.769231       1       1       1     0.435718
    379   h0 0.681818       1       1 0.269231 0.170940 0.060440       1       1       1     0.001897
    380   h0 0.727273       1       1 0.750000 0.769231 0.769231       1       1       1     0.322754
    381   h0 0.727273       1       1 0.750000 0.769231 0.769231       1       1       1     0.322754
    382   h0 0.727273       1       1 0.711538 0.769231 0.769231       1       1       1     0.306203
    383   h0 0.386364       1       1 0.314103 0.598291 0.351648       1       1       1     0.025532
    384   h0 0.784091       1       1 0.801282 0.740741 0.928571       1       1       1     0.432149
    385   h0 0.818182       1       1 0.833333 0.769231 1.000000       1       1       1     0.524476
    386   h0 0.818182       1       1 0.833333 0.769231 1.000000       1       1       1     0.524476
    387   h0 0.818182       1       1 0.608974 0.455840 0.500000       1       1       1     0.113562
    388   h0 0.696970       1       1 0.721154 0.814815 0.857143       1       1       1     0.351038
    389   h0 0.727273       1       1 0.750000 0.846154 0.923077       1       1       1     0.426036
    390   h0 0.636364       1       1 0.458333 0.846154 0.923077       1       1       1     0.227811
    391   h0 0.363636       1       1 0.121795 0.501425 0.461538       1       1       1     0.010250
    428   h0 0.871212       1       1 0.721154 0.740741 0.741758       1       1       1     0.345208
    429   h0 0.909091       1       1 0.750000 0.769231 0.769231       1       1       1     0.403443
    430   h0 0.909091       1       1 0.750000 0.769231 0.769231       1       1       1     0.403443
    431   h0 0.909091       1       1 0.548077 0.675214 0.384615       1       1       1     0.129395
    432   h0 0.151515       1       1 0.000000 0.398860 0.000000       1       1       1     0.000000
    433   h0 0.871212       1       1 0.721154 0.740741 0.890110       1       1       1     0.414249
    434   h0 0.909091       1       1 0.750000 0.769231 0.923077       1       1       1     0.484131
    435   h0 0.909091       1       1 0.750000 0.769231 0.923077       1       1       1     0.484131
    436   h0 0.909091       1       1 0.548077 0.769231 0.923077       1       1       1     0.353788
    437   h0 0.151515       1       1 0.000000 0.569801 0.593407       1       1       1     0.000000
    438   h0 0.696970       1       1 0.801282 0.740741 0.741758       1       1       1     0.306851
    439   h0 0.727273       1       1 0.833333 0.769231 0.769231       1       1       1     0.358616
    440   h0 0.727273       1       1 0.833333 0.769231 0.769231       1       1       1     0.358616
    441   h0 0.727273       1       1 0.608974 0.769231 0.769231       1       1       1     0.262065
    442   h0 0.121212       1       1 0.000000 0.569801 0.494505       1       1       1     0.000000
    443   h0 0.958333       1       1 0.961538 0.740741 0.815934       1       1       1     0.556935
    444   h0 1.000000       1       1 1.000000 0.769231 0.846154       1       1       1     0.650888
    445   h0 1.000000       1       1 1.000000 0.769231 0.846154       1       1       1     0.650888
    446   h0 1.000000       1       1 0.730769 0.643875 0.846154       1       1       1     0.398136
    447   h0 0.166667       1       1 0.000000 0.341880 0.543956       1       1       1     0.000000
    800   h1 0.000000       1       1 0.000000 0.076923 0.000000       1       1       1     0.000000
    801   h1 0.000000       1       1 0.000000 0.076923 0.000000       1       1       1     0.000000
    802   h1 0.000000       1       1 0.000000 0.000000 0.000000       1       1       1     0.000000
    803   h1 0.916667       1       1 0.961538 0.923077 0.519231       1       1       1     0.422451
    804   h1 1.000000       1       1 1.000000 0.923077 0.598901       1       1       1     0.552832
    805   h1 0.750000       1       1 0.500000 0.376068 0.219780       1       1       1     0.030995
    806   h1 0.750000       1       1 0.500000 1.000000 0.769231       1       1       1     0.288462
    807   h1 0.818182       1       1 0.500000 1.000000 0.706044       1       1       1     0.288836
    808   h1 0.613636       1       1 0.250000 0.407407 0.247253       1       1       1     0.015453
    809   h1 0.916667       1       1 0.000000 0.000000 0.148352       1       1       1     0.000000
    810   h1 1.000000       1       1 0.000000 0.000000 0.214286       1       1       1     0.000000
    811   h1 0.750000       1       1 0.000000 0.000000 0.082418       1       1       1     0.000000
    824   h1 0.666667       1       1 0.721154 1.000000 0.815934       1       1       1     0.392276
    825   h1 0.727273       1       1 0.750000 0.923077 0.785714       1       1       1     0.395604
    826   h1 0.681818       1       1 0.375000 0.923077 0.571429       1       1       1     0.134865
    827   h1 0.545455       1       1 0.000000 0.512821 0.230769       1       1       1     0.000000
    828   h1 0.666667       1       1 0.740385 0.769231 0.741758       1       1       1     0.281634
    829   h1 0.727273       1       1 0.750000 0.769231 0.769231       1       1       1     0.322754
    830   h1 0.727273       1       1 0.625000 0.769231 0.769231       1       1       1     0.268962
    831   h1 0.727273       1       1 0.346154 0.427350 0.384615       1       1       1     0.041379
    832   h1 0.689394       1       1 1.000000 0.769231 1.000000       1       1       1     0.530303
    833   h1 0.727273       1       1 1.000000 0.769231 1.000000       1       1       1     0.559441
    834   h1 0.727273       1       1 0.884615 0.769231 1.000000       1       1       1     0.494890
    835   h1 0.545455       1       1 0.000000 0.615385 0.821429       1       1       1     0.000000
    836   h1 0.727273       1       1 0.916667 0.769231 0.846154       1       1       1     0.433925
    837   h1 0.727273       1       1 0.916667 0.769231 0.846154       1       1       1     0.433925
    838   h1 0.727273       1       1 0.916667 0.769231 0.846154       1       1       1     0.433925
    839   h1 0.587121       1       1 0.352564 0.113960 0.120879       1       1       1     0.002851
    840   h1 1.000000       1       1 0.750000 1.000000 0.769231       1       1       1     0.576923
    841   h1 1.000000       1       1 0.750000 1.000000 0.769231       1       1       1     0.576923
    842   h1 1.000000       1       1 0.750000 1.000000 0.769231       1       1       1     0.576923
    843   h1 0.833333       1       1 0.256410 0.185185 0.107143       1       1       1     0.004240
    844   h1 0.818182       1       1 0.750000 0.923077 0.769231       1       1       1     0.435718
    845   h1 0.818182       1       1 0.750000 0.923077 0.769231       1       1       1     0.435718
    846   h1 0.818182       1       1 0.750000 0.923077 0.750000       1       1       1     0.424825
    847   h1 0.681818       1       1 0.250000 0.170940 0.052198       1       1       1     0.001521
    848   h1 0.712121       1       1 0.750000 0.769231 0.769231       1       1       1     0.316030
    849   h1 0.727273       1       1 0.750000 0.769231 0.769231       1       1       1     0.322754
    850   h1 0.727273       1       1 0.730769 0.769231 0.769231       1       1       1     0.314478
    851   h1 0.439394       1       1 0.333333 0.569801 0.384615       1       1       1     0.032098
    852   h1 0.666667       1       1 0.750000 0.769231 0.964286       1       1       1     0.370879
    853   h1 0.727273       1       1 0.750000 0.769231 0.936813       1       1       1     0.393068
    854   h1 0.727273       1       1 0.750000 0.769231 0.975275       1       1       1     0.409206
    855   h1 0.727273       1       1 0.519231 0.427350 0.500000       1       1       1     0.080689
    856   h1 0.666667       1       1 0.750000 0.846154 1.000000       1       1       1     0.423077
    857   h1 0.727273       1       1 0.750000 0.846154 1.000000       1       1       1     0.461538
    858   h1 0.636364       1       1 0.500000 0.846154 1.000000       1       1       1     0.269231
    859   h1 0.363636       1       1 0.173077 0.470085 0.500000       1       1       1     0.014793
    896   h1 0.916667       1       1 0.750000 0.769231 0.741758       1       1       1     0.392276
    897   h1 1.000000       1       1 0.750000 0.769231 0.769231       1       1       1     0.443787
    898   h1 1.000000       1       1 0.750000 0.769231 0.769231       1       1       1     0.443787
    899   h1 1.000000       1       1 0.519231 0.666667 0.423077       1       1       1     0.146450
    900   h1 0.166667       1       1 0.000000 0.378917 0.049451       1       1       1     0.000000
    901   h1 0.833333       1       1 0.750000 0.769231 0.815934       1       1       1     0.392276
    902   h1 0.909091       1       1 0.750000 0.769231 0.846154       1       1       1     0.443787
    903   h1 0.909091       1       1 0.750000 0.769231 0.846154       1       1       1     0.443787
    904   h1 0.909091       1       1 0.519231 0.769231 0.846154       1       1       1     0.307237
    905   h1 0.151515       1       1 0.000000 0.541311 0.543956       1       1       1     0.000000
    906   h1 0.666667       1       1 0.916667 0.769231 0.741758       1       1       1     0.348690
    907   h1 0.727273       1       1 0.916667 0.769231 0.769231       1       1       1     0.394477
    908   h1 0.727273       1       1 0.916667 0.769231 0.769231       1       1       1     0.394477
    909   h1 0.727273       1       1 0.634615 0.769231 0.769231       1       1       1     0.273100
    910   h1 0.121212       1       1 0.000000 0.541311 0.494505       1       1       1     0.000000
    911   h1 0.958333       1       1 1.000000 0.769231 0.741758       1       1       1     0.546809
    912   h1 1.000000       1       1 1.000000 0.769231 0.769231       1       1       1     0.591716
    913   h1 1.000000       1       1 1.000000 0.769231 0.769231       1       1       1     0.591716
    914   h1 1.000000       1       1 0.692308 0.632479 0.769231       1       1       1     0.336823
    915   h1 0.166667       1       1 0.000000 0.324786 0.494505       1       1       1     0.000000