 ChipID Half   Layer0  Layer1  Layer2   Layer3  Layer4   Layer5  Layer6   Layer7  Layer8  Pseaudo_Eff
    332   h0 0.000000       1       1 0.000000       1 0.000000       1 0.000000       1     0.000000
    333   h0 0.000000       1       1 0.000000       1 0.000000       1 0.000000       1     0.000000
    334   h0 0.000000       1       1 0.000000       1 0.000000       1 0.000000       1     0.000000
    335   h0 0.958333       1       1 0.961538       1 0.519231       1 0.687500       1     0.328940
    336   h0 1.000000       1       1 1.000000       1 0.538462       1 0.687500       1     0.370192
    337   h0 0.708333       1       1 0.500000       1 0.192308       1 0.451786       1     0.030771
    338   h0 0.696970       1       1 0.400641       1 0.741758       1 0.312500       1     0.064726
    339   h0 0.727273       1       1 0.416667       1 0.769231       1 0.312500       1     0.072844
    340   h0 0.545455       1       1 0.208333       1 0.274725       1 0.205357       1     0.006411
    341   h0 0.958333       1       1 0.000000       1 0.148352       1 0.000000       1     0.000000
    342   h0 1.000000       1       1 0.000000       1 0.153846       1 0.000000       1     0.000000
    343   h0 0.750000       1       1 0.000000       1 0.082418       1 0.000000       1     0.000000
    356   h0 0.696970       1       1 0.801282       1 0.741758       1 0.812500       1     0.336577
    357   h0 0.727273       1       1 0.833333       1 0.769231       1 0.812500       1     0.378788
    358   h0 0.700758       1       1 0.416667       1 0.521978       1 0.533929       1     0.081375
    359   h0 0.636364       1       1 0.000000       1 0.192308       1 0.000000       1     0.000000
    360   h0 0.696970       1       1 0.721154       1 0.741758       1 0.875000       1     0.326221
    361   h0 0.727273       1       1 0.750000       1 0.769231       1 0.875000       1     0.367133
    362   h0 0.727273       1       1 0.666667       1 0.769231       1 0.575000       1     0.214452
    363   h0 0.727273       1       1 0.365385       1 0.384615       1 0.000000       1     0.000000
    364   h0 0.681818       1       1 1.000000       1 1.000000       1 0.812500       1     0.553977
    365   h0 0.727273       1       1 1.000000       1 1.000000       1 0.812500       1     0.590909
    366   h0 0.727273       1       1 0.884615       1 1.000000       1 0.683929       1     0.440010
    367   h0 0.606061       1       1 0.000000       1 0.821429       1 0.133929       1     0.000000
    368   h0 0.727273       1       1 0.916667       1 0.846154       1 0.812500       1     0.458333
    369   h0 0.727273       1       1 0.916667       1 0.846154       1 0.812500       1     0.458333
    370   h0 0.727273       1       1 0.916667       1 0.846154       1 0.812500       1     0.458333
    371   h0 0.587121       1       1 0.352564       1 0.120879       1 0.182143       1     0.004558
    372   h0 1.000000       1       1 0.750000       1 0.769231       1 0.812500       1     0.468750
    373   h0 1.000000       1       1 0.750000       1 0.769231       1 0.812500       1     0.468750
    374   h0 1.000000       1       1 0.750000       1 0.769231       1 0.812500       1     0.468750
    375   h0 0.875000       1       1 0.285256       1 0.104396       1 0.232143       1     0.006049
    376   h0 0.818182       1       1 0.750000       1 0.769231       1 0.812500       1     0.383523
    377   h0 0.818182       1       1 0.750000       1 0.769231       1 0.812500       1     0.383523
    378   h0 0.818182       1       1 0.750000       1 0.769231       1 0.812500       1     0.383523
    379   h0 0.681818       1       1 0.269231       1 0.060440       1 0.233929       1     0.002595
    380   h0 0.727273       1       1 0.750000       1 0.769231       1 0.875000       1     0.367133
    381   h0 0.727273       1       1 0.750000       1 0.769231       1 0.875000       1     0.367133
    382   h0 0.727273       1       1 0.711538       1 0.769231       1 0.875000       1     0.348306
    383   h0 0.386364       1       1 0.314103       1 0.351648       1 0.125000       1     0.005334
    384   h0 0.784091       1       1 0.801282       1 0.928571       1 0.812500       1     0.474013
    385   h0 0.818182       1       1 0.833333       1 1.000000       1 0.812500       1     0.553977
    386   h0 0.818182       1       1 0.833333       1 1.000000       1 0.726786       1     0.495536
    387   h0 0.818182       1       1 0.608974       1 0.500000       1 0.305357       1     0.076072
    388   h0 0.696970       1       1 0.721154       1 0.857143       1 0.812500       1     0.350041
    389   h0 0.727273       1       1 0.750000       1 0.923077       1 0.812500       1     0.409091
    390   h0 0.636364       1       1 0.458333       1 0.923077       1 0.533929       1     0.143750
    391   h0 0.363636       1       1 0.121795       1 0.461538       1 0.000000       1     0.000000
    428   h0 0.871212       1       1 0.721154       1 0.741758       1 0.812500       1     0.378650
    429   h0 0.909091       1       1 0.750000       1 0.769231       1 0.812500       1     0.426136
    430   h0 0.909091       1       1 0.750000       1 0.769231       1 0.812500       1     0.426136
    431   h0 0.909091       1       1 0.548077       1 0.384615       1 0.441071       1     0.084525
    432   h0 0.151515       1       1 0.000000       1 0.000000       1 0.000000       1     0.000000
    433   h0 0.871212       1       1 0.721154       1 0.890110       1 0.812500       1     0.454380
    434   h0 0.909091       1       1 0.750000       1 0.923077       1 0.812500       1     0.511364
    435   h0 0.909091       1       1 0.750000       1 0.923077       1 0.812500       1     0.511364
    436   h0 0.909091       1       1 0.548077       1 0.923077       1 0.441071       1     0.202860
    437   h0 0.151515       1       1 0.000000       1 0.593407       1 0.000000       1     0.000000
    438   h0 0.696970       1       1 0.801282       1 0.741758       1 0.875000       1     0.362468
    439   h0 0.727273       1       1 0.833333       1 0.769231       1 0.875000       1     0.407925
    440   h0 0.727273       1       1 0.833333       1 0.769231       1 0.875000       1     0.407925
    441   h0 0.727273       1       1 0.608974       1 0.769231       1 0.475000       1     0.161825
    442   h0 0.121212       1       1 0.000000       1 0.494505       1 0.000000       1     0.000000
    443   h0 0.958333       1       1 0.961538       1 0.815934       1 0.812500       1     0.610888
    444   h0 1.000000       1       1 1.000000       1 0.846154       1 0.812500       1     0.687500
    445   h0 1.000000       1       1 1.000000       1 0.846154       1 0.812500       1     0.687500
    446   h0 1.000000       1       1 0.730769       1 0.846154       1 0.441071       1     0.272734
    447   h0 0.166667       1       1 0.000000       1 0.543956       1 0.000000       1     0.000000
    800   h1 0.000000       1       1 0.000000       1 0.000000       1 0.000000       1     0.000000
    801   h1 0.000000       1       1 0.000000       1 0.000000       1 0.000000       1     0.000000
    802   h1 0.000000       1       1 0.000000       1 0.000000       1 0.000000       1     0.000000
    803   h1 0.916667       1       1 0.961538       1 0.519231       1 0.625000       1     0.286035
    804   h1 1.000000       1       1 1.000000       1 0.598901       1 0.625000       1     0.374313
    805   h1 0.750000       1       1 0.500000       1 0.219780       1 0.392857       1     0.032378
    806   h1 0.750000       1       1 0.500000       1 0.769231       1 0.375000       1     0.108173
    807   h1 0.818182       1       1 0.500000       1 0.706044       1 0.375000       1     0.108314
    808   h1 0.613636       1       1 0.250000       1 0.247253       1 0.235714       1     0.008941
    809   h1 0.916667       1       1 0.000000       1 0.148352       1 0.000000       1     0.000000
    810   h1 1.000000       1       1 0.000000       1 0.214286       1 0.000000       1     0.000000
    811   h1 0.750000       1       1 0.000000       1 0.082418       1 0.000000       1     0.000000
    824   h1 0.666667       1       1 0.721154       1 0.815934       1 0.812500       1     0.318724
    825   h1 0.727273       1       1 0.750000       1 0.785714       1 0.812500       1     0.348214
    826   h1 0.681818       1       1 0.375000       1 0.571429       1 0.510714       1     0.074617
    827   h1 0.545455       1       1 0.000000       1 0.230769       1 0.000000       1     0.000000
    828   h1 0.666667       1       1 0.740385       1 0.741758       1 0.875000       1     0.320359
    829   h1 0.727273       1       1 0.750000       1 0.769231       1 0.875000       1     0.367133
    830   h1 0.727273       1       1 0.625000       1 0.769231       1 0.550000       1     0.192308
    831   h1 0.727273       1       1 0.346154       1 0.384615       1 0.000000       1     0.000000
    832   h1 0.689394       1       1 1.000000       1 1.000000       1 0.812500       1     0.560133
    833   h1 0.727273       1       1 1.000000       1 1.000000       1 0.812500       1     0.590909
    834   h1 0.727273       1       1 0.884615       1 1.000000       1 0.651786       1     0.419331
    835   h1 0.545455       1       1 0.000000       1 0.821429       1 0.100000       1     0.000000
    836   h1 0.727273       1       1 0.916667       1 0.846154       1 0.812500       1     0.458333
    837   h1 0.727273       1       1 0.916667       1 0.846154       1 0.812500       1     0.458333
    838   h1 0.727273       1       1 0.916667       1 0.846154       1 0.812500       1     0.458333
    839   h1 0.587121       1       1 0.352564       1 0.120879       1 0.142857       1     0.003575
    840   h1 1.000000       1       1 0.750000       1 0.769231       1 0.812500       1     0.468750
    841   h1 1.000000       1       1 0.750000       1 0.769231       1 0.812500       1     0.468750
    842   h1 1.000000       1       1 0.750000       1 0.769231       1 0.812500       1     0.468750
    843   h1 0.833333       1       1 0.256410       1 0.107143       1 0.225000       1     0.005151
    844   h1 0.818182       1       1 0.750000       1 0.769231       1 0.812500       1     0.383523
    845   h1 0.818182       1       1 0.750000       1 0.769231       1 0.812500       1     0.383523
    846   h1 0.818182       1       1 0.750000       1 0.750000       1 0.812500       1     0.373935
    847   h1 0.681818       1       1 0.250000       1 0.052198       1 0.216071       1     0.001922
    848   h1 0.712121       1       1 0.750000       1 0.769231       1 0.812500       1     0.333807
    849   h1 0.727273       1       1 0.750000       1 0.769231       1 0.812500       1     0.340909
    850   h1 0.727273       1       1 0.730769       1 0.769231       1 0.812500       1     0.332168
    851   h1 0.439394       1       1 0.333333       1 0.384615       1 0.116071       1     0.006539
    852   h1 0.666667       1       1 0.750000       1 0.964286       1 0.812500       1     0.391741
    853   h1 0.727273       1       1 0.750000       1 0.936813       1 0.812500       1     0.415179
    854   h1 0.727273       1       1 0.750000       1 0.975275       1 0.742857       1     0.395176
    855   h1 0.727273       1       1 0.519231       1 0.500000       1 0.339286       1     0.064061
    856   h1 0.666667       1       1 0.750000       1 1.000000       1 0.812500       1     0.406250
    857   h1 0.727273       1       1 0.750000       1 1.000000       1 0.812500       1     0.443182
    858   h1 0.636364       1       1 0.500000       1 1.000000       1 0.510714       1     0.162500
    859   h1 0.363636       1       1 0.173077       1 0.500000       1 0.000000       1     0.000000
    896   h1 0.916667       1       1 0.750000       1 0.741758       1 0.812500       1     0.414342
    897   h1 1.000000       1       1 0.750000       1 0.769231       1 0.812500       1     0.468750
    898   h1 1.000000       1       1 0.750000       1 0.769231       1 0.812500       1     0.468750
    899   h1 1.000000       1       1 0.519231       1 0.423077       1 0.441071       1     0.096892
    900   h1 0.166667       1       1 0.000000       1 0.049451       1 0.000000       1     0.000000
    901   h1 0.833333       1       1 0.750000       1 0.815934       1 0.812500       1     0.414342
    902   h1 0.909091       1       1 0.750000       1 0.846154       1 0.812500       1     0.468750
    903   h1 0.909091       1       1 0.750000       1 0.846154       1 0.812500       1     0.468750
    904   h1 0.909091       1       1 0.519231       1 0.846154       1 0.437500       1     0.174741
    905   h1 0.151515       1       1 0.000000       1 0.543956       1 0.000000       1     0.000000
    906   h1 0.666667       1       1 0.916667       1 0.741758       1 0.875000       1     0.396635
    907   h1 0.727273       1       1 0.916667       1 0.769231       1 0.875000       1     0.448718
    908   h1 0.727273       1       1 0.916667       1 0.769231       1 0.875000       1     0.448718
    909   h1 0.727273       1       1 0.634615       1 0.769231       1 0.475000       1     0.168639
    910   h1 0.121212       1       1 0.000000       1 0.494505       1 0.000000       1     0.000000
    911   h1 0.958333       1       1 1.000000       1 0.741758       1 0.812500       1     0.577567
    912   h1 1.000000       1       1 1.000000       1 0.769231       1 0.812500       1     0.625000
    913   h1 1.000000       1       1 1.000000       1 0.769231       1 0.812500       1     0.625000
    914   h1 1.000000       1       1 0.692308       1 0.769231       1 0.419643       1     0.223478
    915   h1 0.166667       1       1 0.000000       1 0.494505       1 0.000000       1     0.000000