 ChipID Half  Layer0   Layer1   Layer2  Layer3  Layer4   Layer5  Layer6   Layer7  Layer8  Pseaudo_Eff
    332   h0       1 0.696970 0.000000       1       1 0.000000       1 0.000000       1     0.000000
    333   h0       1 0.670455 0.000000       1       1 0.000000       1 0.000000       1     0.000000
    334   h0       1 0.424242 0.000000       1       1 0.000000       1 0.000000       1     0.000000
    335   h0       1 0.609848 0.480000       1       1 0.519231       1 0.687500       1     0.104495
    336   h0       1 0.696970 0.500000       1       1 0.538462       1 0.687500       1     0.129006
    337   h0       1 0.484848 0.250000       1       1 0.192308       1 0.451786       1     0.010531
    338   h0       1 0.958333 0.640000       1       1 0.741758       1 0.312500       1     0.142170
    339   h0       1 1.000000 0.666667       1       1 0.769231       1 0.312500       1     0.160256
    340   h0       1 0.666667 0.400000       1       1 0.274725       1 0.205357       1     0.015044
    341   h0       1 0.000000 0.640000       1       1 0.148352       1 0.000000       1     0.000000
    342   h0       1 0.000000 0.666667       1       1 0.153846       1 0.000000       1     0.000000
    343   h0       1 0.000000 0.400000       1       1 0.082418       1 0.000000       1     0.000000
    356   h0       1 0.784091 0.720000       1       1 0.741758       1 0.812500       1     0.340239
    357   h0       1 0.818182 0.750000       1       1 0.769231       1 0.812500       1     0.383523
    358   h0       1 0.545455 0.516667       1       1 0.521978       1 0.533929       1     0.078542
    359   h0       1 0.000000 0.146667       1       1 0.192308       1 0.000000       1     0.000000
    360   h0       1 0.958333 0.880000       1       1 0.741758       1 0.875000       1     0.547356
    361   h0       1 1.000000 0.916667       1       1 0.769231       1 0.875000       1     0.616987
    362   h0       1 1.000000 0.916667       1       1 0.769231       1 0.575000       1     0.405449
    363   h0       1 1.000000 0.806667       1       1 0.384615       1 0.000000       1     0.000000
    364   h0       1 0.818182 0.736667       1       1 1.000000       1 0.812500       1     0.489716
    365   h0       1 0.818182 0.750000       1       1 1.000000       1 0.812500       1     0.498580
    366   h0       1 0.818182 0.750000       1       1 1.000000       1 0.683929       1     0.419683
    367   h0       1 0.204545 0.330000       1       1 0.821429       1 0.133929       1     0.007426
    368   h0       1 1.000000 0.750000       1       1 0.846154       1 0.812500       1     0.515625
    369   h0       1 1.000000 0.750000       1       1 0.846154       1 0.812500       1     0.515625
    370   h0       1 1.000000 0.750000       1       1 0.846154       1 0.812500       1     0.515625
    371   h0       1 0.791667 0.400000       1       1 0.120879       1 0.182143       1     0.006972
    372   h0       1 0.727273 1.000000       1       1 0.769231       1 0.812500       1     0.454545
    373   h0       1 0.727273 1.000000       1       1 0.769231       1 0.812500       1     0.454545
    374   h0       1 0.727273 1.000000       1       1 0.769231       1 0.812500       1     0.454545
    375   h0       1 0.575758 0.560000       1       1 0.104396       1 0.232143       1     0.007814
    376   h0       1 0.727273 0.833333       1       1 0.769231       1 0.812500       1     0.378788
    377   h0       1 0.727273 0.833333       1       1 0.769231       1 0.812500       1     0.378788
    378   h0       1 0.727273 0.833333       1       1 0.769231       1 0.812500       1     0.378788
    379   h0       1 0.530303 0.466667       1       1 0.060440       1 0.233929       1     0.003499
    380   h0       1 0.727273 0.750000       1       1 0.769231       1 0.875000       1     0.367133
    381   h0       1 0.727273 0.750000       1       1 0.769231       1 0.875000       1     0.367133
    382   h0       1 0.727273 0.703333       1       1 0.769231       1 0.875000       1     0.344289
    383   h0       1 0.750000 0.133333       1       1 0.351648       1 0.125000       1     0.004396
    384   h0       1 0.696970 0.960000       1       1 0.928571       1 0.812500       1     0.504805
    385   h0       1 0.727273 1.000000       1       1 1.000000       1 0.812500       1     0.590909
    386   h0       1 0.727273 1.000000       1       1 1.000000       1 0.726786       1     0.528571
    387   h0       1 0.727273 0.880000       1       1 0.500000       1 0.305357       1     0.097714
    388   h0       1 0.696970 0.720000       1       1 0.857143       1 0.812500       1     0.349481
    389   h0       1 0.727273 0.750000       1       1 0.923077       1 0.812500       1     0.409091
    390   h0       1 0.727273 0.450000       1       1 0.923077       1 0.533929       1     0.161299
    391   h0       1 0.727273 0.000000       1       1 0.461538       1 0.000000       1     0.000000
    428   h0       1 0.696970 0.960000       1       1 0.741758       1 0.812500       1     0.403247
    429   h0       1 0.727273 1.000000       1       1 0.769231       1 0.812500       1     0.454545
    430   h0       1 0.727273 1.000000       1       1 0.769231       1 0.812500       1     0.454545
    431   h0       1 0.727273 0.880000       1       1 0.384615       1 0.441071       1     0.108571
    432   h0       1 0.060606 0.000000       1       1 0.000000       1 0.000000       1     0.000000
    433   h0       1 0.696970 0.720000       1       1 0.890110       1 0.812500       1     0.362922
    434   h0       1 0.727273 0.750000       1       1 0.923077       1 0.812500       1     0.409091
    435   h0       1 0.727273 0.750000       1       1 0.923077       1 0.812500       1     0.409091
    436   h0       1 0.727273 0.660000       1       1 0.923077       1 0.441071       1     0.195429
    437   h0       1 0.060606 0.000000       1       1 0.593407       1 0.000000       1     0.000000
    438   h0       1 0.958333 0.720000       1       1 0.741758       1 0.875000       1     0.447837
    439   h0       1 1.000000 0.750000       1       1 0.769231       1 0.875000       1     0.504808
    440   h0       1 1.000000 0.750000       1       1 0.769231       1 0.875000       1     0.504808
    441   h0       1 1.000000 0.660000       1       1 0.769231       1 0.475000       1     0.241154
    442   h0       1 0.083333 0.000000       1       1 0.494505       1 0.000000       1     0.000000
    443   h0       1 0.696970 0.720000       1       1 0.815934       1 0.812500       1     0.332679
    444   h0       1 0.727273 0.750000       1       1 0.846154       1 0.812500       1     0.375000
    445   h0       1 0.727273 0.750000       1       1 0.846154       1 0.812500       1     0.375000
    446   h0       1 0.727273 0.660000       1       1 0.846154       1 0.441071       1     0.179143
    447   h0       1 0.060606 0.000000       1       1 0.543956       1 0.000000       1     0.000000
    800   h1       1 0.609848 0.000000       1       1 0.000000       1 0.000000       1     0.000000
    801   h1       1 0.636364 0.000000       1       1 0.000000       1 0.000000       1     0.000000
    802   h1       1 0.450758 0.000000       1       1 0.000000       1 0.000000       1     0.000000
    803   h1       1 0.696970 0.416667       1       1 0.519231       1 0.625000       1     0.094242
    804   h1       1 0.727273 0.416667       1       1 0.598901       1 0.625000       1     0.113428
    805   h1       1 0.515152 0.233333       1       1 0.219780       1 0.392857       1     0.010379
    806   h1       1 0.958333 0.750000       1       1 0.769231       1 0.375000       1     0.207332
    807   h1       1 1.000000 0.750000       1       1 0.706044       1 0.375000       1     0.198575
    808   h1       1 0.708333 0.450000       1       1 0.247253       1 0.235714       1     0.018577
    809   h1       1 0.000000 0.583333       1       1 0.148352       1 0.000000       1     0.000000
    810   h1       1 0.000000 0.583333       1       1 0.214286       1 0.000000       1     0.000000
    811   h1       1 0.000000 0.350000       1       1 0.082418       1 0.000000       1     0.000000
    824   h1       1 0.871212 0.743333       1       1 0.815934       1 0.812500       1     0.429325
    825   h1       1 0.909091 0.750000       1       1 0.785714       1 0.812500       1     0.435268
    826   h1       1 0.643939 0.493333       1       1 0.571429       1 0.510714       1     0.092710
    827   h1       1 0.000000 0.140000       1       1 0.230769       1 0.000000       1     0.000000
    828   h1       1 0.958333 0.880000       1       1 0.741758       1 0.875000       1     0.547356
    829   h1       1 1.000000 0.916667       1       1 0.769231       1 0.875000       1     0.616987
    830   h1       1 1.000000 0.916667       1       1 0.769231       1 0.550000       1     0.387821
    831   h1       1 1.000000 0.770000       1       1 0.384615       1 0.000000       1     0.000000
    832   h1       1 0.818182 0.750000       1       1 1.000000       1 0.812500       1     0.498580
    833   h1       1 0.818182 0.750000       1       1 1.000000       1 0.812500       1     0.498580
    834   h1       1 0.818182 0.750000       1       1 1.000000       1 0.651786       1     0.399959
    835   h1       1 0.227273 0.300000       1       1 0.821429       1 0.100000       1     0.005601
    836   h1       1 1.000000 0.750000       1       1 0.846154       1 0.812500       1     0.515625
    837   h1       1 1.000000 0.750000       1       1 0.846154       1 0.812500       1     0.515625
    838   h1       1 1.000000 0.750000       1       1 0.846154       1 0.812500       1     0.515625
    839   h1       1 0.750000 0.360000       1       1 0.120879       1 0.142857       1     0.004662
    840   h1       1 0.727273 1.000000       1       1 0.769231       1 0.812500       1     0.454545
    841   h1       1 0.727273 1.000000       1       1 0.769231       1 0.812500       1     0.454545
    842   h1       1 0.727273 1.000000       1       1 0.769231       1 0.812500       1     0.454545
    843   h1       1 0.541667 0.560000       1       1 0.107143       1 0.225000       1     0.007313
    844   h1       1 0.727273 0.833333       1       1 0.769231       1 0.812500       1     0.378788
    845   h1       1 0.727273 0.833333       1       1 0.769231       1 0.812500       1     0.378788
    846   h1       1 0.727273 0.833333       1       1 0.750000       1 0.812500       1     0.369318
    847   h1       1 0.511364 0.433333       1       1 0.052198       1 0.216071       1     0.002499
    848   h1       1 0.818182 0.750000       1       1 0.769231       1 0.812500       1     0.383523
    849   h1       1 0.818182 0.750000       1       1 0.769231       1 0.812500       1     0.383523
    850   h1       1 0.818182 0.703333       1       1 0.769231       1 0.812500       1     0.359659
    851   h1       1 0.715909 0.126667       1       1 0.384615       1 0.116071       1     0.004048
    852   h1       1 0.696970 1.000000       1       1 0.964286       1 0.812500       1     0.546063
    853   h1       1 0.727273 1.000000       1       1 0.936813       1 0.812500       1     0.553571
    854   h1       1 0.727273 1.000000       1       1 0.975275       1 0.742857       1     0.526902
    855   h1       1 0.727273 0.840000       1       1 0.500000       1 0.339286       1     0.103636
    856   h1       1 0.784091 0.750000       1       1 1.000000       1 0.812500       1     0.477805
    857   h1       1 0.818182 0.750000       1       1 1.000000       1 0.812500       1     0.498580
    858   h1       1 0.818182 0.450000       1       1 1.000000       1 0.510714       1     0.188036
    859   h1       1 0.818182 0.000000       1       1 0.500000       1 0.000000       1     0.000000
    896   h1       1 0.696970 0.960000       1       1 0.741758       1 0.812500       1     0.403247
    897   h1       1 0.727273 1.000000       1       1 0.769231       1 0.812500       1     0.454545
    898   h1       1 0.727273 0.916667       1       1 0.769231       1 0.812500       1     0.416667
    899   h1       1 0.727273 0.770000       1       1 0.423077       1 0.441071       1     0.104500
    900   h1       1 0.030303 0.000000       1       1 0.049451       1 0.000000       1     0.000000
    901   h1       1 0.696970 0.746667       1       1 0.815934       1 0.812500       1     0.345000
    902   h1       1 0.727273 0.750000       1       1 0.846154       1 0.812500       1     0.375000
    903   h1       1 0.727273 0.750000       1       1 0.846154       1 0.812500       1     0.375000
    904   h1       1 0.727273 0.630000       1       1 0.846154       1 0.437500       1     0.169615
    905   h1       1 0.030303 0.000000       1       1 0.543956       1 0.000000       1     0.000000
    906   h1       1 0.958333 0.750000       1       1 0.741758       1 0.875000       1     0.466496
    907   h1       1 1.000000 0.750000       1       1 0.769231       1 0.875000       1     0.504808
    908   h1       1 1.000000 0.750000       1       1 0.769231       1 0.875000       1     0.504808
    909   h1       1 1.000000 0.630000       1       1 0.769231       1 0.475000       1     0.230192
    910   h1       1 0.041667 0.000000       1       1 0.494505       1 0.000000       1     0.000000
    911   h1       1 0.696970 0.750000       1       1 0.741758       1 0.812500       1     0.315037
    912   h1       1 0.727273 0.750000       1       1 0.769231       1 0.812500       1     0.340909
    913   h1       1 0.727273 0.833333       1       1 0.769231       1 0.812500       1     0.378788
    914   h1       1 0.727273 0.700000       1       1 0.769231       1 0.419643       1     0.164336
    915   h1       1 0.030303 0.000000       1       1 0.494505       1 0.000000       1     0.000000