 ChipID Half  Layer0  Layer1   Layer2  Layer3  Layer4   Layer5   Layer6   Layer7  Layer8  Pseaudo_Eff
    344   h0       1       1 0.000000       1       1 0.000000 0.000000 0.062500       1     0.000000
    345   h0       1       1 0.000000       1       1 0.000000 0.000000 0.062500       1     0.000000
    346   h0       1       1 0.000000       1       1 0.000000 0.000000 0.044643       1     0.000000
    347   h0       1       1 0.960000       1       1 0.962963 0.800000 0.812500       1     0.600889
    348   h0       1       1 1.000000       1       1 1.000000 0.800000 0.812500       1     0.650000
    349   h0       1       1 0.640000       1       1 0.407407 0.635294 0.580357       1     0.096134
    350   h0       1       1 0.610909       1       1 0.888889 0.866667 0.125000       1     0.058828
    351   h0       1       1 0.636364       1       1 0.923077 0.866667 0.125000       1     0.063636
    352   h0       1       1 0.407273       1       1 0.376068 0.688235 0.089286       1     0.009412
    353   h0       1       1 0.436364       1       1 0.074074 0.000000 0.000000       1     0.000000
    354   h0       1       1 0.454545       1       1 0.076923 0.000000 0.000000       1     0.000000
    355   h0       1       1 0.290909       1       1 0.031339 0.000000 0.000000       1     0.000000
    392   h0       1       1 0.698182       1       1 0.814815 0.933333 0.812500       1     0.431407
    393   h0       1       1 0.727273       1       1 0.846154 0.933333 0.812500       1     0.466667
    394   h0       1       1 0.727273       1       1 0.846154 0.741176 0.580357       1     0.264706
    395   h0       1       1 0.669091       1       1 0.501425 0.000000 0.000000       1     0.000000
    396   h0       1       1 0.698182       1       1 0.740741 0.933333 0.812500       1     0.392189
    397   h0       1       1 0.727273       1       1 0.769231 0.933333 0.812500       1     0.424242
    398   h0       1       1 0.727273       1       1 0.769231 0.933333 0.687500       1     0.358974
    399   h0       1       1 0.669091       1       1 0.455840 0.658824 0.225000       1     0.045212
    400   h0       1       1 0.818182       1       1 0.769231 0.800000 0.812500       1     0.409091
    401   h0       1       1 0.818182       1       1 0.769231 0.800000 0.812500       1     0.409091
    402   h0       1       1 0.818182       1       1 0.769231 0.800000 0.792857       1     0.399201
    403   h0       1       1 0.654545       1       1 0.598291 0.333333 0.278571       1     0.036364
    404   h0       1       1 0.727273       1       1 0.846154 0.800000 0.875000       1     0.430769
    405   h0       1       1 0.727273       1       1 0.846154 0.800000 0.875000       1     0.430769
    406   h0       1       1 0.727273       1       1 0.846154 0.800000 0.875000       1     0.430769
    407   h0       1       1 0.461818       1       1 0.188034 0.405882 0.350000       1     0.012336
    408   h0       1       1 0.727273       1       1 1.000000 0.800000 0.875000       1     0.509091
    409   h0       1       1 0.727273       1       1 1.000000 0.800000 0.875000       1     0.509091
    410   h0       1       1 0.727273       1       1 1.000000 0.800000 0.875000       1     0.509091
    411   h0       1       1 0.490909       1       1 0.222222 0.423529 0.350000       1     0.016171
    412   h0       1       1 1.000000       1       1 0.769231 0.800000 0.812500       1     0.500000
    413   h0       1       1 1.000000       1       1 0.769231 0.800000 0.812500       1     0.500000
    414   h0       1       1 1.000000       1       1 0.769231 0.800000 0.812500       1     0.500000
    415   h0       1       1 0.680000       1       1 0.142450 0.358824 0.325000       1     0.011296
    416   h0       1       1 0.909091       1       1 0.769231 0.800000 0.812500       1     0.454545
    417   h0       1       1 0.909091       1       1 0.769231 0.800000 0.812500       1     0.454545
    418   h0       1       1 0.909091       1       1 0.769231 0.758824 0.787500       1     0.417884
    419   h0       1       1 0.181818       1       1 0.643875 0.205882 0.235714       1     0.005681
    420   h0       1       1 0.872727       1       1 0.712251 0.800000 0.812500       1     0.404040
    421   h0       1       1 0.909091       1       1 0.769231 0.800000 0.812500       1     0.454545
    422   h0       1       1 0.909091       1       1 0.769231 0.662745 0.687500       1     0.318627
    423   h0       1       1 0.836364       1       1 0.455840 0.094118 0.225000       1     0.008073
    424   h0       1       1 0.960000       1       1 0.925926 0.800000 0.812500       1     0.577778
    425   h0       1       1 1.000000       1       1 1.000000 0.800000 0.812500       1     0.650000
    426   h0       1       1 0.640000       1       1 1.000000 0.635294 0.580357       1     0.235966
    427   h0       1       1 0.000000       1       1 0.592593 0.000000 0.000000       1     0.000000
    448   h0       1       1 0.698182       1       1 0.740741 0.866667 0.812500       1     0.364175
    449   h0       1       1 0.727273       1       1 0.769231 0.866667 0.812500       1     0.393939
    450   h0       1       1 0.727273       1       1 0.769231 0.866667 0.812500       1     0.393939
    451   h0       1       1 0.669091       1       1 0.643875 0.611765 0.487500       1     0.128483
    452   h0       1       1 0.000000       1       1 0.341880 0.000000 0.000000       1     0.000000
    453   h0       1       1 0.960000       1       1 0.740741 0.800000 0.812500       1     0.462222
    454   h0       1       1 1.000000       1       1 0.769231 0.800000 0.812500       1     0.500000
    455   h0       1       1 1.000000       1       1 0.769231 0.800000 0.812500       1     0.500000
    456   h0       1       1 0.920000       1       1 0.769231 0.564706 0.487500       1     0.194824
    457   h0       1       1 0.000000       1       1 0.569801 0.000000 0.000000       1     0.000000
    458   h0       1       1 0.698182       1       1 0.769231 0.800000 0.812500       1     0.349091
    459   h0       1       1 0.727273       1       1 0.769231 0.800000 0.812500       1     0.363636
    460   h0       1       1 0.727273       1       1 0.769231 0.800000 0.812500       1     0.363636
    461   h0       1       1 0.669091       1       1 0.769231 0.564706 0.487500       1     0.141690
    462   h0       1       1 0.000000       1       1 0.569801 0.000000 0.000000       1     0.000000
    463   h0       1       1 0.698182       1       1 0.732194 0.800000 0.812500       1     0.332283
    464   h0       1       1 0.727273       1       1 0.769231 0.800000 0.812500       1     0.363636
    465   h0       1       1 0.727273       1       1 0.769231 0.800000 0.812500       1     0.363636
    466   h0       1       1 0.669091       1       1 0.675214 0.564706 0.487500       1     0.124372
    467   h0       1       1 0.000000       1       1 0.398860 0.000000 0.000000       1     0.000000
    812   h1       1       1 0.000000       1       1 0.000000 0.000000 0.062500       1     0.000000
    813   h1       1       1 0.000000       1       1 0.059829 0.000000 0.062500       1     0.000000
    814   h1       1       1 0.000000       1       1 0.031339 0.000000 0.042857       1     0.000000
    815   h1       1       1 0.960000       1       1 1.000000 0.733333 0.812500       1     0.572000
    816   h1       1       1 1.000000       1       1 0.940171 0.733333 0.812500       1     0.560185
    817   h1       1       1 0.600000       1       1 0.376068 0.635294 0.580357       1     0.083193
    818   h1       1       1 0.727273       1       1 1.000000 0.800000 0.187500       1     0.109091
    819   h1       1       1 0.727273       1       1 0.940171 0.800000 0.187500       1     0.102564
    820   h1       1       1 0.465455       1       1 0.376068 0.611765 0.133929       1     0.014342
    821   h1       1       1 0.436364       1       1 0.000000 0.000000 0.000000       1     0.000000
    822   h1       1       1 0.454545       1       1 0.059829 0.000000 0.000000       1     0.000000
    823   h1       1       1 0.290909       1       1 0.031339 0.000000 0.000000       1     0.000000
    860   h1       1       1 0.672727       1       1 0.923077 0.866667 0.812500       1     0.437273
    861   h1       1       1 0.727273       1       1 0.923077 0.866667 0.812500       1     0.472727
    862   h1       1       1 0.690909       1       1 0.923077 0.662745 0.557143       1     0.235490
    863   h1       1       1 0.585455       1       1 0.512821 0.000000 0.000000       1     0.000000
    864   h1       1       1 0.669091       1       1 0.769231 0.933333 0.812500       1     0.390303
    865   h1       1       1 0.727273       1       1 0.769231 0.933333 0.812500       1     0.424242
    866   h1       1       1 0.727273       1       1 0.769231 0.933333 0.675000       1     0.352448
    867   h1       1       1 0.669091       1       1 0.427350 0.658824 0.235714       1     0.044404
    868   h1       1       1 0.727273       1       1 0.769231 0.800000 0.812500       1     0.363636
    869   h1       1       1 0.727273       1       1 0.769231 0.800000 0.812500       1     0.363636
    870   h1       1       1 0.727273       1       1 0.769231 0.800000 0.769643       1     0.344456
    871   h1       1       1 0.581818       1       1 0.569801 0.329412 0.255357       1     0.027887
    872   h1       1       1 0.727273       1       1 0.846154 0.800000 0.812500       1     0.400000
    873   h1       1       1 0.727273       1       1 0.846154 0.800000 0.812500       1     0.400000
    874   h1       1       1 0.727273       1       1 0.846154 0.800000 0.812500       1     0.400000
    875   h1       1       1 0.450909       1       1 0.156695 0.403922 0.325000       1     0.009275
    876   h1       1       1 0.727273       1       1 1.000000 0.800000 0.875000       1     0.509091
    877   h1       1       1 0.727273       1       1 1.000000 0.800000 0.875000       1     0.509091
    878   h1       1       1 0.727273       1       1 1.000000 0.800000 0.875000       1     0.509091
    879   h1       1       1 0.465455       1       1 0.222222 0.400000 0.350000       1     0.014481
    880   h1       1       1 1.000000       1       1 0.846154 0.800000 0.812500       1     0.550000
    881   h1       1       1 1.000000       1       1 0.846154 0.800000 0.812500       1     0.550000
    882   h1       1       1 1.000000       1       1 0.846154 0.800000 0.812500       1     0.550000
    883   h1       1       1 0.680000       1       1 0.125356 0.376471 0.325000       1     0.010430
    884   h1       1       1 0.818182       1       1 0.769231 0.800000 0.812500       1     0.409091
    885   h1       1       1 0.818182       1       1 0.769231 0.800000 0.812500       1     0.409091
    886   h1       1       1 0.818182       1       1 0.769231 0.752941 0.801786       1     0.379949
    887   h1       1       1 0.130909       1       1 0.678063 0.247059 0.255357       1     0.005600
    888   h1       1       1 0.960000       1       1 0.846154 0.800000 0.812500       1     0.528000
    889   h1       1       1 1.000000       1       1 0.786325 0.800000 0.812500       1     0.511111
    890   h1       1       1 1.000000       1       1 0.817664 0.658824 0.675000       1     0.363620
    891   h1       1       1 0.920000       1       1 0.470085 0.141176 0.235714       1     0.014392
    892   h1       1       1 0.909091       1       1 0.923077 0.800000 0.812500       1     0.545455
    893   h1       1       1 0.909091       1       1 0.923077 0.800000 0.812500       1     0.545455
    894   h1       1       1 0.640000       1       1 0.923077 0.611765 0.557143       1     0.201358
    895   h1       1       1 0.000000       1       1 0.512821 0.000000 0.000000       1     0.000000
    916   h1       1       1 0.752727       1       1 0.769231 0.933333 0.812500       1     0.439091
    917   h1       1       1 0.818182       1       1 0.769231 0.933333 0.812500       1     0.477273
    918   h1       1       1 0.818182       1       1 0.769231 0.933333 0.812500       1     0.477273
    919   h1       1       1 0.752727       1       1 0.666667 0.658824 0.510714       1     0.168847
    920   h1       1       1 0.000000       1       1 0.398860 0.000000 0.000000       1     0.000000
    921   h1       1       1 0.960000       1       1 0.769231 0.866667 0.812500       1     0.520000
    922   h1       1       1 1.000000       1       1 0.769231 0.866667 0.812500       1     0.541667
    923   h1       1       1 1.000000       1       1 0.769231 0.866667 0.812500       1     0.541667
    924   h1       1       1 0.920000       1       1 0.769231 0.637255 0.492857       1     0.222269
    925   h1       1       1 0.000000       1       1 0.569801 0.000000 0.000000       1     0.000000
    926   h1       1       1 0.698182       1       1 0.769231 0.800000 0.812500       1     0.349091
    927   h1       1       1 0.727273       1       1 0.769231 0.800000 0.812500       1     0.363636
    928   h1       1       1 0.727273       1       1 0.769231 0.800000 0.812500       1     0.363636
    929   h1       1       1 0.669091       1       1 0.769231 0.564706 0.505357       1     0.146880
    930   h1       1       1 0.000000       1       1 0.569801 0.000000 0.000000       1     0.000000
    931   h1       1       1 0.698182       1       1 0.692308 0.800000 0.812500       1     0.314182
    932   h1       1       1 0.727273       1       1 0.754986 0.800000 0.812500       1     0.356902
    933   h1       1       1 0.727273       1       1 0.723647 0.800000 0.812500       1     0.342088
    934   h1       1       1 0.669091       1       1 0.589744 0.564706 0.496429       1     0.110618
    935   h1       1       1 0.000000       1       1 0.341880 0.000000 0.000000       1     0.000000