 ChipID Half   Layer0   Layer1  Layer2  Layer3   Layer4  Layer5  Layer6   Layer7  Layer8  Pseaudo_Eff
    344   h0 0.434783 0.871212       1       1 0.641026       1       1 0.062500       1     0.015176
    345   h0 0.454545 0.965909       1       1 0.666667       1       1 0.062500       1     0.018294
    346   h0 0.355731 0.708333       1       1 0.307692       1       1 0.044643       1     0.003461
    347   h0 0.695652 0.784091       1       1 0.721154       1       1 0.812500       1     0.319602
    348   h0 0.727273 0.818182       1       1 0.750000       1       1 0.812500       1     0.362603
    349   h0 0.569170 0.579545       1       1 0.570513       1       1 0.580357       1     0.109217
    350   h0 0.695652 0.958333       1       1 0.801282       1       1 0.125000       1     0.066774
    351   h0 0.727273 1.000000       1       1 0.833333       1       1 0.125000       1     0.075758
    352   h0 0.600791 0.708333       1       1 0.352564       1       1 0.089286       1     0.013396
    353   h0 0.956522 0.000000       1       1 0.000000       1       1 0.000000       1     0.000000
    354   h0 1.000000 0.000000       1       1 0.000000       1       1 0.000000       1     0.000000
    355   h0 0.826087 0.000000       1       1 0.000000       1       1 0.000000       1     0.000000
    392   h0 0.956522 0.696970       1       1 0.721154       1       1 0.812500       1     0.390625
    393   h0 1.000000 0.727273       1       1 0.750000       1       1 0.812500       1     0.443182
    394   h0 1.000000 0.647727       1       1 0.750000       1       1 0.580357       1     0.281935
    395   h0 1.000000 0.454545       1       1 0.490385       1       1 0.000000       1     0.000000
    396   h0 0.695652 0.696970       1       1 0.801282       1       1 0.812500       1     0.315657
    397   h0 0.727273 0.727273       1       1 0.833333       1       1 0.812500       1     0.358127
    398   h0 0.727273 0.727273       1       1 0.833333       1       1 0.687500       1     0.303030
    399   h0 0.727273 0.727273       1       1 0.544872       1       1 0.225000       1     0.064844
    400   h0 0.909091 0.727273       1       1 0.750000       1       1 0.812500       1     0.402893
    401   h0 0.909091 0.727273       1       1 0.750000       1       1 0.812500       1     0.402893
    402   h0 0.909091 0.727273       1       1 0.750000       1       1 0.792857       1     0.393152
    403   h0 0.909091 0.454545       1       1 0.384615       1       1 0.278571       1     0.044274
    404   h0 0.727273 0.818182       1       1 0.750000       1       1 0.875000       1     0.390496
    405   h0 0.727273 0.818182       1       1 0.750000       1       1 0.875000       1     0.390496
    406   h0 0.727273 0.818182       1       1 0.750000       1       1 0.875000       1     0.390496
    407   h0 0.703557 0.681818       1       1 0.221154       1       1 0.350000       1     0.037130
    408   h0 0.727273 1.000000       1       1 0.750000       1       1 0.875000       1     0.477273
    409   h0 0.727273 1.000000       1       1 0.750000       1       1 0.875000       1     0.477273
    410   h0 0.727273 1.000000       1       1 0.750000       1       1 0.875000       1     0.477273
    411   h0 0.723320 0.875000       1       1 0.224359       1       1 0.350000       1     0.049699
    412   h0 1.000000 0.727273       1       1 0.833333       1       1 0.812500       1     0.492424
    413   h0 1.000000 0.727273       1       1 0.833333       1       1 0.812500       1     0.492424
    414   h0 1.000000 0.727273       1       1 0.833333       1       1 0.812500       1     0.492424
    415   h0 1.000000 0.587121       1       1 0.288462       1       1 0.325000       1     0.055043
    416   h0 0.727273 0.689394       1       1 1.000000       1       1 0.812500       1     0.407369
    417   h0 0.727273 0.727273       1       1 1.000000       1       1 0.812500       1     0.429752
    418   h0 0.727273 0.727273       1       1 1.000000       1       1 0.787500       1     0.416529
    419   h0 0.316206 0.545455       1       1 1.000000       1       1 0.235714       1     0.040655
    420   h0 0.956522 0.696970       1       1 0.721154       1       1 0.812500       1     0.390625
    421   h0 1.000000 0.727273       1       1 0.750000       1       1 0.812500       1     0.443182
    422   h0 1.000000 0.727273       1       1 0.750000       1       1 0.687500       1     0.375000
    423   h0 1.000000 0.727273       1       1 0.490385       1       1 0.225000       1     0.080245
    424   h0 0.695652 0.696970       1       1 0.721154       1       1 0.812500       1     0.284091
    425   h0 0.727273 0.727273       1       1 0.750000       1       1 0.812500       1     0.322314
    426   h0 0.632411 0.674242       1       1 0.653846       1       1 0.580357       1     0.161803
    427   h0 0.181818 0.545455       1       1 0.381410       1       1 0.000000       1     0.000000
    448   h0 0.695652 0.958333       1       1 0.961538       1       1 0.812500       1     0.520833
    449   h0 0.727273 1.000000       1       1 1.000000       1       1 0.812500       1     0.590909
    450   h0 0.727273 1.000000       1       1 1.000000       1       1 0.812500       1     0.590909
    451   h0 0.727273 1.000000       1       1 1.000000       1       1 0.487500       1     0.354545
    452   h0 0.189723 0.166667       1       1 0.846154       1       1 0.000000       1     0.000000
    453   h0 0.869565 0.696970       1       1 0.801282       1       1 0.812500       1     0.394571
    454   h0 0.909091 0.727273       1       1 0.833333       1       1 0.812500       1     0.447658
    455   h0 0.909091 0.727273       1       1 0.833333       1       1 0.812500       1     0.447658
    456   h0 0.909091 0.727273       1       1 0.833333       1       1 0.487500       1     0.268595
    457   h0 0.237154 0.121212       1       1 0.705128       1       1 0.000000       1     0.000000
    458   h0 0.695652 0.784091       1       1 0.801282       1       1 0.812500       1     0.355114
    459   h0 0.727273 0.909091       1       1 0.833333       1       1 0.812500       1     0.447658
    460   h0 0.727273 0.909091       1       1 0.833333       1       1 0.812500       1     0.447658
    461   h0 0.727273 0.909091       1       1 0.833333       1       1 0.487500       1     0.268595
    462   h0 0.189723 0.151515       1       1 0.705128       1       1 0.000000       1     0.000000
    463   h0 0.782609 0.958333       1       1 0.721154       1       1 0.812500       1     0.439453
    464   h0 0.818182 1.000000       1       1 0.750000       1       1 0.812500       1     0.498580
    465   h0 0.818182 1.000000       1       1 0.750000       1       1 0.812500       1     0.498580
    466   h0 0.818182 1.000000       1       1 0.548077       1       1 0.487500       1     0.218608
    467   h0 0.213439 0.166667       1       1 0.141026       1       1 0.000000       1     0.000000
    812   h1 0.434783 0.916667       1       1 0.583333       1       1 0.062500       1     0.014530
    813   h1 0.363636 1.000000       1       1 0.583333       1       1 0.062500       1     0.013258
    814   h1 0.300395 0.750000       1       1 0.269231       1       1 0.042857       1     0.002600
    815   h1 0.695652 0.750000       1       1 0.750000       1       1 0.812500       1     0.317935
    816   h1 0.727273 0.818182       1       1 0.750000       1       1 0.812500       1     0.362603
    817   h1 0.600791 0.613636       1       1 0.525641       1       1 0.580357       1     0.112465
    818   h1 0.695652 0.916667       1       1 0.916667       1       1 0.187500       1     0.109601
    819   h1 0.727273 1.000000       1       1 0.916667       1       1 0.187500       1     0.125000
    820   h1 0.600791 0.750000       1       1 0.423077       1       1 0.133929       1     0.025532
    821   h1 0.956522 0.000000       1       1 0.000000       1       1 0.000000       1     0.000000
    822   h1 1.000000 0.000000       1       1 0.000000       1       1 0.000000       1     0.000000
    823   h1 0.826087 0.000000       1       1 0.000000       1       1 0.000000       1     0.000000
    860   h1 0.956522 0.666667       1       1 0.750000       1       1 0.812500       1     0.388587
    861   h1 1.000000 0.727273       1       1 0.750000       1       1 0.812500       1     0.443182
    862   h1 1.000000 0.636364       1       1 0.750000       1       1 0.557143       1     0.265909
    863   h1 1.000000 0.363636       1       1 0.461538       1       1 0.000000       1     0.000000
    864   h1 0.695652 0.666667       1       1 0.916667       1       1 0.812500       1     0.345411
    865   h1 0.727273 0.727273       1       1 0.916667       1       1 0.812500       1     0.393939
    866   h1 0.727273 0.727273       1       1 0.916667       1       1 0.675000       1     0.327273
    867   h1 0.727273 0.727273       1       1 0.564103       1       1 0.235714       1     0.070330
    868   h1 0.909091 0.715909       1       1 0.750000       1       1 0.812500       1     0.396597
    869   h1 0.909091 0.727273       1       1 0.750000       1       1 0.812500       1     0.402893
    870   h1 0.909091 0.727273       1       1 0.750000       1       1 0.769643       1     0.381641
    871   h1 0.909091 0.367424       1       1 0.394231       1       1 0.255357       1     0.033626
    872   h1 0.727273 0.818182       1       1 0.750000       1       1 0.812500       1     0.362603
    873   h1 0.727273 0.818182       1       1 0.750000       1       1 0.812500       1     0.362603
    874   h1 0.727273 0.818182       1       1 0.750000       1       1 0.812500       1     0.362603
    875   h1 0.660079 0.681818       1       1 0.182692       1       1 0.325000       1     0.026722
    876   h1 0.727273 1.000000       1       1 0.750000       1       1 0.875000       1     0.477273
    877   h1 0.727273 1.000000       1       1 0.750000       1       1 0.875000       1     0.477273
    878   h1 0.727273 1.000000       1       1 0.750000       1       1 0.875000       1     0.477273
    879   h1 0.695652 0.833333       1       1 0.198718       1       1 0.350000       1     0.040320
    880   h1 1.000000 0.727273       1       1 0.916667       1       1 0.812500       1     0.541667
    881   h1 1.000000 0.727273       1       1 0.916667       1       1 0.812500       1     0.541667
    882   h1 1.000000 0.727273       1       1 0.916667       1       1 0.812500       1     0.541667
    883   h1 0.956522 0.587121       1       1 0.271605       1       1 0.325000       1     0.049573
    884   h1 0.727273 0.681818       1       1 1.000000       1       1 0.812500       1     0.402893
    885   h1 0.727273 0.727273       1       1 1.000000       1       1 0.812500       1     0.429752
    886   h1 0.727273 0.727273       1       1 1.000000       1       1 0.801786       1     0.424085
    887   h1 0.284585 0.606061       1       1 1.000000       1       1 0.255357       1     0.044043
    888   h1 0.869565 0.666667       1       1 0.750000       1       1 0.812500       1     0.353261
    889   h1 0.909091 0.727273       1       1 0.750000       1       1 0.812500       1     0.402893
    890   h1 1.000000 0.727273       1       1 0.750000       1       1 0.675000       1     0.368182
    891   h1 1.000000 0.727273       1       1 0.461538       1       1 0.235714       1     0.079121
    892   h1 0.695652 0.666667       1       1 0.750000       1       1 0.812500       1     0.282609
    893   h1 0.727273 0.727273       1       1 0.750000       1       1 0.812500       1     0.322314
    894   h1 0.632411 0.704545       1       1 0.701923       1       1 0.557143       1     0.174247
    895   h1 0.181818 0.636364       1       1 0.410256       1       1 0.000000       1     0.000000
    916   h1 0.695652 0.916667       1       1 1.000000       1       1 0.812500       1     0.518116
    917   h1 0.727273 1.000000       1       1 1.000000       1       1 0.812500       1     0.590909
    918   h1 0.727273 1.000000       1       1 1.000000       1       1 0.812500       1     0.590909
    919   h1 0.727273 1.000000       1       1 1.000000       1       1 0.510714       1     0.371429
    920   h1 0.158103 0.166667       1       1 0.807692       1       1 0.000000       1     0.000000
    921   h1 0.869565 0.666667       1       1 0.750000       1       1 0.812500       1     0.353261
    922   h1 0.909091 0.727273       1       1 0.750000       1       1 0.812500       1     0.402893
    923   h1 0.909091 0.727273       1       1 0.750000       1       1 0.812500       1     0.402893
    924   h1 0.909091 0.727273       1       1 0.750000       1       1 0.492857       1     0.244392
    925   h1 0.197628 0.121212       1       1 0.605769       1       1 0.000000       1     0.000000
    926   h1 0.707510 0.833333       1       1 0.750000       1       1 0.812500       1     0.359282
    927   h1 0.727273 0.909091       1       1 0.750000       1       1 0.812500       1     0.402893
    928   h1 0.727273 0.909091       1       1 0.750000       1       1 0.812500       1     0.402893
    929   h1 0.727273 0.909091       1       1 0.750000       1       1 0.505357       1     0.250590
    930   h1 0.158103 0.151515       1       1 0.611111       1       1 0.000000       1     0.000000
    931   h1 0.909091 0.833333       1       1 0.750000       1       1 0.812500       1     0.461648
    932   h1 0.909091 0.909091       1       1 0.750000       1       1 0.812500       1     0.503616
    933   h1 0.909091 0.909091       1       1 0.750000       1       1 0.812500       1     0.503616
    934   h1 0.909091 0.909091       1       1 0.525641       1       1 0.496429       1     0.215656
    935   h1 0.197628 0.151515       1       1 0.134615       1       1 0.000000       1     0.000000