 ChipID Half   Layer0   Layer1  Layer2   Layer3  Layer4  Layer5  Layer6   Layer7  Layer8  Pseaudo_Eff
    344   h0 0.434783 0.871212       1 0.480000       1       1       1 0.062500       1     0.011364
    345   h0 0.454545 0.965909       1 0.500000       1       1       1 0.062500       1     0.013720
    346   h0 0.355731 0.708333       1 0.280000       1       1       1 0.044643       1     0.003150
    347   h0 0.695652 0.784091       1 0.720000       1       1       1 0.812500       1     0.319091
    348   h0 0.727273 0.818182       1 0.750000       1       1       1 0.812500       1     0.362603
    349   h0 0.569170 0.579545       1 0.420000       1       1       1 0.580357       1     0.080403
    350   h0 0.695652 0.958333       1 0.240000       1       1       1 0.125000       1     0.020000
    351   h0 0.727273 1.000000       1 0.250000       1       1       1 0.125000       1     0.022727
    352   h0 0.600791 0.708333       1 0.140000       1       1       1 0.089286       1     0.005319
    353   h0 0.956522 0.000000       1 0.000000       1       1       1 0.000000       1     0.000000
    354   h0 1.000000 0.000000       1 0.000000       1       1       1 0.000000       1     0.000000
    355   h0 0.826087 0.000000       1 0.000000       1       1       1 0.000000       1     0.000000
    392   h0 0.956522 0.696970       1 0.800000       1       1       1 0.812500       1     0.433333
    393   h0 1.000000 0.727273       1 0.833333       1       1       1 0.812500       1     0.492424
    394   h0 1.000000 0.647727       1 0.448718       1       1       1 0.580357       1     0.168679
    395   h0 1.000000 0.454545       1 0.000000       1       1       1 0.000000       1     0.000000
    396   h0 0.695652 0.696970       1 0.960000       1       1       1 0.812500       1     0.378182
    397   h0 0.727273 0.727273       1 1.000000       1       1       1 0.812500       1     0.429752
    398   h0 0.727273 0.727273       1 1.000000       1       1       1 0.687500       1     0.363636
    399   h0 0.727273 0.727273       1 0.769231       1       1       1 0.225000       1     0.091545
    400   h0 0.909091 0.727273       1 0.750000       1       1       1 0.812500       1     0.402893
    401   h0 0.909091 0.727273       1 0.750000       1       1       1 0.812500       1     0.402893
    402   h0 0.909091 0.727273       1 0.680000       1       1       1 0.792857       1     0.356458
    403   h0 0.909091 0.454545       1 0.115385       1       1       1 0.278571       1     0.013282
    404   h0 0.727273 0.818182       1 0.833333       1       1       1 0.875000       1     0.433884
    405   h0 0.727273 0.818182       1 0.833333       1       1       1 0.875000       1     0.433884
    406   h0 0.727273 0.818182       1 0.833333       1       1       1 0.875000       1     0.433884
    407   h0 0.703557 0.681818       1 0.384615       1       1       1 0.350000       1     0.064575
    408   h0 0.727273 1.000000       1 1.000000       1       1       1 0.875000       1     0.636364
    409   h0 0.727273 1.000000       1 1.000000       1       1       1 0.875000       1     0.636364
    410   h0 0.727273 1.000000       1 1.000000       1       1       1 0.875000       1     0.636364
    411   h0 0.723320 0.875000       1 0.461538       1       1       1 0.350000       1     0.102239
    412   h0 1.000000 0.727273       1 0.750000       1       1       1 0.812500       1     0.443182
    413   h0 1.000000 0.727273       1 0.750000       1       1       1 0.812500       1     0.443182
    414   h0 1.000000 0.727273       1 0.750000       1       1       1 0.812500       1     0.443182
    415   h0 1.000000 0.587121       1 0.317308       1       1       1 0.325000       1     0.060547
    416   h0 0.727273 0.689394       1 0.750000       1       1       1 0.812500       1     0.305527
    417   h0 0.727273 0.727273       1 0.750000       1       1       1 0.812500       1     0.322314
    418   h0 0.727273 0.727273       1 0.730769       1       1       1 0.787500       1     0.304387
    419   h0 0.316206 0.545455       1 0.201923       1       1       1 0.235714       1     0.008209
    420   h0 0.956522 0.696970       1 0.960000       1       1       1 0.812500       1     0.520000
    421   h0 1.000000 0.727273       1 1.000000       1       1       1 0.812500       1     0.590909
    422   h0 1.000000 0.727273       1 1.000000       1       1       1 0.687500       1     0.500000
    423   h0 1.000000 0.727273       1 0.800000       1       1       1 0.225000       1     0.130909
    424   h0 0.695652 0.696970       1 0.720000       1       1       1 0.812500       1     0.283636
    425   h0 0.727273 0.727273       1 0.750000       1       1       1 0.812500       1     0.322314
    426   h0 0.632411 0.674242       1 0.420000       1       1       1 0.580357       1     0.103935
    427   h0 0.181818 0.545455       1 0.000000       1       1       1 0.000000       1     0.000000
    448   h0 0.695652 0.958333       1 0.720000       1       1       1 0.812500       1     0.390000
    449   h0 0.727273 1.000000       1 0.750000       1       1       1 0.812500       1     0.443182
    450   h0 0.727273 1.000000       1 0.750000       1       1       1 0.812500       1     0.443182
    451   h0 0.727273 1.000000       1 0.576923       1       1       1 0.487500       1     0.204545
    452   h0 0.189723 0.166667       1 0.000000       1       1       1 0.000000       1     0.000000
    453   h0 0.869565 0.696970       1 0.720000       1       1       1 0.812500       1     0.354545
    454   h0 0.909091 0.727273       1 0.750000       1       1       1 0.812500       1     0.402893
    455   h0 0.909091 0.727273       1 0.750000       1       1       1 0.812500       1     0.402893
    456   h0 0.909091 0.727273       1 0.600000       1       1       1 0.487500       1     0.193388
    457   h0 0.237154 0.121212       1 0.000000       1       1       1 0.000000       1     0.000000
    458   h0 0.695652 0.784091       1 0.720000       1       1       1 0.812500       1     0.319091
    459   h0 0.727273 0.909091       1 0.750000       1       1       1 0.812500       1     0.402893
    460   h0 0.727273 0.909091       1 0.750000       1       1       1 0.812500       1     0.402893
    461   h0 0.727273 0.909091       1 0.600000       1       1       1 0.487500       1     0.193388
    462   h0 0.189723 0.151515       1 0.000000       1       1       1 0.000000       1     0.000000
    463   h0 0.782609 0.958333       1 0.800000       1       1       1 0.812500       1     0.487500
    464   h0 0.818182 1.000000       1 0.833333       1       1       1 0.812500       1     0.553977
    465   h0 0.818182 1.000000       1 0.833333       1       1       1 0.812500       1     0.553977
    466   h0 0.818182 1.000000       1 0.666667       1       1       1 0.487500       1     0.265909
    467   h0 0.213439 0.166667       1 0.000000       1       1       1 0.000000       1     0.000000
    812   h1 0.434783 0.916667       1 0.400000       1       1       1 0.062500       1     0.009964
    813   h1 0.363636 1.000000       1 0.416667       1       1       1 0.062500       1     0.009470
    814   h1 0.300395 0.750000       1 0.216667       1       1       1 0.042857       1     0.002092
    815   h1 0.695652 0.750000       1 0.720000       1       1       1 0.812500       1     0.305217
    816   h1 0.727273 0.818182       1 0.750000       1       1       1 0.812500       1     0.362603
    817   h1 0.600791 0.613636       1 0.420000       1       1       1 0.580357       1     0.089863
    818   h1 0.695652 0.916667       1 0.333333       1       1       1 0.187500       1     0.039855
    819   h1 0.727273 1.000000       1 0.333333       1       1       1 0.187500       1     0.045455
    820   h1 0.600791 0.750000       1 0.173333       1       1       1 0.133929       1     0.010460
    821   h1 0.956522 0.000000       1 0.000000       1       1       1 0.000000       1     0.000000
    822   h1 1.000000 0.000000       1 0.000000       1       1       1 0.000000       1     0.000000
    823   h1 0.826087 0.000000       1 0.000000       1       1       1 0.000000       1     0.000000
    860   h1 0.956522 0.666667       1 0.880000       1       1       1 0.812500       1     0.455942
    861   h1 1.000000 0.727273       1 0.916667       1       1       1 0.812500       1     0.541667
    862   h1 1.000000 0.636364       1 0.476667       1       1       1 0.557143       1     0.169000
    863   h1 1.000000 0.363636       1 0.000000       1       1       1 0.000000       1     0.000000
    864   h1 0.695652 0.666667       1 1.000000       1       1       1 0.812500       1     0.376812
    865   h1 0.727273 0.727273       1 1.000000       1       1       1 0.812500       1     0.429752
    866   h1 0.727273 0.727273       1 1.000000       1       1       1 0.675000       1     0.357025
    867   h1 0.727273 0.727273       1 0.769231       1       1       1 0.235714       1     0.095904
    868   h1 0.909091 0.715909       1 0.750000       1       1       1 0.812500       1     0.396597
    869   h1 0.909091 0.727273       1 0.750000       1       1       1 0.812500       1     0.402893
    870   h1 0.909091 0.727273       1 0.660256       1       1       1 0.769643       1     0.335975
    871   h1 0.909091 0.367424       1 0.115385       1       1       1 0.255357       1     0.009842
    872   h1 0.727273 0.818182       1 0.916667       1       1       1 0.812500       1     0.443182
    873   h1 0.727273 0.818182       1 0.916667       1       1       1 0.812500       1     0.443182
    874   h1 0.727273 0.818182       1 0.916667       1       1       1 0.812500       1     0.443182
    875   h1 0.660079 0.681818       1 0.423077       1       1       1 0.325000       1     0.061882
    876   h1 0.727273 1.000000       1 1.000000       1       1       1 0.875000       1     0.636364
    877   h1 0.727273 1.000000       1 1.000000       1       1       1 0.875000       1     0.636364
    878   h1 0.727273 1.000000       1 1.000000       1       1       1 0.875000       1     0.636364
    879   h1 0.695652 0.833333       1 0.461538       1       1       1 0.350000       1     0.093645
    880   h1 1.000000 0.727273       1 0.750000       1       1       1 0.812500       1     0.443182
    881   h1 1.000000 0.727273       1 0.750000       1       1       1 0.812500       1     0.443182
    882   h1 1.000000 0.727273       1 0.750000       1       1       1 0.812500       1     0.443182
    883   h1 0.956522 0.587121       1 0.288462       1       1       1 0.325000       1     0.052649
    884   h1 0.727273 0.681818       1 0.750000       1       1       1 0.812500       1     0.302169
    885   h1 0.727273 0.727273       1 0.750000       1       1       1 0.812500       1     0.322314
    886   h1 0.727273 0.727273       1 0.733974       1       1       1 0.801786       1     0.311268
    887   h1 0.284585 0.606061       1 0.259615       1       1       1 0.255357       1     0.011434
    888   h1 0.869565 0.666667       1 1.000000       1       1       1 0.812500       1     0.471014
    889   h1 0.909091 0.727273       1 1.000000       1       1       1 0.812500       1     0.537190
    890   h1 1.000000 0.727273       1 1.000000       1       1       1 0.675000       1     0.490909
    891   h1 1.000000 0.727273       1 0.769231       1       1       1 0.235714       1     0.131868
    892   h1 0.695652 0.666667       1 0.750000       1       1       1 0.812500       1     0.282609
    893   h1 0.727273 0.727273       1 0.750000       1       1       1 0.812500       1     0.322314
    894   h1 0.632411 0.704545       1 0.390000       1       1       1 0.557143       1     0.096814
    895   h1 0.181818 0.636364       1 0.000000       1       1       1 0.000000       1     0.000000
    916   h1 0.695652 0.916667       1 0.750000       1       1       1 0.812500       1     0.388587
    917   h1 0.727273 1.000000       1 0.750000       1       1       1 0.812500       1     0.443182
    918   h1 0.727273 1.000000       1 0.750000       1       1       1 0.812500       1     0.443182
    919   h1 0.727273 1.000000       1 0.570000       1       1       1 0.510714       1     0.211714
    920   h1 0.158103 0.166667       1 0.000000       1       1       1 0.000000       1     0.000000
    921   h1 0.869565 0.666667       1 0.733333       1       1       1 0.812500       1     0.345411
    922   h1 0.909091 0.727273       1 0.750000       1       1       1 0.812500       1     0.402893
    923   h1 0.909091 0.727273       1 0.750000       1       1       1 0.812500       1     0.402893
    924   h1 0.909091 0.727273       1 0.576923       1       1       1 0.492857       1     0.187994
    925   h1 0.197628 0.121212       1 0.000000       1       1       1 0.000000       1     0.000000
    926   h1 0.707510 0.833333       1 0.721154       1       1       1 0.812500       1     0.345464
    927   h1 0.727273 0.909091       1 0.750000       1       1       1 0.812500       1     0.402893
    928   h1 0.727273 0.909091       1 0.750000       1       1       1 0.812500       1     0.402893
    929   h1 0.727273 0.909091       1 0.576923       1       1       1 0.505357       1     0.192762
    930   h1 0.158103 0.151515       1 0.000000       1       1       1 0.000000       1     0.000000
    931   h1 0.909091 0.833333       1 0.881410       1       1       1 0.812500       1     0.542535
    932   h1 0.909091 0.909091       1 0.916667       1       1       1 0.812500       1     0.615530
    933   h1 0.909091 0.909091       1 0.916667       1       1       1 0.812500       1     0.615530
    934   h1 0.909091 0.909091       1 0.705128       1       1       1 0.496429       1     0.289294
    935   h1 0.197628 0.151515       1 0.000000       1       1       1 0.000000       1     0.000000