 ChipID Half  Layer0   Layer1   Layer2  Layer3   Layer4  Layer5   Layer6  Layer7  Layer8  Pseaudo_Eff
    332   h0       1 0.696970 0.000000       1 0.074074       1 0.000000       1       1     0.000000
    333   h0       1 0.670455 0.000000       1 0.076923       1 0.000000       1       1     0.000000
    334   h0       1 0.424242 0.000000       1 0.000000       1 0.000000       1       1     0.000000
    335   h0       1 0.609848 0.480000       1 0.888889       1 0.250000       1       1     0.065051
    336   h0       1 0.696970 0.500000       1 0.923077       1 0.250000       1       1     0.080420
    337   h0       1 0.484848 0.250000       1 0.376068       1 0.183824       1       1     0.008379
    338   h0       1 0.958333 0.640000       1 0.962963       1 0.812500       1       1     0.479877
    339   h0       1 1.000000 0.666667       1 1.000000       1 0.812500       1       1     0.541667
    340   h0       1 0.666667 0.400000       1 0.370370       1 0.597426       1       1     0.059005
    341   h0       1 0.000000 0.640000       1 0.000000       1 0.062500       1       1     0.000000
    342   h0       1 0.000000 0.666667       1 0.000000       1 0.062500       1       1     0.000000
    343   h0       1 0.000000 0.400000       1 0.000000       1 0.045956       1       1     0.000000
    356   h0       1 0.784091 0.720000       1 0.962963       1 0.812500       1       1     0.441705
    357   h0       1 0.818182 0.750000       1 0.923077       1 0.812500       1       1     0.460227
    358   h0       1 0.545455 0.516667       1 0.923077       1 0.597426       1       1     0.155414
    359   h0       1 0.000000 0.146667       1 0.547009       1 0.000000       1       1     0.000000
    360   h0       1 0.958333 0.880000       1 0.740741       1 0.812500       1       1     0.507562
    361   h0       1 1.000000 0.916667       1 0.769231       1 0.812500       1       1     0.572917
    362   h0       1 1.000000 0.916667       1 0.769231       1 0.713235       1       1     0.502922
    363   h0       1 1.000000 0.806667       1 0.455840       1 0.283088       1       1     0.104095
    364   h0       1 0.818182 0.736667       1 0.769231       1 0.812500       1       1     0.376705
    365   h0       1 0.818182 0.750000       1 0.769231       1 0.812500       1       1     0.383523
    366   h0       1 0.818182 0.750000       1 0.769231       1 0.801471       1       1     0.378317
    367   h0       1 0.204545 0.330000       1 0.643875       1 0.286765       1       1     0.012463
    368   h0       1 1.000000 0.750000       1 0.769231       1 0.875000       1       1     0.504808
    369   h0       1 1.000000 0.750000       1 0.769231       1 0.875000       1       1     0.504808
    370   h0       1 1.000000 0.750000       1 0.769231       1 0.875000       1       1     0.504808
    371   h0       1 0.791667 0.400000       1 0.113960       1 0.386029       1       1     0.013931
    372   h0       1 0.727273 1.000000       1 1.000000       1 0.875000       1       1     0.636364
    373   h0       1 0.727273 1.000000       1 1.000000       1 0.875000       1       1     0.636364
    374   h0       1 0.727273 1.000000       1 1.000000       1 0.875000       1       1     0.636364
    375   h0       1 0.575758 0.560000       1 0.222222       1 0.386029       1       1     0.027659
    376   h0       1 0.727273 0.833333       1 0.923077       1 0.812500       1       1     0.454545
    377   h0       1 0.727273 0.833333       1 0.923077       1 0.812500       1       1     0.454545
    378   h0       1 0.727273 0.833333       1 0.923077       1 0.812500       1       1     0.454545
    379   h0       1 0.530303 0.466667       1 0.170940       1 0.358456       1       1     0.015164
    380   h0       1 0.727273 0.750000       1 0.769231       1 0.812500       1       1     0.340909
    381   h0       1 0.727273 0.750000       1 0.769231       1 0.812500       1       1     0.340909
    382   h0       1 0.727273 0.703333       1 0.769231       1 0.775735       1       1     0.305231
    383   h0       1 0.750000 0.133333       1 0.598291       1 0.308824       1       1     0.018477
    384   h0       1 0.696970 0.960000       1 0.740741       1 0.812500       1       1     0.402694
    385   h0       1 0.727273 1.000000       1 0.769231       1 0.812500       1       1     0.454545
    386   h0       1 0.727273 1.000000       1 0.769231       1 0.696691       1       1     0.389757
    387   h0       1 0.727273 0.880000       1 0.455840       1 0.242647       1       1     0.070789
    388   h0       1 0.696970 0.720000       1 0.814815       1 0.812500       1       1     0.332222
    389   h0       1 0.727273 0.750000       1 0.846154       1 0.812500       1       1     0.375000
    390   h0       1 0.727273 0.450000       1 0.846154       1 0.597426       1       1     0.165441
    391   h0       1 0.727273 0.000000       1 0.501425       1 0.000000       1       1     0.000000
    428   h0       1 0.696970 0.960000       1 0.740741       1 0.812500       1       1     0.402694
    429   h0       1 0.727273 1.000000       1 0.769231       1 0.812500       1       1     0.454545
    430   h0       1 0.727273 1.000000       1 0.769231       1 0.812500       1       1     0.454545
    431   h0       1 0.727273 0.880000       1 0.675214       1 0.525735       1       1     0.227190
    432   h0       1 0.060606 0.000000       1 0.398860       1 0.000000       1       1     0.000000
    433   h0       1 0.696970 0.720000       1 0.740741       1 0.812500       1       1     0.302020
    434   h0       1 0.727273 0.750000       1 0.769231       1 0.812500       1       1     0.340909
    435   h0       1 0.727273 0.750000       1 0.769231       1 0.812500       1       1     0.340909
    436   h0       1 0.727273 0.660000       1 0.769231       1 0.525735       1       1     0.194118
    437   h0       1 0.060606 0.000000       1 0.569801       1 0.000000       1       1     0.000000
    438   h0       1 0.958333 0.720000       1 0.740741       1 0.812500       1       1     0.415278
    439   h0       1 1.000000 0.750000       1 0.769231       1 0.812500       1       1     0.468750
    440   h0       1 1.000000 0.750000       1 0.769231       1 0.812500       1       1     0.468750
    441   h0       1 1.000000 0.660000       1 0.769231       1 0.525735       1       1     0.266912
    442   h0       1 0.083333 0.000000       1 0.569801       1 0.000000       1       1     0.000000
    443   h0       1 0.696970 0.720000       1 0.740741       1 0.812500       1       1     0.302020
    444   h0       1 0.727273 0.750000       1 0.769231       1 0.812500       1       1     0.340909
    445   h0       1 0.727273 0.750000       1 0.769231       1 0.812500       1       1     0.340909
    446   h0       1 0.727273 0.660000       1 0.643875       1 0.525735       1       1     0.162484
    447   h0       1 0.060606 0.000000       1 0.341880       1 0.000000       1       1     0.000000
    800   h1       1 0.609848 0.000000       1 0.076923       1 0.000000       1       1     0.000000
    801   h1       1 0.636364 0.000000       1 0.076923       1 0.000000       1       1     0.000000
    802   h1       1 0.450758 0.000000       1 0.000000       1 0.000000       1       1     0.000000
    803   h1       1 0.696970 0.416667       1 0.923077       1 0.250000       1       1     0.067016
    804   h1       1 0.727273 0.416667       1 0.923077       1 0.250000       1       1     0.069930
    805   h1       1 0.515152 0.233333       1 0.376068       1 0.132353       1       1     0.005983
    806   h1       1 0.958333 0.750000       1 1.000000       1 0.812500       1       1     0.583984
    807   h1       1 1.000000 0.750000       1 1.000000       1 0.812500       1       1     0.609375
    808   h1       1 0.708333 0.450000       1 0.407407       1 0.573529       1       1     0.074479
    809   h1       1 0.000000 0.583333       1 0.000000       1 0.125000       1       1     0.000000
    810   h1       1 0.000000 0.583333       1 0.000000       1 0.125000       1       1     0.000000
    811   h1       1 0.000000 0.350000       1 0.000000       1 0.088235       1       1     0.000000
    824   h1       1 0.871212 0.743333       1 1.000000       1 0.812500       1       1     0.526176
    825   h1       1 0.909091 0.750000       1 0.923077       1 0.812500       1       1     0.511364
    826   h1       1 0.643939 0.493333       1 0.923077       1 0.573529       1       1     0.168182
    827   h1       1 0.000000 0.140000       1 0.512821       1 0.000000       1       1     0.000000
    828   h1       1 0.958333 0.880000       1 0.769231       1 0.812500       1       1     0.527083
    829   h1       1 1.000000 0.916667       1 0.769231       1 0.812500       1       1     0.572917
    830   h1       1 1.000000 0.916667       1 0.769231       1 0.702206       1       1     0.495145
    831   h1       1 1.000000 0.770000       1 0.427350       1 0.270221       1       1     0.088919
    832   h1       1 0.818182 0.750000       1 0.769231       1 0.812500       1       1     0.383523
    833   h1       1 0.818182 0.750000       1 0.769231       1 0.812500       1       1     0.383523
    834   h1       1 0.818182 0.750000       1 0.769231       1 0.803309       1       1     0.379184
    835   h1       1 0.227273 0.300000       1 0.615385       1 0.286765       1       1     0.012032
    836   h1       1 1.000000 0.750000       1 0.769231       1 0.812500       1       1     0.468750
    837   h1       1 1.000000 0.750000       1 0.769231       1 0.812500       1       1     0.468750
    838   h1       1 1.000000 0.750000       1 0.769231       1 0.812500       1       1     0.468750
    839   h1       1 0.750000 0.360000       1 0.113960       1 0.334559       1       1     0.010294
    840   h1       1 0.727273 1.000000       1 1.000000       1 0.875000       1       1     0.636364
    841   h1       1 0.727273 1.000000       1 1.000000       1 0.875000       1       1     0.636364
    842   h1       1 0.727273 1.000000       1 1.000000       1 0.875000       1       1     0.636364
    843   h1       1 0.541667 0.560000       1 0.185185       1 0.334559       1       1     0.018793
    844   h1       1 0.727273 0.833333       1 0.923077       1 0.812500       1       1     0.454545
    845   h1       1 0.727273 0.833333       1 0.923077       1 0.812500       1       1     0.454545
    846   h1       1 0.727273 0.833333       1 0.923077       1 0.812500       1       1     0.454545
    847   h1       1 0.511364 0.433333       1 0.170940       1 0.334559       1       1     0.012673
    848   h1       1 0.818182 0.750000       1 0.769231       1 0.812500       1       1     0.383523
    849   h1       1 0.818182 0.750000       1 0.769231       1 0.812500       1       1     0.383523
    850   h1       1 0.818182 0.703333       1 0.769231       1 0.792279       1       1     0.350708
    851   h1       1 0.715909 0.126667       1 0.569801       1 0.286765       1       1     0.014817
    852   h1       1 0.696970 1.000000       1 0.769231       1 0.812500       1       1     0.435606
    853   h1       1 0.727273 1.000000       1 0.769231       1 0.812500       1       1     0.454545
    854   h1       1 0.727273 1.000000       1 0.769231       1 0.702206       1       1     0.392842
    855   h1       1 0.727273 0.840000       1 0.427350       1 0.270221       1       1     0.070547
    856   h1       1 0.784091 0.750000       1 0.846154       1 0.812500       1       1     0.404297
    857   h1       1 0.818182 0.750000       1 0.846154       1 0.812500       1       1     0.421875
    858   h1       1 0.818182 0.450000       1 0.846154       1 0.573529       1       1     0.178676
    859   h1       1 0.818182 0.000000       1 0.470085       1 0.000000       1       1     0.000000
    896   h1       1 0.696970 0.960000       1 0.769231       1 0.812500       1       1     0.418182
    897   h1       1 0.727273 1.000000       1 0.769231       1 0.812500       1       1     0.454545
    898   h1       1 0.727273 0.916667       1 0.769231       1 0.812500       1       1     0.416667
    899   h1       1 0.727273 0.770000       1 0.666667       1 0.501838       1       1     0.187353
    900   h1       1 0.030303 0.000000       1 0.378917       1 0.000000       1       1     0.000000
    901   h1       1 0.696970 0.746667       1 0.769231       1 0.812500       1       1     0.325253
    902   h1       1 0.727273 0.750000       1 0.769231       1 0.812500       1       1     0.340909
    903   h1       1 0.727273 0.750000       1 0.769231       1 0.812500       1       1     0.340909
    904   h1       1 0.727273 0.630000       1 0.769231       1 0.520221       1       1     0.183350
    905   h1       1 0.030303 0.000000       1 0.541311       1 0.000000       1       1     0.000000
    906   h1       1 0.958333 0.750000       1 0.769231       1 0.812500       1       1     0.449219
    907   h1       1 1.000000 0.750000       1 0.769231       1 0.812500       1       1     0.468750
    908   h1       1 1.000000 0.750000       1 0.769231       1 0.812500       1       1     0.468750
    909   h1       1 1.000000 0.630000       1 0.769231       1 0.501838       1       1     0.243199
    910   h1       1 0.041667 0.000000       1 0.541311       1 0.000000       1       1     0.000000
    911   h1       1 0.696970 0.750000       1 0.769231       1 0.812500       1       1     0.326705
    912   h1       1 0.727273 0.750000       1 0.769231       1 0.812500       1       1     0.340909
    913   h1       1 0.727273 0.833333       1 0.769231       1 0.812500       1       1     0.378788
    914   h1       1 0.727273 0.700000       1 0.632479       1 0.501838       1       1     0.161586
    915   h1       1 0.030303 0.000000       1 0.324786       1 0.000000       1       1     0.000000