 ChipID Half  Layer0   Layer1  Layer2   Layer3   Layer4   Layer5  Layer6  Layer7  Layer8  Pseaudo_Eff
    229   h0       1 0.000000       1 0.000000 0.000000 0.000000       1       1       1     0.000000
    230   h0       1 0.000000       1 0.000000 0.000000 0.000000       1       1       1     0.000000
    231   h0       1 0.000000       1 0.000000 0.000000 0.000000       1       1       1     0.000000
    232   h0       1 0.888889       1 0.413793 0.552381 0.000000       1       1       1     0.000000
    233   h0       1 0.985755       1 0.428571 0.571429 0.000000       1       1       1     0.000000
    234   h0       1 0.407407       1 0.103448 0.095238 0.000000       1       1       1     0.000000
    235   h0       1 0.814815       1 0.758621 0.759524 0.829493       1       1       1     0.389437
    236   h0       1 0.846154       1 0.785714 0.785714 0.857143       1       1       1     0.447746
    237   h0       1 0.344729       1 0.189655 0.547619 0.110599       1       1       1     0.003960
    238   h0       1 0.888889       1 0.344828 0.828571 0.829493       1       1       1     0.210665
    239   h0       1 0.923077       1 0.307692 0.857143 0.857143       1       1       1     0.208670
    240   h0       1 0.376068       1 0.074271 0.114286 0.110599       1       1       1     0.000353
    241   h0       1 0.000000       1 0.000000 0.000000 0.000000       1       1       1     0.000000
    242   h0       1 0.000000       1 0.000000 0.000000 0.000000       1       1       1     0.000000
    243   h0       1 0.000000       1 0.000000 0.000000 0.000000       1       1       1     0.000000
    288   h0       1 0.740741       1 0.758621 0.759524 0.829493       1       1       1     0.354034
    289   h0       1 0.769231       1 0.785714 0.785714 0.857143       1       1       1     0.407042
    290   h0       1 0.720798       1 0.352217 0.785714 0.857143       1       1       1     0.170978
    291   h0       1 0.410256       1 0.071618 0.157143 0.110599       1       1       1     0.000511
    292   h0       1 0.740741       1 0.758621 0.759524 0.898618       1       1       1     0.383537
    293   h0       1 0.769231       1 0.785714 0.785714 0.928571       1       1       1     0.440962
    294   h0       1 0.769231       1 0.785714 0.785714 0.928571       1       1       1     0.440962
    295   h0       1 0.455840       1 0.238727 0.500000 0.110599       1       1       1     0.006018
    296   h0       1 0.740741       1 0.758621 0.759524 0.898618       1       1       1     0.383537
    297   h0       1 0.769231       1 0.785714 0.785714 0.928571       1       1       1     0.440962
    298   h0       1 0.769231       1 0.769231 0.785714 0.928571       1       1       1     0.431711
    299   h0       1 0.455840       1 0.243842 0.785714 0.928571       1       1       1     0.081096
    300   h0       1 0.766382       1 0.857143 0.785714 0.928571       1       1       1     0.479268
    301   h0       1 0.769231       1 0.857143 0.785714 0.928571       1       1       1     0.481050
    302   h0       1 0.641026       1 0.466844 0.785714 0.928571       1       1       1     0.218337
    303   h0       1 0.048433       1 0.000000 0.252381 0.359447       1       1       1     0.000000
    304   h0       1 0.923077       1 0.928571 0.785714 1.000000       1       1       1     0.673469
    305   h0       1 0.923077       1 0.928571 0.785714 1.000000       1       1       1     0.673469
    306   h0       1 0.923077       1 0.891247 0.630952 0.741935       1       1       1     0.385122
    307   h0       1 0.307692       1 0.000000 0.000000 0.000000       1       1       1     0.000000
    308   h0       1 1.000000       1 1.000000 0.785714 1.000000       1       1       1     0.785714
    309   h0       1 1.000000       1 1.000000 0.785714 1.000000       1       1       1     0.785714
    310   h0       1 1.000000       1 0.965517 0.647619 0.741935       1       1       1     0.463923
    311   h0       1 0.370370       1 0.034483 0.000000 0.000000       1       1       1     0.000000
    312   h0       1 0.769231       1 0.857143 0.785714 1.000000       1       1       1     0.518053
    313   h0       1 0.769231       1 0.923077 0.785714 1.000000       1       1       1     0.557904
    314   h0       1 0.769231       1 0.859416 0.700000 0.709677       1       1       1     0.328412
    315   h0       1 0.227920       1 0.000000 0.033333 0.000000       1       1       1     0.000000
    316   h0       1 0.740741       1 0.785714 0.785714 0.928571       1       1       1     0.424630
    317   h0       1 0.769231       1 0.785714 0.785714 0.928571       1       1       1     0.440962
    318   h0       1 0.746439       1 0.541872 0.785714 0.928571       1       1       1     0.295101
    319   h0       1 0.131054       1 0.000000 0.497619 0.479263       1       1       1     0.000000
    320   h0       1 0.740741       1 0.742706 0.759524 0.898618       1       1       1     0.375491
    321   h0       1 0.769231       1 0.785714 0.785714 0.928571       1       1       1     0.440962
    322   h0       1 0.769231       1 0.769231 0.785714 0.928571       1       1       1     0.431711
    323   h0       1 0.455840       1 0.238727 0.728571 0.928571       1       1       1     0.073621
    324   h0       1 0.740741       1 0.742706 0.759524 0.868664       1       1       1     0.362974
    325   h0       1 0.769231       1 0.785714 0.785714 0.928571       1       1       1     0.440962
    326   h0       1 0.769231       1 0.785714 0.785714 0.928571       1       1       1     0.440962
    327   h0       1 0.455840       1 0.238727 0.157143 0.119816       1       1       1     0.002049
    328   h0       1 0.740741       1 0.742706 0.759524 0.801843       1       1       1     0.335053
    329   h0       1 0.769231       1 0.785714 0.785714 0.857143       1       1       1     0.407042
    330   h0       1 0.769231       1 0.406404 0.785714 0.857143       1       1       1     0.210539
    331   h0       1 0.455840       1 0.071618 0.157143 0.110599       1       1       1     0.000567
    697   h1       1 0.000000       1 0.000000 0.000000 0.000000       1       1       1     0.000000
    698   h1       1 0.000000       1 0.000000 0.000000 0.000000       1       1       1     0.000000
    699   h1       1 0.000000       1 0.000000 0.000000 0.000000       1       1       1     0.000000
    700   h1       1 0.962963       1 0.344828 0.500000 0.000000       1       1       1     0.000000
    701   h1       1 1.000000       1 0.357143 0.500000 0.000000       1       1       1     0.000000
    702   h1       1 0.407407       1 0.073892 0.066667 0.000000       1       1       1     0.000000
    703   h1       1 0.814815       1 0.758621 0.785714 0.928571       1       1       1     0.450987
    704   h1       1 0.846154       1 0.785714 0.785714 0.861751       1       1       1     0.450153
    705   h1       1 0.344729       1 0.162562 0.476190 0.082949       1       1       1     0.002214
    706   h1       1 0.962963       1 0.357143 0.928571 0.857143       1       1       1     0.273729
    707   h1       1 1.000000       1 0.357143 0.928571 0.790323       1       1       1     0.262097
    708   h1       1 0.407407       1 0.079576 0.123810 0.076037       1       1       1     0.000305
    709   h1       1 0.000000       1 0.000000 0.000000 0.000000       1       1       1     0.000000
    710   h1       1 0.000000       1 0.000000 0.000000 0.000000       1       1       1     0.000000
    711   h1       1 0.000000       1 0.000000 0.000000 0.000000       1       1       1     0.000000
    756   h1       1 0.740741       1 0.766010 0.785714 0.857143       1       1       1     0.382136
    757   h1       1 0.769231       1 0.785714 0.785714 0.857143       1       1       1     0.407042
    758   h1       1 0.723647       1 0.332512 0.785714 0.857143       1       1       1     0.162051
    759   h1       1 0.384615       1 0.059113 0.130952 0.110599       1       1       1     0.000329
    760   h1       1 0.740741       1 0.785714 0.785714 0.857143       1       1       1     0.391966
    761   h1       1 0.769231       1 0.785714 0.785714 0.857143       1       1       1     0.407042
    762   h1       1 0.769231       1 0.785714 0.785714 0.857143       1       1       1     0.407042
    763   h1       1 0.427350       1 0.216749 0.428571 0.110599       1       1       1     0.004391
    764   h1       1 0.740741       1 0.785714 0.785714 0.928571       1       1       1     0.424630
    765   h1       1 0.769231       1 0.785714 0.785714 0.928571       1       1       1     0.440962
    766   h1       1 0.769231       1 0.785714 0.785714 0.928571       1       1       1     0.440962
    767   h1       1 0.427350       1 0.216749 0.785714 0.928571       1       1       1     0.067580
    768   h1       1 0.763533       1 0.857143 0.785714 0.928571       1       1       1     0.477486
    769   h1       1 0.769231       1 0.857143 0.785714 0.928571       1       1       1     0.481050
    770   h1       1 0.641026       1 0.443350 0.785714 0.928571       1       1       1     0.207349
    771   h1       1 0.045584       1 0.000000 0.226190 0.329493       1       1       1     0.000000
    772   h1       1 0.923077       1 0.928571 0.785714 0.928571       1       1       1     0.625364
    773   h1       1 0.923077       1 0.928571 0.785714 0.928571       1       1       1     0.625364
    774   h1       1 0.923077       1 0.931034 0.597619 0.658986       1       1       1     0.338458
    775   h1       1 0.307692       1 0.000000 0.000000 0.000000       1       1       1     0.000000
    776   h1       1 1.000000       1 0.928571 0.785714 1.000000       1       1       1     0.729592
    777   h1       1 1.000000       1 0.928571 0.785714 1.000000       1       1       1     0.729592
    778   h1       1 1.000000       1 0.891247 0.623810 0.741935       1       1       1     0.412493
    779   h1       1 0.333333       1 0.000000 0.000000 0.000000       1       1       1     0.000000
    780   h1       1 0.769231       1 0.857143 0.785714 1.000000       1       1       1     0.518053
    781   h1       1 0.769231       1 0.857143 0.785714 1.000000       1       1       1     0.518053
    782   h1       1 0.769231       1 0.758621 0.678571 0.677419       1       1       1     0.268247
    783   h1       1 0.227920       1 0.000000 0.028571 0.000000       1       1       1     0.000000
    784   h1       1 0.746439       1 0.785714 0.785714 1.000000       1       1       1     0.460812
    785   h1       1 0.769231       1 0.785714 0.785714 1.000000       1       1       1     0.474882
    786   h1       1 0.746439       1 0.530504 0.785714 1.000000       1       1       1     0.311134
    787   h1       1 0.102564       1 0.000000 0.471429 0.516129       1       1       1     0.000000
    788   h1       1 0.740741       1 0.785714 0.785714 0.928571       1       1       1     0.424630
    789   h1       1 0.769231       1 0.785714 0.785714 0.928571       1       1       1     0.440962
    790   h1       1 0.769231       1 0.785714 0.785714 0.928571       1       1       1     0.440962
    791   h1       1 0.427350       1 0.216749 0.785714 0.928571       1       1       1     0.067580
    792   h1       1 0.740741       1 0.785714 0.785714 0.857143       1       1       1     0.391966
    793   h1       1 0.769231       1 0.785714 0.785714 0.923963       1       1       1     0.438774
    794   h1       1 0.769231       1 0.785714 0.785714 0.864055       1       1       1     0.410325
    795   h1       1 0.427350       1 0.216749 0.130952 0.110599       1       1       1     0.001342
    796   h1       1 0.740741       1 0.785714 0.857143 0.928571       1       1       1     0.463233
    797   h1       1 0.769231       1 0.769231 0.857143 0.928571       1       1       1     0.470958
    798   h1       1 0.769231       1 0.389163 0.857143 0.928571       1       1       1     0.238263
    799   h1       1 0.427350       1 0.084881 0.142857 0.119816       1       1       1     0.000621