ChipID	Half	Layer0	Layer1	Layer2	Layer3	Layer4	Layer5	Layer6	Layer7	Layer8	Peff(%)	Peff_Original(%)
344	h0	0.632	1	0.76	0.762	1	0.668	0.769	0.846	0.786	11.61	11.61
345	h0	0.667	1	0.8	0.8	1	0.7	0.769	0.846	0.786	14.2	14.2
346	h0	0.667	1	0.7	0.8	1	0.682	0.769	0.846	0.786	12.1	12.1
347	h0	0.947	1	0.95	0.667	1	0.859	0.769	0.769	0.786	22.26	22.26
348	h0	1.0	1	1.0	0.7	1	0.9	0.769	0.769	0.786	27.2	27.2
349	h0	1.0	1	1.0	0.7	1	0.9	0.769	0.769	0.786	27.2	27.2
350	h0	0.737	1	0.76	0.667	1	0.764	0.746	0.769	0.786	11.96	11.96
351	h0	0.754	1	0.765	0.7	1	0.8	0.769	0.769	0.786	15.01	15.01
352	h0	0.667	1	0.7	0.7	1	0.8	0.769	0.769	0.786	12.15	12.15
353	h0	0.947	1	0.76	0.952	1	0.668	0.769	0.923	0.857	25.86	25.86
354	h0	1.0	1	0.84	1.0	1	0.7	0.769	0.923	0.786	30.47	30.47
355	h0	1.0	1	0.9	1.0	1	0.691	0.769	0.923	0.786	32.23	32.23
392	h0	0.737	1	0.665	0.952	1	0.955	0.923	0.769	0.786	23.09	23.09
393	h0	0.778	1	0.7	1.0	1	1.0	0.923	0.769	0.786	28.23	28.23
394	h0	0.778	1	0.7	1.0	1	1.0	0.923	0.769	0.786	28.23	28.23
395	h0	0.778	1	0.7	1.0	1	1.0	0.923	0.676	0.786	24.81	24.81
396	h0	0.632	1	0.95	0.667	1	0.668	1.0	0.769	0.786	15.02	15.02
397	h0	0.667	1	1.0	0.7	1	0.7	1.0	0.769	0.786	18.35	18.35
398	h0	0.667	1	1.0	0.7	1	0.7	1.0	0.769	0.786	18.35	18.35
399	h0	0.667	1	1.0	0.7	1	0.7	1.0	0.769	0.786	18.35	18.35
400	h0	0.842	1	0.9	0.614	1	0.655	0.667	0.769	0.737	11.52	11.52
401	h0	1.0	1	1.0	0.7	1	0.7	0.769	0.769	0.786	22.78	22.78
402	h0	1.0	1	1.0	0.7	1	0.7	0.769	0.769	0.786	22.78	22.78
403	h0	1.0	1	1.0	0.671	1	0.7	0.769	0.769	0.749	19.33	19.33
404	h0	0.632	1	0.7	0.7	1	0.7	0.761	0.923	0.772	11.75	11.75
405	h0	0.667	1	0.7	0.7	1	0.7	0.769	0.923	0.786	12.76	12.76
406	h0	0.667	1	0.7	0.7	1	0.7	0.769	0.923	0.786	12.76	12.76
407	h0	0.667	1	0.7	0.7	1	0.7	0.769	0.923	0.786	12.76	12.76
408	h0	0.842	1	0.8	1.0	1	1.0	0.769	1.0	0.765	39.63	39.63
409	h0	0.889	1	0.8	1.0	1	1.0	0.769	1.0	0.786	42.99	42.99
410	h0	0.889	1	0.8	1.0	1	1.0	0.769	1.0	0.786	42.99	42.99
411	h0	0.889	1	0.8	1.0	1	1.0	0.769	1.0	0.786	42.99	42.99
412	h0	0.842	1	0.9	0.7	1	0.1	0.783	0.923	0.765	2.93	20.53
413	h0	0.889	1	0.9	0.7	1	0.1	0.846	0.923	0.786	3.44	24.06
414	h0	0.889	1	0.9	0.7	1	0.1	0.846	0.923	0.786	3.44	24.06
415	h0	0.889	1	0.9	0.7	1	0.1	0.846	0.923	0.767	3.35	23.48
416	h0	0.462	1	0.58	0.686	1	0.0	0.926	0.769	0.671	0.0	5.67
417	h0	0.667	1	0.7	0.8	1	0.0	1.0	0.769	0.786	0.0	15.8
418	h0	0.667	1	0.7	0.8	1	0.0	1.0	0.769	0.786	0.0	15.8
419	h0	0.667	1	0.7	0.8	1	0.0	1.0	0.769	0.786	0.0	15.8
420	h0	0.947	1	0.665	0.857	1	0.191	0.769	0.769	0.786	4.79	16.76
421	h0	1.0	1	0.7	0.9	1	0.2	0.769	0.769	0.786	5.86	20.5
422	h0	1.0	1	0.7	0.9	1	0.2	0.769	0.769	0.786	5.86	20.5
423	h0	1.0	1	0.7	0.9	1	0.2	0.769	0.769	0.786	5.86	20.5
424	h0	0.737	1	0.95	0.857	1	0.955	0.758	0.769	0.786	26.25	26.25
425	h0	0.778	1	1.0	0.9	1	1.0	0.769	0.769	0.786	32.55	32.55
426	h0	0.778	1	1.0	0.9	1	1.0	0.769	0.769	0.786	32.55	32.55
427	h0	0.778	1	1.0	0.9	1	1.0	0.61	0.676	0.786	22.69	22.69
448	h0	0.947	1	0.76	0.667	1	0.764	0.769	0.769	0.786	15.84	15.84
449	h0	1.0	1	0.8	0.7	1	0.8	0.769	0.769	0.786	19.35	19.35
450	h0	1.0	1	0.8	0.7	1	0.8	0.769	0.769	0.786	19.35	19.35
451	h0	1.0	1	0.8	0.7	1	0.8	0.769	0.769	0.786	19.35	19.35
452	h0	1.0	1	0.68	0.467	1	0.8	0.484	0.385	0.786	3.46	3.46
453	h0	0.316	1	0.575	0.952	1	0.955	0.359	0.648	0.62	2.21	2.21
454	h0	0.649	1	0.7	1.0	1	1.0	0.769	0.769	0.786	19.62	19.62
455	h0	0.667	1	0.7	1.0	1	1.0	0.769	0.769	0.786	20.16	20.16
456	h0	0.667	1	0.7	1.0	1	1.0	0.769	0.769	0.786	20.16	20.16
457	h0	0.667	1	0.61	0.667	1	1.0	0.712	0.462	0.758	6.29	6.29
458	h0	0.947	1	0.95	0.952	1	0.0	0.846	0.676	0.786	0.0	36.77
459	h0	1.0	1	1.0	1.0	1	0.0	0.846	0.769	0.786	0.0	51.14
460	h0	1.0	1	1.0	1.0	1	0.0	0.846	0.769	0.786	0.0	51.14
461	h0	1.0	1	1.0	1.0	1	0.0	0.846	0.769	0.786	0.0	51.14
462	h0	1.0	1	0.85	0.667	1	0.0	0.533	0.462	0.786	0.0	10.97
463	h0	0.632	1	0.665	0.667	1	0.0	0.769	0.769	0.786	0.0	8.7
464	h0	0.667	1	0.7	0.7	1	0.0	0.769	0.769	0.786	0.0	10.63
465	h0	0.667	1	0.7	0.7	1	0.0	0.769	0.769	0.786	0.0	10.63
466	h0	0.667	1	0.7	0.7	1	0.0	0.769	0.769	0.786	0.0	10.63
467	h0	0.667	1	0.595	0.467	1	0.0	0.484	0.385	0.721	0.0	1.74
812	h1	0.596	1	0.76	0.724	1	0.668	0.769	0.89	0.76	10.24	10.24
813	h1	0.667	1	0.8	0.843	1	0.7	0.769	0.923	0.786	16.32	16.32
814	h1	0.667	1	0.8	0.9	1	0.686	0.769	0.923	0.786	17.07	17.07
815	h1	0.795	1	0.95	0.724	1	0.859	0.766	0.742	0.76	18.24	18.24
816	h1	0.889	1	1.0	0.762	1	0.9	0.769	0.769	0.786	26.33	26.33
817	h1	0.889	1	1.0	0.7	1	0.9	0.769	0.769	0.786	24.18	24.18
818	h1	0.696	1	0.665	0.633	1	0.764	0.749	0.742	0.76	8.5	8.5
819	h1	0.754	1	0.7	0.7	1	0.8	0.769	0.769	0.786	13.74	13.74
820	h1	0.667	1	0.7	0.7	1	0.8	0.769	0.769	0.786	12.15	12.15
821	h1	0.895	1	0.76	0.905	1	0.668	0.769	0.816	0.76	18.22	18.22
822	h1	1.0	1	0.8	1.0	1	0.7	0.769	0.846	0.786	26.6	26.6
823	h1	1.0	1	0.8	1.0	1	0.691	0.769	0.846	0.786	26.26	26.26
860	h1	0.795	1	0.57	0.905	1	0.955	0.815	0.742	0.76	16.18	16.18
861	h1	0.889	1	0.6	1.0	1	1.0	0.846	0.769	0.786	25.34	25.34
862	h1	0.889	1	0.6	1.0	1	1.0	0.846	0.769	0.786	25.34	25.34
863	h1	0.889	1	0.6	1.0	1	1.0	0.846	0.676	0.786	22.27	22.27
864	h1	0.596	1	0.855	0.724	1	0.668	0.963	0.742	0.76	12.03	12.03
865	h1	0.667	1	0.9	0.8	1	0.7	1.0	0.769	0.786	18.88	18.88
866	h1	0.667	1	0.9	0.8	1	0.7	1.0	0.769	0.786	18.88	18.88
867	h1	0.667	1	0.9	0.8	1	0.7	1.0	0.769	0.786	18.88	18.88
868	h1	0.842	1	0.9	0.6	1	0.655	0.667	0.769	0.737	10.12	10.12
869	h1	1.0	1	1.0	0.7	1	0.7	0.769	0.769	0.786	21.16	21.16
870	h1	1.0	1	1.0	0.7	1	0.7	0.769	0.769	0.786	21.16	21.16
871	h1	1.0	1	1.0	0.7	1	0.7	0.769	0.769	0.767	20.65	20.65
872	h1	0.596	1	0.7	0.7	1	0.7	0.746	0.846	0.772	9.96	9.96
873	h1	0.667	1	0.7	0.7	1	0.7	0.769	0.846	0.786	11.7	11.7
874	h1	0.667	1	0.7	0.7	1	0.7	0.769	0.846	0.786	11.7	11.7
875	h1	0.667	1	0.7	0.7	1	0.7	0.769	0.846	0.786	11.7	11.7
876	h1	0.696	1	0.7	1.0	1	1.0	0.746	0.964	0.74	25.1	25.1
877	h1	0.778	1	0.7	1.0	1	1.0	0.769	1.0	0.786	32.92	32.92
878	h1	0.778	1	0.7	1.0	1	1.0	0.769	1.0	0.786	32.92	32.92
879	h1	0.778	1	0.7	1.0	1	1.0	0.769	1.0	0.786	32.92	32.92
880	h1	0.895	1	1.0	0.7	1	0.7	0.783	0.923	0.744	23.58	23.58
881	h1	1.0	1	1.0	0.7	1	0.7	0.846	0.923	0.786	30.07	30.07
882	h1	1.0	1	1.0	0.7	1	0.7	0.769	0.923	0.786	27.34	27.34
883	h1	1.0	1	1.0	0.7	1	0.7	0.769	0.923	0.767	26.68	26.68
884	h1	0.48	1	0.61	0.567	1	0.618	0.926	0.769	0.682	4.98	4.98
885	h1	0.667	1	0.7	0.7	1	0.7	1.0	0.769	0.786	13.83	13.83
886	h1	0.667	1	0.7	0.7	1	0.7	1.0	0.769	0.786	13.83	13.83
887	h1	0.667	1	0.7	0.7	1	0.7	1.0	0.769	0.786	13.83	13.83
888	h1	0.895	1	0.665	0.814	1	0.668	0.769	0.742	0.76	14.03	14.03
889	h1	1.0	1	0.7	0.9	1	0.7	0.769	0.769	0.786	20.5	20.5
890	h1	1.0	1	0.7	0.9	1	0.7	0.769	0.769	0.786	20.5	20.5
891	h1	1.0	1	0.7	0.9	1	0.7	0.769	0.769	0.786	20.5	20.5
892	h1	0.696	1	0.95	0.814	1	0.955	0.755	0.742	0.76	21.88	21.88
893	h1	0.778	1	1.0	0.9	1	1.0	0.769	0.769	0.786	32.55	32.55
894	h1	0.778	1	1.0	0.9	1	1.0	0.769	0.769	0.786	32.55	32.55
895	h1	0.778	1	1.0	1.0	1	1.0	0.57	0.629	0.721	20.11	20.11
916	h1	0.895	1	0.855	0.633	1	0.764	0.815	0.742	0.76	15.29	15.29
917	h1	1.0	1	0.9	0.7	1	0.8	0.846	0.769	0.786	23.94	23.94
918	h1	1.0	1	0.9	0.7	1	0.8	0.846	0.769	0.786	23.94	23.94
919	h1	1.0	1	0.9	0.7	1	0.8	0.846	0.769	0.786	23.94	23.94
920	h1	1.0	1	0.81	0.5	1	0.8	0.533	0.385	0.786	4.85	4.85
921	h1	0.298	1	0.485	0.905	1	0.955	0.279	0.621	0.594	1.16	1.16
922	h1	0.632	1	0.69	1.0	1	1.0	0.769	0.769	0.786	18.83	18.83
923	h1	0.667	1	0.7	1.0	1	1.0	0.769	0.769	0.786	20.16	20.16
924	h1	0.667	1	0.7	1.0	1	1.0	0.769	0.769	0.786	20.16	20.16
925	h1	0.667	1	0.65	0.714	1	1.0	0.741	0.462	0.765	7.53	7.53
926	h1	0.895	1	0.95	0.952	1	0.955	0.889	0.643	0.76	33.58	33.58
927	h1	1.0	1	1.0	1.0	1	1.0	0.923	0.769	0.786	55.79	55.79
928	h1	1.0	1	1.0	1.0	1	1.0	0.923	0.769	0.786	55.79	55.79
929	h1	1.0	1	1.0	1.0	1	1.0	0.923	0.769	0.786	55.79	55.79
930	h1	1.0	1	0.9	0.714	1	1.0	0.581	0.462	0.786	13.56	13.56
931	h1	0.596	1	0.76	0.667	1	0.668	0.769	0.742	0.76	8.75	8.75
932	h1	0.667	1	0.8	0.7	1	0.7	0.769	0.769	0.786	12.15	12.15
933	h1	0.667	1	0.8	0.7	1	0.7	0.769	0.769	0.786	12.15	12.15
934	h1	0.667	1	0.8	0.7	1	0.7	0.769	0.769	0.786	12.15	12.15
935	h1	0.667	1	0.72	0.5	1	0.7	0.484	0.385	0.721	2.26	2.26
