 ChipID Half   Layer0  Layer1  Layer2   Layer3  Layer4   Layer5   Layer6   Layer7   Layer8  Pseaudo_Eff
    344   h0 0.631579       1   0.665 0.761905       1 0.668182 0.740741 0.846154 0.785714     0.105299
    345   h0 0.666667       1   0.700 0.800000       1 0.700000 0.769231 0.846154 0.785714     0.133649
    346   h0 0.666667       1   0.700 0.800000       1 0.700000 0.769231 0.846154 0.785714     0.133649
    347   h0 0.842105       1   0.950 0.666667       1 0.859091 0.740741 0.769231 0.714286     0.186480
    348   h0 0.888889       1   1.000 0.700000       1 0.900000 0.769231 0.769231 0.714286     0.236686
    349   h0 0.888889       1   1.000 0.700000       1 0.900000 0.769231 0.769231 0.783410     0.259592
    350   h0 0.631579       1   0.665 0.666667       1 0.727273 0.740741 0.769231 0.785714     0.091168
    351   h0 0.666667       1   0.700 0.700000       1 0.800000 0.769231 0.769231 0.785714     0.121499
    352   h0 0.666667       1   0.700 0.700000       1 0.800000 0.769231 0.769231 0.785714     0.121499
    353   h0 0.947368       1   0.760 0.952381       1 0.645455 0.740741 0.923077 0.857143     0.259398
    354   h0 1.000000       1   0.800 1.000000       1 0.700000 0.769231 0.923077 0.785714     0.312426
    355   h0 1.000000       1   0.800 1.000000       1 0.700000 0.769231 0.923077 0.785714     0.312426
    392   h0 0.842105       1   0.665 0.952381       1 0.954545 0.814815 0.769231 0.857143     0.273504
    393   h0 0.888889       1   0.700 1.000000       1 1.000000 0.846154 0.769231 0.857143     0.347140
    394   h0 0.888889       1   0.700 1.000000       1 1.000000 0.846154 0.769231 0.790323     0.320078
    395   h0 0.888889       1   0.700 1.000000       1 1.000000 0.846154 0.675824 0.785714     0.279572
    396   h0 0.631579       1   0.855 0.666667       1 0.668182 0.962963 0.769231 0.785714     0.140000
    397   h0 0.666667       1   0.900 0.700000       1 0.700000 1.000000 0.769231 0.785714     0.177692
    398   h0 0.666667       1   0.900 0.700000       1 0.700000 1.000000 0.769231 0.785714     0.177692
    399   h0 0.666667       1   0.900 0.700000       1 0.700000 1.000000 0.769231 0.785714     0.177692
    400   h0 0.789474       1   0.850 0.614286       1 0.654545 0.649573 0.769231 0.721198     0.097231
    401   h0 1.000000       1   1.000 0.700000       1 0.700000 0.769231 0.769231 0.785714     0.227811
    402   h0 1.000000       1   1.000 0.700000       1 0.700000 0.769231 0.769231 0.785714     0.227811
    403   h0 1.000000       1   1.000 0.676190       1 0.700000 0.769231 0.769231 0.769585     0.215545
    404   h0 0.736842       1   0.700 0.700000       1 0.700000 0.746439 0.923077 0.767281     0.133615
    405   h0 0.777778       1   0.700 0.700000       1 0.700000 0.769231 0.923077 0.785714     0.148836
    406   h0 0.777778       1   0.700 0.700000       1 0.700000 0.769231 0.923077 0.785714     0.148836
    407   h0 0.777778       1   0.700 0.700000       1 0.700000 0.769231 0.923077 0.785714     0.148836
    408   h0 0.736842       1   0.700 1.000000       1 1.000000 0.746439 1.000000 0.767281     0.295407
    409   h0 0.777778       1   0.700 1.000000       1 1.000000 0.769231 1.000000 0.785714     0.329060
    410   h0 0.777778       1   0.700 1.000000       1 1.000000 0.769231 1.000000 0.785714     0.329060
    411   h0 0.777778       1   0.700 1.000000       1 1.000000 0.769231 1.000000 0.785714     0.329060
    412   h0 0.947368       1   1.000 0.700000       1 0.700000 0.712251 0.923077 0.767281     0.234175
    413   h0 1.000000       1   1.000 0.700000       1 0.700000 0.769231 0.923077 0.785714     0.273373
    414   h0 1.000000       1   1.000 0.700000       1 0.700000 0.769231 0.923077 0.785714     0.273373
    415   h0 1.000000       1   1.000 0.700000       1 0.700000 0.769231 0.923077 0.758065     0.263753
    416   h0 0.502924       1   0.610 0.647619       1 0.618182 0.888889 0.769231 0.682028     0.057276
    417   h0 0.666667       1   0.700 0.800000       1 0.700000 0.923077 0.769231 0.785714     0.145799
    418   h0 0.666667       1   0.700 0.800000       1 0.700000 0.923077 0.769231 0.785714     0.145799
    419   h0 0.666667       1   0.700 0.800000       1 0.700000 0.923077 0.769231 0.785714     0.145799
    420   h0 0.842105       1   0.665 0.857143       1 0.659091 0.740741 0.769231 0.785714     0.141636
    421   h0 0.888889       1   0.700 0.900000       1 0.700000 0.769231 0.769231 0.785714     0.182249
    422   h0 0.888889       1   0.700 0.900000       1 0.700000 0.769231 0.769231 0.785714     0.182249
    423   h0 0.888889       1   0.700 0.900000       1 0.700000 0.769231 0.769231 0.852535     0.197748
    424   h0 0.842105       1   0.950 0.857143       1 0.909091 0.740741 0.769231 0.785714     0.279086
    425   h0 0.888889       1   1.000 0.900000       1 1.000000 0.769231 0.769231 0.785714     0.371936
    426   h0 0.888889       1   1.000 0.900000       1 1.000000 0.769231 0.769231 0.785714     0.371936
    427   h0 0.888889       1   1.000 0.900000       1 1.000000 0.569801 0.675824 0.721198     0.222178
    448   h0 0.947368       1   0.855 0.666667       1 0.763636 0.814815 0.769231 0.785714     0.203077
    449   h0 1.000000       1   0.900 0.700000       1 0.800000 0.846154 0.769231 0.785714     0.257751
    450   h0 1.000000       1   0.900 0.700000       1 0.800000 0.846154 0.769231 0.785714     0.257751
    451   h0 1.000000       1   0.900 0.700000       1 0.800000 0.846154 0.769231 0.785714     0.257751
    452   h0 1.000000       1   0.810 0.500000       1 0.800000 0.532764 0.384615 0.785714     0.052164
    453   h0 0.210526       1   0.475 0.952381       1 0.954545 0.279202 0.642857 0.564516     0.009211
    454   h0 0.619883       1   0.690 1.000000       1 1.000000 0.769231 0.769231 0.785714     0.198855
    455   h0 0.666667       1   0.700 1.000000       1 1.000000 0.769231 0.769231 0.785714     0.216963
    456   h0 0.666667       1   0.700 1.000000       1 1.000000 0.769231 0.769231 0.785714     0.216963
    457   h0 0.666667       1   0.650 0.714286       1 1.000000 0.740741 0.461538 0.758065     0.080218
    458   h0 0.947368       1   0.950 0.952381       1 0.954545 0.923077 0.670330 0.714286     0.361616
    459   h0 1.000000       1   1.000 1.000000       1 1.000000 0.923077 0.769231 0.714286     0.507185
    460   h0 1.000000       1   1.000 1.000000       1 1.000000 0.923077 0.769231 0.714286     0.507185
    461   h0 1.000000       1   1.000 1.000000       1 1.000000 0.923077 0.769231 0.714286     0.507185
    462   h0 1.000000       1   0.900 0.714286       1 1.000000 0.581197 0.461538 0.778802     0.134299
    463   h0 0.631579       1   0.760 0.666667       1 0.668182 0.740741 0.769231 0.785714     0.095726
    464   h0 0.666667       1   0.800 0.700000       1 0.700000 0.769231 0.769231 0.785714     0.121499
    465   h0 0.666667       1   0.800 0.700000       1 0.700000 0.769231 0.769231 0.785714     0.121499
    466   h0 0.666667       1   0.800 0.700000       1 0.700000 0.769231 0.769231 0.785714     0.121499
    467   h0 0.666667       1   0.720 0.500000       1 0.700000 0.484330 0.384615 0.656682     0.020551
    812   h1 0.596491       1   0.695 0.723810       1 0.800000 0.769231 0.846154 0.785714     0.122765
    813   h1 0.666667       1   0.700 0.800000       1 0.750000 0.769231 0.846154 0.785714     0.143195
    814   h1 0.666667       1   0.700 0.800000       1 0.686364 0.769231 0.846154 0.785714     0.131045
    815   h1 0.795322       1   0.950 0.642857       1 0.900000 0.769231 0.769231 0.785714     0.203236
    816   h1 0.888889       1   1.000 0.700000       1 0.900000 0.769231 0.769231 0.785714     0.260355
    817   h1 0.888889       1   1.000 0.700000       1 0.900000 0.769231 0.769231 0.785714     0.260355
    818   h1 0.596491       1   0.700 0.666667       1 0.800000 0.769231 0.769231 0.857143     0.112945
    819   h1 0.666667       1   0.700 0.700000       1 0.800000 0.769231 0.769231 0.857143     0.132544
    820   h1 0.666667       1   0.700 0.700000       1 0.800000 0.769231 0.769231 0.857143     0.132544
    821   h1 0.894737       1   0.800 0.952381       1 0.700000 0.769231 0.923077 0.857143     0.290430
    822   h1 1.000000       1   0.800 1.000000       1 0.650000 0.769231 0.923077 0.788018     0.290961
    823   h1 1.000000       1   0.800 1.000000       1 0.595455 0.769231 0.923077 0.785714     0.265765
    860   h1 0.795322       1   0.665 0.952381       1 1.000000 0.846154 0.769231 0.785714     0.257600
    861   h1 0.888889       1   0.700 1.000000       1 1.000000 0.846154 0.769231 0.785714     0.318212
    862   h1 0.888889       1   0.700 1.000000       1 1.000000 0.846154 0.769231 0.785714     0.318212
    863   h1 0.888889       1   0.700 1.000000       1 1.000000 0.846154 0.620879 0.785714     0.256842
    864   h1 0.596491       1   0.855 0.666667       1 0.700000 1.000000 0.769231 0.785714     0.143846
    865   h1 0.666667       1   0.900 0.700000       1 0.700000 1.000000 0.769231 0.785714     0.177692
    866   h1 0.666667       1   0.900 0.700000       1 0.700000 1.000000 0.769231 0.785714     0.177692
    867   h1 0.666667       1   0.900 0.700000       1 0.700000 1.000000 0.769231 0.785714     0.177692
    868   h1 0.842105       1   0.900 0.642857       1 0.677273 0.683761 0.846154 0.737327     0.140767
    869   h1 1.000000       1   1.000 0.700000       1 0.700000 0.769231 0.846154 0.785714     0.250592
    870   h1 1.000000       1   1.000 0.700000       1 0.700000 0.769231 0.769231 0.785714     0.227811
    871   h1 1.000000       1   1.000 0.676190       1 0.700000 0.769231 0.846154 0.767281     0.236389
    872   h1 0.596491       1   0.700 0.700000       1 0.700000 0.757835 0.923077 0.778802     0.111465
    873   h1 0.666667       1   0.700 0.700000       1 0.700000 0.769231 0.923077 0.785714     0.127574
    874   h1 0.666667       1   0.700 0.700000       1 0.700000 0.769231 0.923077 0.785714     0.127574
    875   h1 0.666667       1   0.700 0.700000       1 0.700000 0.769231 0.923077 0.785714     0.127574
    876   h1 0.695906       1   0.700 1.000000       1 1.000000 0.769231 1.000000 0.760369     0.284924
    877   h1 0.777778       1   0.700 1.000000       1 1.000000 0.769231 1.000000 0.785714     0.329060
    878   h1 0.777778       1   0.700 1.000000       1 1.000000 0.769231 1.000000 0.785714     0.329060
    879   h1 0.777778       1   0.700 1.000000       1 1.000000 0.769231 1.000000 0.785714     0.329060
    880   h1 0.894737       1   1.000 0.700000       1 0.700000 0.814815 0.846154 0.744240     0.224964
    881   h1 1.000000       1   1.000 0.700000       1 0.700000 0.846154 0.846154 0.785714     0.275651
    882   h1 1.000000       1   1.000 0.700000       1 0.700000 0.769231 0.846154 0.785714     0.250592
    883   h1 1.000000       1   1.000 0.700000       1 0.700000 0.769231 0.846154 0.767281     0.244713
    884   h1 0.479532       1   0.625 0.647619       1 0.618182 0.925926 0.747253 0.702765     0.058343
    885   h1 0.666667       1   0.700 0.800000       1 0.700000 1.000000 0.769231 0.785714     0.157949
    886   h1 0.666667       1   0.700 0.800000       1 0.700000 1.000000 0.769231 0.785714     0.157949
    887   h1 0.666667       1   0.700 0.800000       1 0.700000 1.000000 0.769231 0.785714     0.157949
    888   h1 0.947368       1   0.700 0.952381       1 0.600000 0.769231 0.769231 0.785714     0.176180
    889   h1 1.000000       1   0.700 1.000000       1 0.650000 0.769231 0.769231 0.788018     0.212159
    890   h1 1.000000       1   0.700 1.000000       1 0.695455 0.769231 0.769231 0.788018     0.226995
    891   h1 1.000000       1   0.700 1.000000       1 0.600000 0.769231 0.769231 0.785714     0.195266
    892   h1 0.695906       1   1.000 0.761905       1 1.000000 0.769231 0.769231 0.857143     0.268917
    893   h1 0.777778       1   1.000 0.800000       1 1.000000 0.769231 0.769231 0.857143     0.315582
    894   h1 0.777778       1   1.000 0.800000       1 1.000000 0.769231 0.769231 0.790323     0.290980
    895   h1 0.777778       1   1.000 0.900000       1 1.000000 0.555556 0.670330 0.714286     0.186203
    916   h1 0.894737       1   0.900 0.661905       1 0.800000 0.846154 0.769231 0.785714     0.218069
    917   h1 1.000000       1   0.900 0.700000       1 0.800000 0.846154 0.769231 0.785714     0.257751
    918   h1 1.000000       1   0.900 0.700000       1 0.800000 0.846154 0.769231 0.785714     0.257751
    919   h1 1.000000       1   0.900 0.700000       1 0.800000 0.846154 0.769231 0.785714     0.257751
    920   h1 1.000000       1   0.810 0.500000       1 0.800000 0.532764 0.376374 0.785714     0.051046
    921   h1 0.298246       1   0.510 0.904762       1 1.000000 0.307692 0.706044 0.619816     0.018531
    922   h1 0.631579       1   0.690 1.000000       1 1.000000 0.769231 0.769231 0.785714     0.202607
    923   h1 0.666667       1   0.700 1.000000       1 1.000000 0.769231 0.769231 0.785714     0.216963
    924   h1 0.666667       1   0.700 1.000000       1 1.000000 0.769231 0.769231 0.785714     0.216963
    925   h1 0.666667       1   0.650 0.714286       1 1.000000 0.740741 0.398352 0.764977     0.069868
    926   h1 0.894737       1   1.000 0.900000       1 1.000000 0.923077 0.620879 0.714286     0.329651
    927   h1 1.000000       1   1.000 0.900000       1 1.000000 0.923077 0.769231 0.714286     0.456467
    928   h1 1.000000       1   1.000 1.000000       1 1.000000 0.923077 0.769231 0.714286     0.507185
    929   h1 1.000000       1   1.000 1.000000       1 1.000000 0.923077 0.769231 0.781106     0.554631
    930   h1 1.000000       1   0.900 0.714286       1 1.000000 0.547009 0.500000 0.785714     0.138148
    931   h1 0.619883       1   0.800 0.700000       1 0.700000 0.769231 0.769231 0.785714     0.112973
    932   h1 0.666667       1   0.800 0.700000       1 0.700000 0.769231 0.769231 0.788018     0.121855
    933   h1 0.666667       1   0.800 0.700000       1 0.700000 0.769231 0.769231 0.854839     0.132188
    934   h1 0.666667       1   0.800 0.700000       1 0.700000 0.769231 0.769231 0.790323     0.122212
    935   h1 0.666667       1   0.720 0.500000       1 0.700000 0.455840 0.370879 0.721198     0.020484